GDC_Aliquot	Chromosome	Start	End	Num_Probes	Segment_Mean
3890221a-9701-41ba-8e20-6f5833cd9e3e	1	62920	5442662	2354	-0.0985
3890221a-9701-41ba-8e20-6f5833cd9e3e	1	5444949	16864367	6340	0.0001
3890221a-9701-41ba-8e20-6f5833cd9e3e	1	16868660	16958425	58	-0.5178
3890221a-9701-41ba-8e20-6f5833cd9e3e	1	16959715	23126249	4059	0.0091
3890221a-9701-41ba-8e20-6f5833cd9e3e	1	23126733	23126746	2	-2.646
3890221a-9701-41ba-8e20-6f5833cd9e3e	1	23129797	24924871	941	0.0315
3890221a-9701-41ba-8e20-6f5833cd9e3e	1	24934895	25097831	130	-0.1168
3890221a-9701-41ba-8e20-6f5833cd9e3e	1	25098398	25256850	117	0.0215
3890221a-9701-41ba-8e20-6f5833cd9e3e	1	25266637	25319693	21	-0.9098
3890221a-9701-41ba-8e20-6f5833cd9e3e	1	25320198	29685826	1906	0.0044
3890221a-9701-41ba-8e20-6f5833cd9e3e	1	29691418	30452713	635	-0.0734
3890221a-9701-41ba-8e20-6f5833cd9e3e	1	30452918	33452736	1494	0.0213
3890221a-9701-41ba-8e20-6f5833cd9e3e	1	33453626	43611889	6005	-0.0139
3890221a-9701-41ba-8e20-6f5833cd9e3e	1	43613714	48184359	2558	0.0273
3890221a-9701-41ba-8e20-6f5833cd9e3e	1	48185015	50243696	1099	-0.0865
3890221a-9701-41ba-8e20-6f5833cd9e3e	1	50243885	55647692	3141	-0.0063
3890221a-9701-41ba-8e20-6f5833cd9e3e	1	55648392	58205545	2100	-0.0681
3890221a-9701-41ba-8e20-6f5833cd9e3e	1	58205938	63344712	3668	0.0102
3890221a-9701-41ba-8e20-6f5833cd9e3e	1	63346598	64043353	473	-0.0943
3890221a-9701-41ba-8e20-6f5833cd9e3e	1	64043442	65708267	1312	-0.0059
3890221a-9701-41ba-8e20-6f5833cd9e3e	1	65708375	70722351	3365	-0.0405
3890221a-9701-41ba-8e20-6f5833cd9e3e	1	70723921	70777796	29	-0.0725
3890221a-9701-41ba-8e20-6f5833cd9e3e	1	70779147	70780985	5	-1.8595
3890221a-9701-41ba-8e20-6f5833cd9e3e	1	70785071	72303233	913	-0.1007
3890221a-9701-41ba-8e20-6f5833cd9e3e	1	72303253	72345465	45	0.4615
3890221a-9701-41ba-8e20-6f5833cd9e3e	1	72346221	77106135	3093	-0.1136
3890221a-9701-41ba-8e20-6f5833cd9e3e	1	77112046	79206853	1215	-0.0284
3890221a-9701-41ba-8e20-6f5833cd9e3e	1	79207316	83596502	2907	-0.1121
3890221a-9701-41ba-8e20-6f5833cd9e3e	1	83596751	86003852	1715	-0.0051
3890221a-9701-41ba-8e20-6f5833cd9e3e	1	86004137	91934880	3919	-0.0543
3890221a-9701-41ba-8e20-6f5833cd9e3e	1	91937761	95598865	2256	0.0074
3890221a-9701-41ba-8e20-6f5833cd9e3e	1	95599259	99471797	2326	-0.1168
3890221a-9701-41ba-8e20-6f5833cd9e3e	1	99472478	101258216	1097	-0.0296
3890221a-9701-41ba-8e20-6f5833cd9e3e	1	101260476	107549350	3860	-0.1054
3890221a-9701-41ba-8e20-6f5833cd9e3e	1	107549583	109679105	1181	-0.0048
3890221a-9701-41ba-8e20-6f5833cd9e3e	1	109684695	109697556	15	1.1466
3890221a-9701-41ba-8e20-6f5833cd9e3e	1	109702376	111561100	1461	-0.0471
3890221a-9701-41ba-8e20-6f5833cd9e3e	1	111565047	111565553	2	-1.3112
3890221a-9701-41ba-8e20-6f5833cd9e3e	1	111569430	112147704	486	-0.0509
3890221a-9701-41ba-8e20-6f5833cd9e3e	1	112153343	112154768	25	-0.4495
3890221a-9701-41ba-8e20-6f5833cd9e3e	1	112163334	143748012	5254	-0.0196
3890221a-9701-41ba-8e20-6f5833cd9e3e	1	143748074	143760271	20	0.6021
3890221a-9701-41ba-8e20-6f5833cd9e3e	1	143762042	152787202	2522	-0.0137
3890221a-9701-41ba-8e20-6f5833cd9e3e	1	152789447	152796224	37	-0.584
3890221a-9701-41ba-8e20-6f5833cd9e3e	1	152801429	174627835	14683	-0.0346
3890221a-9701-41ba-8e20-6f5833cd9e3e	1	174636938	177328851	1751	-0.111
3890221a-9701-41ba-8e20-6f5833cd9e3e	1	177329312	185205075	5376	-0.0244
3890221a-9701-41ba-8e20-6f5833cd9e3e	1	185205126	186065119	557	-0.0877
3890221a-9701-41ba-8e20-6f5833cd9e3e	1	186065832	192000023	3831	-0.1364
3890221a-9701-41ba-8e20-6f5833cd9e3e	1	192000853	194479104	1770	-0.0685
3890221a-9701-41ba-8e20-6f5833cd9e3e	1	194482281	194485888	2	1.7985
3890221a-9701-41ba-8e20-6f5833cd9e3e	1	194487886	196761905	1452	-0.1087
3890221a-9701-41ba-8e20-6f5833cd9e3e	1	196762480	196762956	2	-1.6044
3890221a-9701-41ba-8e20-6f5833cd9e3e	1	196769493	196832525	53	0.071
3890221a-9701-41ba-8e20-6f5833cd9e3e	1	196832720	196846661	4	0.7762
3890221a-9701-41ba-8e20-6f5833cd9e3e	1	196847600	200438458	2299	-0.1015
3890221a-9701-41ba-8e20-6f5833cd9e3e	1	200439054	208028870	4883	-0.0016
3890221a-9701-41ba-8e20-6f5833cd9e3e	1	208030137	210842595	2321	-0.0691
3890221a-9701-41ba-8e20-6f5833cd9e3e	1	210843076	215077859	2827	-0.0014
3890221a-9701-41ba-8e20-6f5833cd9e3e	1	215077884	223252506	5596	-0.0825
3890221a-9701-41ba-8e20-6f5833cd9e3e	1	223252951	236411447	8836	-0.0307
3890221a-9701-41ba-8e20-6f5833cd9e3e	1	236413723	238691981	1955	-0.0972
3890221a-9701-41ba-8e20-6f5833cd9e3e	1	238692338	238692794	3	-1.6524
3890221a-9701-41ba-8e20-6f5833cd9e3e	1	238699149	241890353	2514	-0.0668
3890221a-9701-41ba-8e20-6f5833cd9e3e	1	241890369	243611467	1106	-0.145
3890221a-9701-41ba-8e20-6f5833cd9e3e	1	243615505	244297269	487	-0.0942
3890221a-9701-41ba-8e20-6f5833cd9e3e	1	244297365	245380056	653	-0.0314
3890221a-9701-41ba-8e20-6f5833cd9e3e	1	245381707	245381842	2	-2.2176
3890221a-9701-41ba-8e20-6f5833cd9e3e	1	245383096	248546369	2099	-0.0535
3890221a-9701-41ba-8e20-6f5833cd9e3e	1	248550567	248633912	35	-0.9784
3890221a-9701-41ba-8e20-6f5833cd9e3e	1	248645563	248930189	140	-0.0605
3890221a-9701-41ba-8e20-6f5833cd9e3e	2	12784	295136	179	0.3277
3890221a-9701-41ba-8e20-6f5833cd9e3e	2	295255	296852	4	-0.6525
3890221a-9701-41ba-8e20-6f5833cd9e3e	2	300879	2327655	1330	0.2353
3890221a-9701-41ba-8e20-6f5833cd9e3e	2	2328424	3340487	839	-0.1254
3890221a-9701-41ba-8e20-6f5833cd9e3e	2	3340576	4345247	834	-0.0117
3890221a-9701-41ba-8e20-6f5833cd9e3e	2	4346850	8683447	3666	-0.1128
3890221a-9701-41ba-8e20-6f5833cd9e3e	2	8683682	11897098	2154	0.0213
3890221a-9701-41ba-8e20-6f5833cd9e3e	2	11897247	19373916	5611	-0.078
3890221a-9701-41ba-8e20-6f5833cd9e3e	2	19374723	20487297	836	0.0142
3890221a-9701-41ba-8e20-6f5833cd9e3e	2	20489772	23745732	2165	-0.0666
3890221a-9701-41ba-8e20-6f5833cd9e3e	2	23746504	27216883	1714	-0.0061
3890221a-9701-41ba-8e20-6f5833cd9e3e	2	27218434	27218632	3	-1.1273
3890221a-9701-41ba-8e20-6f5833cd9e3e	2	27219036	29215683	1102	0.007
3890221a-9701-41ba-8e20-6f5833cd9e3e	2	29215789	31381358	1713	-0.0878
3890221a-9701-41ba-8e20-6f5833cd9e3e	2	31381438	33567745	1200	-0.0033
3890221a-9701-41ba-8e20-6f5833cd9e3e	2	33570176	34295406	613	-0.1066
3890221a-9701-41ba-8e20-6f5833cd9e3e	2	34298911	34300513	2	-1.4771
3890221a-9701-41ba-8e20-6f5833cd9e3e	2	34300900	34492013	116	-0.1517
3890221a-9701-41ba-8e20-6f5833cd9e3e	2	34492045	34512096	26	-0.6533
3890221a-9701-41ba-8e20-6f5833cd9e3e	2	34512489	35137782	411	-0.1113
3890221a-9701-41ba-8e20-6f5833cd9e3e	2	35141235	39941735	3490	-0.0267
3890221a-9701-41ba-8e20-6f5833cd9e3e	2	39942110	40763522	713	-0.1076
3890221a-9701-41ba-8e20-6f5833cd9e3e	2	40763612	40764298	2	-1.7773
3890221a-9701-41ba-8e20-6f5833cd9e3e	2	40764666	41607319	643	-0.0375
3890221a-9701-41ba-8e20-6f5833cd9e3e	2	41607728	41991194	389	0.0298
3890221a-9701-41ba-8e20-6f5833cd9e3e	2	41991405	41991453	2	-1.5268
3890221a-9701-41ba-8e20-6f5833cd9e3e	2	41993953	48772643	4647	-0.0024
3890221a-9701-41ba-8e20-6f5833cd9e3e	2	48773058	52527330	2688	-0.1145
3890221a-9701-41ba-8e20-6f5833cd9e3e	2	52527342	52565690	44	-0.6449
3890221a-9701-41ba-8e20-6f5833cd9e3e	2	52565799	53810148	1006	-0.085
3890221a-9701-41ba-8e20-6f5833cd9e3e	2	53812428	55863104	1404	-0.0096
3890221a-9701-41ba-8e20-6f5833cd9e3e	2	55863202	60442359	3174	-0.101
3890221a-9701-41ba-8e20-6f5833cd9e3e	2	60442450	65078365	2426	-0.0285
3890221a-9701-41ba-8e20-6f5833cd9e3e	2	65078881	65099415	17	0.117
3890221a-9701-41ba-8e20-6f5833cd9e3e	2	65103535	67743069	1920	-0.6235
3890221a-9701-41ba-8e20-6f5833cd9e3e	2	67744715	67745282	2	-2.6638
3890221a-9701-41ba-8e20-6f5833cd9e3e	2	67746028	68259626	377	-0.6634
3890221a-9701-41ba-8e20-6f5833cd9e3e	2	68264862	73622057	3187	-0.0236
3890221a-9701-41ba-8e20-6f5833cd9e3e	2	73625410	73683836	31	0.4826
3890221a-9701-41ba-8e20-6f5833cd9e3e	2	73684244	75511628	1187	-0.0171
3890221a-9701-41ba-8e20-6f5833cd9e3e	2	75512323	83588482	5336	-0.0945
3890221a-9701-41ba-8e20-6f5833cd9e3e	2	83591467	89200985	2658	-0.0281
3890221a-9701-41ba-8e20-6f5833cd9e3e	2	89201676	90224032	143	-0.2029
3890221a-9701-41ba-8e20-6f5833cd9e3e	2	90228220	97359885	949	-0.0334
3890221a-9701-41ba-8e20-6f5833cd9e3e	2	97524284	97545247	8	-0.9144
3890221a-9701-41ba-8e20-6f5833cd9e3e	2	97545726	106258193	5559	-0.0462
3890221a-9701-41ba-8e20-6f5833cd9e3e	2	106258266	106270952	15	-0.8895
3890221a-9701-41ba-8e20-6f5833cd9e3e	2	106271414	114963656	4620	-0.0335
3890221a-9701-41ba-8e20-6f5833cd9e3e	2	114964343	117465774	1501	-0.1191
3890221a-9701-41ba-8e20-6f5833cd9e3e	2	117466188	117468375	4	-1.2245
3890221a-9701-41ba-8e20-6f5833cd9e3e	2	117470941	118927854	1031	-0.0911
3890221a-9701-41ba-8e20-6f5833cd9e3e	2	118930316	122490758	2152	-0.0249
3890221a-9701-41ba-8e20-6f5833cd9e3e	2	122491174	126800904	2817	-0.108
3890221a-9701-41ba-8e20-6f5833cd9e3e	2	126801127	127099470	209	-0.0215
3890221a-9701-41ba-8e20-6f5833cd9e3e	2	127100187	127100370	2	-1.4284
3890221a-9701-41ba-8e20-6f5833cd9e3e	2	127101070	128993831	1118	-0.0204
3890221a-9701-41ba-8e20-6f5833cd9e3e	2	128993920	142798273	8427	-0.0969
3890221a-9701-41ba-8e20-6f5833cd9e3e	2	142798286	145989428	1837	-0.1704
3890221a-9701-41ba-8e20-6f5833cd9e3e	2	145990393	146106875	61	-0.1061
3890221a-9701-41ba-8e20-6f5833cd9e3e	2	146106889	146109366	21	0.4315
3890221a-9701-41ba-8e20-6f5833cd9e3e	2	146120238	155614580	5770	-0.087
3890221a-9701-41ba-8e20-6f5833cd9e3e	2	155615988	160208074	2744	-0.028
3890221a-9701-41ba-8e20-6f5833cd9e3e	2	160212904	167883906	4414	-0.0652
3890221a-9701-41ba-8e20-6f5833cd9e3e	2	167884538	171827604	2597	-0.018
3890221a-9701-41ba-8e20-6f5833cd9e3e	2	171827893	173681943	1324	0.031
3890221a-9701-41ba-8e20-6f5833cd9e3e	2	173685778	179087466	3329	-0.053
3890221a-9701-41ba-8e20-6f5833cd9e3e	2	179088311	179098548	5	-1.2229
3890221a-9701-41ba-8e20-6f5833cd9e3e	2	179100750	188835030	5789	-0.0641
3890221a-9701-41ba-8e20-6f5833cd9e3e	2	188835394	191619252	1683	-0.0042
3890221a-9701-41ba-8e20-6f5833cd9e3e	2	191620033	198082793	3530	-0.07
3890221a-9701-41ba-8e20-6f5833cd9e3e	2	198089944	203866178	3234	0.003
3890221a-9701-41ba-8e20-6f5833cd9e3e	2	203866796	207490231	2478	-0.0418
3890221a-9701-41ba-8e20-6f5833cd9e3e	2	207490454	207494612	16	-1.233
3890221a-9701-41ba-8e20-6f5833cd9e3e	2	207494752	208957317	921	0.0004
3890221a-9701-41ba-8e20-6f5833cd9e3e	2	208957401	212316597	2113	-0.1195
3890221a-9701-41ba-8e20-6f5833cd9e3e	2	212321824	212327101	25	-1.0648
3890221a-9701-41ba-8e20-6f5833cd9e3e	2	212327402	215711820	2183	-0.0967
3890221a-9701-41ba-8e20-6f5833cd9e3e	2	215712509	220318181	2915	-0.0229
3890221a-9701-41ba-8e20-6f5833cd9e3e	2	220318790	227160293	4594	-0.0667
3890221a-9701-41ba-8e20-6f5833cd9e3e	2	227162718	228267837	727	0.0155
3890221a-9701-41ba-8e20-6f5833cd9e3e	2	228267982	230538382	1433	-0.0831
3890221a-9701-41ba-8e20-6f5833cd9e3e	2	230539243	238829052	5360	-0.0245
3890221a-9701-41ba-8e20-6f5833cd9e3e	2	238829320	239001872	72	-0.0715
3890221a-9701-41ba-8e20-6f5833cd9e3e	2	239004350	239504542	303	-0.1872
3890221a-9701-41ba-8e20-6f5833cd9e3e	2	239504720	242147305	1403	-0.0593
3890221a-9701-41ba-8e20-6f5833cd9e3e	3	20930	182919	154	0.1849
3890221a-9701-41ba-8e20-6f5833cd9e3e	3	188339	191117	4	-2.8995
3890221a-9701-41ba-8e20-6f5833cd9e3e	3	193194	4234458	3651	0.2424
3890221a-9701-41ba-8e20-6f5833cd9e3e	3	4235682	5548765	1064	0.3361
3890221a-9701-41ba-8e20-6f5833cd9e3e	3	5550268	7045315	1314	0.2592
3890221a-9701-41ba-8e20-6f5833cd9e3e	3	7049651	7049814	2	-2.4161
3890221a-9701-41ba-8e20-6f5833cd9e3e	3	7049982	8052054	925	0.26
3890221a-9701-41ba-8e20-6f5833cd9e3e	3	8053587	10588096	1861	0.3514
3890221a-9701-41ba-8e20-6f5833cd9e3e	3	10590621	10590627	2	-0.8351
3890221a-9701-41ba-8e20-6f5833cd9e3e	3	10590994	16144081	3856	0.3576
3890221a-9701-41ba-8e20-6f5833cd9e3e	3	16144358	21731222	3426	0.2629
3890221a-9701-41ba-8e20-6f5833cd9e3e	3	21735667	21799643	99	0.7853
3890221a-9701-41ba-8e20-6f5833cd9e3e	3	21799955	23332584	1136	0.215
3890221a-9701-41ba-8e20-6f5833cd9e3e	3	23333068	26058954	2163	0.2889
3890221a-9701-41ba-8e20-6f5833cd9e3e	3	26059153	26384700	208	0.227
3890221a-9701-41ba-8e20-6f5833cd9e3e	3	26392633	26397852	5	-0.7023
3890221a-9701-41ba-8e20-6f5833cd9e3e	3	26404482	29898015	2424	0.2753
3890221a-9701-41ba-8e20-6f5833cd9e3e	3	29898180	34851302	3213	0.3433
3890221a-9701-41ba-8e20-6f5833cd9e3e	3	34853010	36606876	1232	0.2737
3890221a-9701-41ba-8e20-6f5833cd9e3e	3	36608437	37019323	290	0.3308
3890221a-9701-41ba-8e20-6f5833cd9e3e	3	37021363	54220102	9496	0.3582
3890221a-9701-41ba-8e20-6f5833cd9e3e	3	54220231	56457266	1776	0.2816
3890221a-9701-41ba-8e20-6f5833cd9e3e	3	56466107	59303414	1556	0.3778
3890221a-9701-41ba-8e20-6f5833cd9e3e	3	59304511	65202778	5417	0.3184
3890221a-9701-41ba-8e20-6f5833cd9e3e	3	65203560	65224777	52	-0.3818
3890221a-9701-41ba-8e20-6f5833cd9e3e	3	65230674	67072462	1328	0.3507
3890221a-9701-41ba-8e20-6f5833cd9e3e	3	67075913	72758057	4194	0.2812
3890221a-9701-41ba-8e20-6f5833cd9e3e	3	72767304	74016369	960	0.3564
3890221a-9701-41ba-8e20-6f5833cd9e3e	3	74016863	74286134	183	0.2911
3890221a-9701-41ba-8e20-6f5833cd9e3e	3	74289602	98180575	11061	0.2411
3890221a-9701-41ba-8e20-6f5833cd9e3e	3	98189826	98195973	4	-1.0423
3890221a-9701-41ba-8e20-6f5833cd9e3e	3	98197104	98926207	404	0.2266
3890221a-9701-41ba-8e20-6f5833cd9e3e	3	98929750	102411276	1997	0.3006
3890221a-9701-41ba-8e20-6f5833cd9e3e	3	102413763	103248705	459	0.218
3890221a-9701-41ba-8e20-6f5833cd9e3e	3	103248960	103273767	20	-0.143
3890221a-9701-41ba-8e20-6f5833cd9e3e	3	103273801	107327535	2518	0.2552
3890221a-9701-41ba-8e20-6f5833cd9e3e	3	107327539	117399998	6424	0.2882
3890221a-9701-41ba-8e20-6f5833cd9e3e	3	117402415	118986944	1043	0.2396
3890221a-9701-41ba-8e20-6f5833cd9e3e	3	118987317	123207709	2373	0.3081
3890221a-9701-41ba-8e20-6f5833cd9e3e	3	123208027	125683788	1607	0.3857
3890221a-9701-41ba-8e20-6f5833cd9e3e	3	125685089	130039375	2474	0.3195
3890221a-9701-41ba-8e20-6f5833cd9e3e	3	130041779	130087393	40	0.0317
3890221a-9701-41ba-8e20-6f5833cd9e3e	3	130088081	133345463	2150	0.2947
3890221a-9701-41ba-8e20-6f5833cd9e3e	3	133348369	134646047	776	0.3785
3890221a-9701-41ba-8e20-6f5833cd9e3e	3	134647578	141036858	3897	0.3087
3890221a-9701-41ba-8e20-6f5833cd9e3e	3	141037417	142886327	974	0.3768
3890221a-9701-41ba-8e20-6f5833cd9e3e	3	142893656	143244078	306	0.3303
3890221a-9701-41ba-8e20-6f5833cd9e3e	3	143244725	145654951	1580	0.2434
3890221a-9701-41ba-8e20-6f5833cd9e3e	3	145658736	148515504	1702	0.28
3890221a-9701-41ba-8e20-6f5833cd9e3e	3	148515789	151032660	1625	0.3343
3890221a-9701-41ba-8e20-6f5833cd9e3e	3	151033012	161863808	6629	0.2903
3890221a-9701-41ba-8e20-6f5833cd9e3e	3	161863834	162794951	611	0.2272
3890221a-9701-41ba-8e20-6f5833cd9e3e	3	162795304	162807070	10	0.9305
3890221a-9701-41ba-8e20-6f5833cd9e3e	3	162810842	162822702	10	-0.5954
3890221a-9701-41ba-8e20-6f5833cd9e3e	3	162827928	162906109	46	0.6662
3890221a-9701-41ba-8e20-6f5833cd9e3e	3	162908192	162996729	74	0.1993
3890221a-9701-41ba-8e20-6f5833cd9e3e	3	162999939	163001774	2	-2.0523
3890221a-9701-41ba-8e20-6f5833cd9e3e	3	163008371	167884604	2681	0.2526
3890221a-9701-41ba-8e20-6f5833cd9e3e	3	167884889	173021784	3281	0.3577
3890221a-9701-41ba-8e20-6f5833cd9e3e	3	173025816	176642567	2435	0.3015
3890221a-9701-41ba-8e20-6f5833cd9e3e	3	176648561	178320510	1006	0.3498
3890221a-9701-41ba-8e20-6f5833cd9e3e	3	178325020	182037985	2176	0.2475
3890221a-9701-41ba-8e20-6f5833cd9e3e	3	182045212	190832883	5898	0.3358
3890221a-9701-41ba-8e20-6f5833cd9e3e	3	190832904	192926426	1448	0.259
3890221a-9701-41ba-8e20-6f5833cd9e3e	3	192926482	193160256	152	0.3534
3890221a-9701-41ba-8e20-6f5833cd9e3e	3	193160406	193165114	17	-1.0133
3890221a-9701-41ba-8e20-6f5833cd9e3e	3	193168646	195695420	1490	0.3788
3890221a-9701-41ba-8e20-6f5833cd9e3e	3	195695422	195720051	17	1.1055
3890221a-9701-41ba-8e20-6f5833cd9e3e	3	195728637	198111566	1167	0.3896
3890221a-9701-41ba-8e20-6f5833cd9e3e	3	198118345	198122834	9	-0.4552
3890221a-9701-41ba-8e20-6f5833cd9e3e	3	198124354	198169247	8	0.3051
3890221a-9701-41ba-8e20-6f5833cd9e3e	4	68929	5315008	2525	-0.0646
3890221a-9701-41ba-8e20-6f5833cd9e3e	4	5318059	5319207	2	-2.8694
3890221a-9701-41ba-8e20-6f5833cd9e3e	4	5321568	10208766	3169	-0.0625
3890221a-9701-41ba-8e20-6f5833cd9e3e	4	10221792	10233644	35	0.3776
3890221a-9701-41ba-8e20-6f5833cd9e3e	4	10234518	10389091	170	-0.0952
3890221a-9701-41ba-8e20-6f5833cd9e3e	4	10390730	10399044	16	-1.1056
3890221a-9701-41ba-8e20-6f5833cd9e3e	4	10401094	12611378	1789	-0.0625
3890221a-9701-41ba-8e20-6f5833cd9e3e	4	12611543	15027817	1882	-0.1239
3890221a-9701-41ba-8e20-6f5833cd9e3e	4	15028497	15720950	458	-0.0608
3890221a-9701-41ba-8e20-6f5833cd9e3e	4	15721332	16771596	812	0.0115
3890221a-9701-41ba-8e20-6f5833cd9e3e	4	16771700	22187138	3719	-0.0983
3890221a-9701-41ba-8e20-6f5833cd9e3e	4	22187551	26287196	2866	-0.0437
3890221a-9701-41ba-8e20-6f5833cd9e3e	4	26290363	26293154	3	-1.7566
3890221a-9701-41ba-8e20-6f5833cd9e3e	4	26293552	28322982	1280	-0.0851
3890221a-9701-41ba-8e20-6f5833cd9e3e	4	28323293	34738257	3928	-0.1366
3890221a-9701-41ba-8e20-6f5833cd9e3e	4	34742962	34777353	26	-0.07
3890221a-9701-41ba-8e20-6f5833cd9e3e	4	34777382	34828306	45	0.394
3890221a-9701-41ba-8e20-6f5833cd9e3e	4	34828327	37098821	1510	-0.098
3890221a-9701-41ba-8e20-6f5833cd9e3e	4	37099067	41739165	3093	-0.0058
3890221a-9701-41ba-8e20-6f5833cd9e3e	4	41741709	43361574	1061	-0.1071
3890221a-9701-41ba-8e20-6f5833cd9e3e	4	43361856	43365738	3	-2.143
3890221a-9701-41ba-8e20-6f5833cd9e3e	4	43365915	46579157	1788	-0.1419
3890221a-9701-41ba-8e20-6f5833cd9e3e	4	46583840	47898452	738	-0.0722
3890221a-9701-41ba-8e20-6f5833cd9e3e	4	47900014	48931593	669	0.032
3890221a-9701-41ba-8e20-6f5833cd9e3e	4	48934804	57206570	3640	-0.0647
3890221a-9701-41ba-8e20-6f5833cd9e3e	4	57206976	68509442	6910	-0.125
3890221a-9701-41ba-8e20-6f5833cd9e3e	4	68509630	71166749	1494	-0.0316
3890221a-9701-41ba-8e20-6f5833cd9e3e	4	71166776	73425252	1315	-0.0885
3890221a-9701-41ba-8e20-6f5833cd9e3e	4	73426328	77252366	2528	0.0079
3890221a-9701-41ba-8e20-6f5833cd9e3e	4	77256023	95148118	10851	-0.0683
3890221a-9701-41ba-8e20-6f5833cd9e3e	4	95149229	98083100	1800	-0.1366
3890221a-9701-41ba-8e20-6f5833cd9e3e	4	98086981	99715655	959	-0.0333
3890221a-9701-41ba-8e20-6f5833cd9e3e	4	99715845	101646487	1173	-0.1126
3890221a-9701-41ba-8e20-6f5833cd9e3e	4	101646555	105609646	2344	-0.047
3890221a-9701-41ba-8e20-6f5833cd9e3e	4	105610587	105610601	2	-1.6996
3890221a-9701-41ba-8e20-6f5833cd9e3e	4	105610781	115395194	5992	-0.0507
3890221a-9701-41ba-8e20-6f5833cd9e3e	4	115396746	127175316	7040	-0.0938
3890221a-9701-41ba-8e20-6f5833cd9e3e	4	127176068	129012825	892	-0.0359
3890221a-9701-41ba-8e20-6f5833cd9e3e	4	129014881	137780239	5039	-0.1323
3890221a-9701-41ba-8e20-6f5833cd9e3e	4	137783333	149863030	7282	-0.0618
3890221a-9701-41ba-8e20-6f5833cd9e3e	4	149863195	151667977	926	0.0072
3890221a-9701-41ba-8e20-6f5833cd9e3e	4	151668287	151868634	146	-0.0816
3890221a-9701-41ba-8e20-6f5833cd9e3e	4	151870381	151871415	12	-1.4719
3890221a-9701-41ba-8e20-6f5833cd9e3e	4	151871739	151873707	4	0.9424
3890221a-9701-41ba-8e20-6f5833cd9e3e	4	151874236	154607418	1764	-0.0405
3890221a-9701-41ba-8e20-6f5833cd9e3e	4	154610103	157351225	1830	-0.1126
3890221a-9701-41ba-8e20-6f5833cd9e3e	4	157351480	160149115	1668	-0.0282
3890221a-9701-41ba-8e20-6f5833cd9e3e	4	160149352	160952454	587	-0.1169
3890221a-9701-41ba-8e20-6f5833cd9e3e	4	160952506	160958866	10	0.11
3890221a-9701-41ba-8e20-6f5833cd9e3e	4	160958972	160963448	19	-0.7377
3890221a-9701-41ba-8e20-6f5833cd9e3e	4	160963756	161087245	103	-0.0031
3890221a-9701-41ba-8e20-6f5833cd9e3e	4	161087453	167601911	4054	-0.1074
3890221a-9701-41ba-8e20-6f5833cd9e3e	4	167602283	169922993	1528	-0.0403
3890221a-9701-41ba-8e20-6f5833cd9e3e	4	169923329	169925890	4	-1.4558
3890221a-9701-41ba-8e20-6f5833cd9e3e	4	169926381	171448195	966	-0.1108
3890221a-9701-41ba-8e20-6f5833cd9e3e	4	171453733	171456293	8	1.6022
3890221a-9701-41ba-8e20-6f5833cd9e3e	4	171456307	172066706	400	-0.1099
3890221a-9701-41ba-8e20-6f5833cd9e3e	4	172066777	172068382	13	0.5119
3890221a-9701-41ba-8e20-6f5833cd9e3e	4	172074828	172401068	171	-0.1365
3890221a-9701-41ba-8e20-6f5833cd9e3e	4	172401112	173412629	523	-0.0389
3890221a-9701-41ba-8e20-6f5833cd9e3e	4	173412976	182963590	6636	-0.1298
3890221a-9701-41ba-8e20-6f5833cd9e3e	4	182968150	186249207	2206	-0.0464
3890221a-9701-41ba-8e20-6f5833cd9e3e	4	186249391	187186870	704	0.0411
3890221a-9701-41ba-8e20-6f5833cd9e3e	4	187187342	187920618	431	-0.0518
3890221a-9701-41ba-8e20-6f5833cd9e3e	4	187920874	190106768	1376	-0.1585
3890221a-9701-41ba-8e20-6f5833cd9e3e	5	15532	732788	321	0.9722
3890221a-9701-41ba-8e20-6f5833cd9e3e	5	733497	818426	20	0.5187
3890221a-9701-41ba-8e20-6f5833cd9e3e	5	818640	3024418	1601	0.9478
3890221a-9701-41ba-8e20-6f5833cd9e3e	5	3024493	4811746	1614	0.8651
3890221a-9701-41ba-8e20-6f5833cd9e3e	5	4815094	7167599	2148	0.9308
3890221a-9701-41ba-8e20-6f5833cd9e3e	5	7167679	7202522	36	0.5174
3890221a-9701-41ba-8e20-6f5833cd9e3e	5	7202707	8842835	1319	0.9269
3890221a-9701-41ba-8e20-6f5833cd9e3e	5	8842852	10558829	1480	1.0207
3890221a-9701-41ba-8e20-6f5833cd9e3e	5	10560981	12800777	1640	0.9196
3890221a-9701-41ba-8e20-6f5833cd9e3e	5	12815668	12838421	14	-1.0473
3890221a-9701-41ba-8e20-6f5833cd9e3e	5	12849089	13560359	387	0.863
3890221a-9701-41ba-8e20-6f5833cd9e3e	5	13564624	15331291	1355	1.0596
3890221a-9701-41ba-8e20-6f5833cd9e3e	5	15332460	15332597	6	0.2075
3890221a-9701-41ba-8e20-6f5833cd9e3e	5	15332903	15621817	147	1.0458
3890221a-9701-41ba-8e20-6f5833cd9e3e	5	15621966	15719241	77	0.8737
3890221a-9701-41ba-8e20-6f5833cd9e3e	5	15719966	15720488	9	-5.152
3890221a-9701-41ba-8e20-6f5833cd9e3e	5	15723237	18024691	1463	0.9889
3890221a-9701-41ba-8e20-6f5833cd9e3e	5	18024899	18031231	4	0.4837
3890221a-9701-41ba-8e20-6f5833cd9e3e	5	18034649	21296750	1975	0.8693
3890221a-9701-41ba-8e20-6f5833cd9e3e	5	21301987	21376735	37	0.6262
3890221a-9701-41ba-8e20-6f5833cd9e3e	5	21377730	21377744	2	2.4809
3890221a-9701-41ba-8e20-6f5833cd9e3e	5	21385957	30929542	5617	0.8638
3890221a-9701-41ba-8e20-6f5833cd9e3e	5	30930864	31392557	424	0.9484
3890221a-9701-41ba-8e20-6f5833cd9e3e	5	31392914	32892023	1074	1.0077
3890221a-9701-41ba-8e20-6f5833cd9e3e	5	32892939	46209197	7864	0.9359
3890221a-9701-41ba-8e20-6f5833cd9e3e	5	46209780	50168472	45	0.5186
3890221a-9701-41ba-8e20-6f5833cd9e3e	5	50174160	52608986	1277	0.8906
3890221a-9701-41ba-8e20-6f5833cd9e3e	5	52616457	52732960	87	-0.1541
3890221a-9701-41ba-8e20-6f5833cd9e3e	5	52736973	53181692	393	1.0002
3890221a-9701-41ba-8e20-6f5833cd9e3e	5	53181760	53981978	497	-0.1888
3890221a-9701-41ba-8e20-6f5833cd9e3e	5	53982634	53991600	11	0.1577
3890221a-9701-41ba-8e20-6f5833cd9e3e	5	53992371	54173278	141	0.9366
3890221a-9701-41ba-8e20-6f5833cd9e3e	5	54176326	54533698	251	-0.2103
3890221a-9701-41ba-8e20-6f5833cd9e3e	5	54535728	56332540	1148	0.9382
3890221a-9701-41ba-8e20-6f5833cd9e3e	5	56339633	61532446	3560	-0.1642
3890221a-9701-41ba-8e20-6f5833cd9e3e	5	61537371	62551246	687	0.991
3890221a-9701-41ba-8e20-6f5833cd9e3e	5	62551563	72727381	5175	-0.1546
3890221a-9701-41ba-8e20-6f5833cd9e3e	5	72727590	76144597	2277	-0.1083
3890221a-9701-41ba-8e20-6f5833cd9e3e	5	76147403	81088512	3175	-0.1512
3890221a-9701-41ba-8e20-6f5833cd9e3e	5	81089153	82122944	584	-0.2029
3890221a-9701-41ba-8e20-6f5833cd9e3e	5	82123459	82131663	3	-2.5329
3890221a-9701-41ba-8e20-6f5833cd9e3e	5	82132219	86819561	2744	-0.2193
3890221a-9701-41ba-8e20-6f5833cd9e3e	5	86820504	86823329	2	-2.98
3890221a-9701-41ba-8e20-6f5833cd9e3e	5	86825812	88103601	636	-0.1513
3890221a-9701-41ba-8e20-6f5833cd9e3e	5	88107435	90485374	1246	-0.2468
3890221a-9701-41ba-8e20-6f5833cd9e3e	5	90486864	92026831	894	-0.1264
3890221a-9701-41ba-8e20-6f5833cd9e3e	5	92026962	95318169	1702	-0.2146
3890221a-9701-41ba-8e20-6f5833cd9e3e	5	95318293	99875881	2677	-0.1231
3890221a-9701-41ba-8e20-6f5833cd9e3e	5	99876607	121650375	14405	-0.2026
3890221a-9701-41ba-8e20-6f5833cd9e3e	5	121650726	128827105	4618	-0.1427
3890221a-9701-41ba-8e20-6f5833cd9e3e	5	128830327	129205359	225	-0.2579
3890221a-9701-41ba-8e20-6f5833cd9e3e	5	129212427	136951245	4638	-0.1337
3890221a-9701-41ba-8e20-6f5833cd9e3e	5	136951589	137462752	446	-0.2168
3890221a-9701-41ba-8e20-6f5833cd9e3e	5	137463061	143102294	2961	-0.127
3890221a-9701-41ba-8e20-6f5833cd9e3e	5	143102746	144483466	948	-0.2046
3890221a-9701-41ba-8e20-6f5833cd9e3e	5	144490176	145470848	614	-0.129
3890221a-9701-41ba-8e20-6f5833cd9e3e	5	145474266	145981936	319	-0.0268
3890221a-9701-41ba-8e20-6f5833cd9e3e	5	145982054	151007931	3373	-0.1542
3890221a-9701-41ba-8e20-6f5833cd9e3e	5	151008158	152134610	866	-0.1854
3890221a-9701-41ba-8e20-6f5833cd9e3e	5	152135825	152138790	14	-1.2309
3890221a-9701-41ba-8e20-6f5833cd9e3e	5	152140710	162111479	6748	-0.1815
3890221a-9701-41ba-8e20-6f5833cd9e3e	5	162111603	165946774	2413	-0.2289
3890221a-9701-41ba-8e20-6f5833cd9e3e	5	165947687	169642337	2839	-0.1711
3890221a-9701-41ba-8e20-6f5833cd9e3e	5	169642810	170696544	937	-0.2645
3890221a-9701-41ba-8e20-6f5833cd9e3e	5	170696630	181363319	6488	-0.1501
3890221a-9701-41ba-8e20-6f5833cd9e3e	6	149661	294837	124	0.2803
3890221a-9701-41ba-8e20-6f5833cd9e3e	6	302306	380821	77	0.8407
3890221a-9701-41ba-8e20-6f5833cd9e3e	6	381149	506231	107	0.1244
3890221a-9701-41ba-8e20-6f5833cd9e3e	6	506794	4187520	3001	0.3445
3890221a-9701-41ba-8e20-6f5833cd9e3e	6	4187537	6271953	1768	0.2975
3890221a-9701-41ba-8e20-6f5833cd9e3e	6	6273851	8091292	1522	0.3497
3890221a-9701-41ba-8e20-6f5833cd9e3e	6	8091516	25986757	13190	0.286
3890221a-9701-41ba-8e20-6f5833cd9e3e	6	25995851	29319322	1487	0.2074
3890221a-9701-41ba-8e20-6f5833cd9e3e	6	29319512	29869295	352	0.3021
3890221a-9701-41ba-8e20-6f5833cd9e3e	6	29869410	29881490	16	-0.7369
3890221a-9701-41ba-8e20-6f5833cd9e3e	6	29882419	31313046	661	0.3301
3890221a-9701-41ba-8e20-6f5833cd9e3e	6	31318499	31328176	8	-1.2617
3890221a-9701-41ba-8e20-6f5833cd9e3e	6	31328210	32463515	500	0.285
3890221a-9701-41ba-8e20-6f5833cd9e3e	6	32463775	32602588	34	2.0486
3890221a-9701-41ba-8e20-6f5833cd9e3e	6	32605994	32722250	76	0.6254
3890221a-9701-41ba-8e20-6f5833cd9e3e	6	32723020	32723053	3	2.6847
3890221a-9701-41ba-8e20-6f5833cd9e3e	6	32732907	38010530	3128	0.3363
3890221a-9701-41ba-8e20-6f5833cd9e3e	6	38017249	41651023	2730	-0.0685
3890221a-9701-41ba-8e20-6f5833cd9e3e	6	41651312	41651509	2	-1.9216
3890221a-9701-41ba-8e20-6f5833cd9e3e	6	41651951	43355542	909	-0.0507
3890221a-9701-41ba-8e20-6f5833cd9e3e	6	43358055	43360012	5	-1.1999
3890221a-9701-41ba-8e20-6f5833cd9e3e	6	43360087	44546870	668	-0.0222
3890221a-9701-41ba-8e20-6f5833cd9e3e	6	44547045	46010499	974	-0.0916
3890221a-9701-41ba-8e20-6f5833cd9e3e	6	46012820	48380388	1580	-0.0169
3890221a-9701-41ba-8e20-6f5833cd9e3e	6	48380767	51440073	1736	-0.106
3890221a-9701-41ba-8e20-6f5833cd9e3e	6	51449006	54066353	1910	-0.0464
3890221a-9701-41ba-8e20-6f5833cd9e3e	6	54066432	54067057	6	-1.2068
3890221a-9701-41ba-8e20-6f5833cd9e3e	6	54070550	57912021	2014	-0.0698
3890221a-9701-41ba-8e20-6f5833cd9e3e	6	57920571	65000836	2448	-0.1166
3890221a-9701-41ba-8e20-6f5833cd9e3e	6	65001506	65003899	3	-1.5461
3890221a-9701-41ba-8e20-6f5833cd9e3e	6	65007491	70029754	3379	-0.1457
3890221a-9701-41ba-8e20-6f5833cd9e3e	6	70029896	71137746	733	-0.0509
3890221a-9701-41ba-8e20-6f5833cd9e3e	6	71137919	73244876	1431	-0.1506
3890221a-9701-41ba-8e20-6f5833cd9e3e	6	73248133	89464868	10196	-0.0886
3890221a-9701-41ba-8e20-6f5833cd9e3e	6	89472894	103253188	8463	-0.1477
3890221a-9701-41ba-8e20-6f5833cd9e3e	6	103255102	103286299	28	-0.0528
3890221a-9701-41ba-8e20-6f5833cd9e3e	6	103286770	103314186	51	0.3171
3890221a-9701-41ba-8e20-6f5833cd9e3e	6	103317795	106183905	1824	-0.1114
3890221a-9701-41ba-8e20-6f5833cd9e3e	6	106183985	111451592	3184	-0.0418
3890221a-9701-41ba-8e20-6f5833cd9e3e	6	111454068	129371562	10858	-0.1082
3890221a-9701-41ba-8e20-6f5833cd9e3e	6	129378323	129378672	3	-1.8516
3890221a-9701-41ba-8e20-6f5833cd9e3e	6	129379853	130989188	1168	-0.0939
3890221a-9701-41ba-8e20-6f5833cd9e3e	6	130991589	131127388	79	-1.3537
3890221a-9701-41ba-8e20-6f5833cd9e3e	6	131127692	134752665	2495	-0.0927
3890221a-9701-41ba-8e20-6f5833cd9e3e	6	134752803	137283976	1736	-0.0328
3890221a-9701-41ba-8e20-6f5833cd9e3e	6	137284490	137284512	2	-1.2997
3890221a-9701-41ba-8e20-6f5833cd9e3e	6	137284922	139061913	1253	-0.0438
3890221a-9701-41ba-8e20-6f5833cd9e3e	6	139064890	149120403	6358	-0.1032
3890221a-9701-41ba-8e20-6f5833cd9e3e	6	149122315	151296050	1498	-0.0354
3890221a-9701-41ba-8e20-6f5833cd9e3e	6	151299153	151974861	492	-0.0951
3890221a-9701-41ba-8e20-6f5833cd9e3e	6	151974886	153994453	1520	-0.1532
3890221a-9701-41ba-8e20-6f5833cd9e3e	6	153995139	156650767	1910	-0.0995
3890221a-9701-41ba-8e20-6f5833cd9e3e	6	156650983	160938526	2689	-0.0588
3890221a-9701-41ba-8e20-6f5833cd9e3e	6	160938740	161566018	484	-0.1455
3890221a-9701-41ba-8e20-6f5833cd9e3e	6	161567735	162080783	511	-0.1972
3890221a-9701-41ba-8e20-6f5833cd9e3e	6	162082685	162382425	238	-0.4261
3890221a-9701-41ba-8e20-6f5833cd9e3e	6	162383913	165047191	1999	-0.2045
3890221a-9701-41ba-8e20-6f5833cd9e3e	6	165051246	170598071	3784	-0.1167
3890221a-9701-41ba-8e20-6f5833cd9e3e	6	170599922	170741917	6	0.4388
3890221a-9701-41ba-8e20-6f5833cd9e3e	7	43355	5916628	3064	0.6297
3890221a-9701-41ba-8e20-6f5833cd9e3e	7	5925822	5964274	7	-0.7032
3890221a-9701-41ba-8e20-6f5833cd9e3e	7	5986976	9027129	2236	0.6549
3890221a-9701-41ba-8e20-6f5833cd9e3e	7	9027190	11988346	2354	0.559
3890221a-9701-41ba-8e20-6f5833cd9e3e	7	11991918	13094232	834	0.6465
3890221a-9701-41ba-8e20-6f5833cd9e3e	7	13095349	15392007	1877	0.5578
3890221a-9701-41ba-8e20-6f5833cd9e3e	7	15392045	15393664	2	-1.2588
3890221a-9701-41ba-8e20-6f5833cd9e3e	7	15394440	16132634	613	0.5839
3890221a-9701-41ba-8e20-6f5833cd9e3e	7	16137216	16689470	441	0.6371
3890221a-9701-41ba-8e20-6f5833cd9e3e	7	16691567	16691806	3	-1.3945
3890221a-9701-41ba-8e20-6f5833cd9e3e	7	16695961	17729106	861	0.6941
3890221a-9701-41ba-8e20-6f5833cd9e3e	7	17730291	22395161	3755	0.6002
3890221a-9701-41ba-8e20-6f5833cd9e3e	7	22395853	22396868	2	2.1201
3890221a-9701-41ba-8e20-6f5833cd9e3e	7	22399135	23995508	1073	0.606
3890221a-9701-41ba-8e20-6f5833cd9e3e	7	24000259	24000764	2	2.3027
3890221a-9701-41ba-8e20-6f5833cd9e3e	7	24001198	25170840	962	0.6068
3890221a-9701-41ba-8e20-6f5833cd9e3e	7	25170951	27967987	1941	0.6731
3890221a-9701-41ba-8e20-6f5833cd9e3e	7	27968423	28649121	549	0.6083
3890221a-9701-41ba-8e20-6f5833cd9e3e	7	28649665	31421950	2002	0.6888
3890221a-9701-41ba-8e20-6f5833cd9e3e	7	31422217	40975027	6568	0.6171
3890221a-9701-41ba-8e20-6f5833cd9e3e	7	40975183	42941685	1404	0.5428
3890221a-9701-41ba-8e20-6f5833cd9e3e	7	42945403	48696135	3746	0.6308
3890221a-9701-41ba-8e20-6f5833cd9e3e	7	48698626	50252092	1076	0.529
3890221a-9701-41ba-8e20-6f5833cd9e3e	7	50252658	51867848	1242	0.6462
3890221a-9701-41ba-8e20-6f5833cd9e3e	7	51868135	54305455	1835	0.5516
3890221a-9701-41ba-8e20-6f5833cd9e3e	7	54318812	54318824	6	2.5346
3890221a-9701-41ba-8e20-6f5833cd9e3e	7	54325795	54382291	44	0.4893
3890221a-9701-41ba-8e20-6f5833cd9e3e	7	54384101	56717864	1528	0.6013
3890221a-9701-41ba-8e20-6f5833cd9e3e	7	56717979	57864241	457	0.4293
3890221a-9701-41ba-8e20-6f5833cd9e3e	7	57876479	64887101	895	-0.1445
3890221a-9701-41ba-8e20-6f5833cd9e3e	7	64887244	67665305	1084	-0.0452
3890221a-9701-41ba-8e20-6f5833cd9e3e	7	67671695	72273100	3003	-0.1208
3890221a-9701-41ba-8e20-6f5833cd9e3e	7	72274188	78008062	1926	-0.0203
3890221a-9701-41ba-8e20-6f5833cd9e3e	7	78008438	86163809	5594	-0.1225
3890221a-9701-41ba-8e20-6f5833cd9e3e	7	86164361	86171211	2	-1.916
3890221a-9701-41ba-8e20-6f5833cd9e3e	7	86171556	88035924	1012	-0.1444
3890221a-9701-41ba-8e20-6f5833cd9e3e	7	88041426	88043077	17	-1.0303
3890221a-9701-41ba-8e20-6f5833cd9e3e	7	88043631	97664992	6153	-0.1019
3890221a-9701-41ba-8e20-6f5833cd9e3e	7	97665774	108252858	5693	-0.0499
3890221a-9701-41ba-8e20-6f5833cd9e3e	7	108254485	109801187	1021	-0.0998
3890221a-9701-41ba-8e20-6f5833cd9e3e	7	109801572	109813853	10	-0.7843
3890221a-9701-41ba-8e20-6f5833cd9e3e	7	109813925	113940817	2561	-0.104
3890221a-9701-41ba-8e20-6f5833cd9e3e	7	113944491	115475114	793	-0.1814
3890221a-9701-41ba-8e20-6f5833cd9e3e	7	115481900	116444313	619	-0.0986
3890221a-9701-41ba-8e20-6f5833cd9e3e	7	116444873	118706836	1469	-0.0197
3890221a-9701-41ba-8e20-6f5833cd9e3e	7	118708774	120451606	898	-0.1352
3890221a-9701-41ba-8e20-6f5833cd9e3e	7	120451995	124241428	2316	-0.0763
3890221a-9701-41ba-8e20-6f5833cd9e3e	7	124246371	125858271	970	-0.1427
3890221a-9701-41ba-8e20-6f5833cd9e3e	7	125859362	130347120	2652	-0.033
3890221a-9701-41ba-8e20-6f5833cd9e3e	7	130347219	134100458	2441	-0.1096
3890221a-9701-41ba-8e20-6f5833cd9e3e	7	134100556	134105690	21	-0.5956
3890221a-9701-41ba-8e20-6f5833cd9e3e	7	134110881	138026868	2696	-0.1354
3890221a-9701-41ba-8e20-6f5833cd9e3e	7	138026898	144012516	3586	-0.061
3890221a-9701-41ba-8e20-6f5833cd9e3e	7	144012543	147857166	2434	-0.1388
3890221a-9701-41ba-8e20-6f5833cd9e3e	7	147859355	151003934	1851	-0.0716
3890221a-9701-41ba-8e20-6f5833cd9e3e	7	151005503	151013304	4	-1.083
3890221a-9701-41ba-8e20-6f5833cd9e3e	7	151020592	152999736	1027	-0.0719
3890221a-9701-41ba-8e20-6f5833cd9e3e	7	153002626	155715601	2182	-0.143
3890221a-9701-41ba-8e20-6f5833cd9e3e	7	155719030	157239552	995	-0.0336
3890221a-9701-41ba-8e20-6f5833cd9e3e	7	157240123	159334314	1302	-0.1107
3890221a-9701-41ba-8e20-6f5833cd9e3e	8	81254	208062	4	0.884
3890221a-9701-41ba-8e20-6f5833cd9e3e	8	212672	343456	117	-1.967
3890221a-9701-41ba-8e20-6f5833cd9e3e	8	343565	347118	6	-5.8353
3890221a-9701-41ba-8e20-6f5833cd9e3e	8	347692	6019952	6130	-1.7558
3890221a-9701-41ba-8e20-6f5833cd9e3e	8	6025607	6026374	3	-7.3904
3890221a-9701-41ba-8e20-6f5833cd9e3e	8	6026524	10398169	3274	-1.6005
3890221a-9701-41ba-8e20-6f5833cd9e3e	8	10398544	10405185	8	-5.3968
3890221a-9701-41ba-8e20-6f5833cd9e3e	8	10405703	10531239	122	-1.7732
3890221a-9701-41ba-8e20-6f5833cd9e3e	8	10531972	10533783	3	-7.372
3890221a-9701-41ba-8e20-6f5833cd9e3e	8	10533846	11888849	1034	-1.8367
3890221a-9701-41ba-8e20-6f5833cd9e3e	8	11889267	20697097	7376	-1.555
3890221a-9701-41ba-8e20-6f5833cd9e3e	8	20698448	20721423	21	-4.1343
3890221a-9701-41ba-8e20-6f5833cd9e3e	8	20721512	36341579	10199	-1.5491
3890221a-9701-41ba-8e20-6f5833cd9e3e	8	36346496	38430945	1114	0.5982
3890221a-9701-41ba-8e20-6f5833cd9e3e	8	38432841	38432991	3	-0.8459
3890221a-9701-41ba-8e20-6f5833cd9e3e	8	38433569	38983072	329	0.614
3890221a-9701-41ba-8e20-6f5833cd9e3e	8	38988018	40420678	910	-1.4392
3890221a-9701-41ba-8e20-6f5833cd9e3e	8	40421861	43391214	1773	0.5772
3890221a-9701-41ba-8e20-6f5833cd9e3e	8	43398122	46089809	154	0.8381
3890221a-9701-41ba-8e20-6f5833cd9e3e	8	46090027	46911429	301	0.4633
3890221a-9701-41ba-8e20-6f5833cd9e3e	8	46912425	48593171	737	0.6009
3890221a-9701-41ba-8e20-6f5833cd9e3e	8	48596689	50118212	923	0.5232
3890221a-9701-41ba-8e20-6f5833cd9e3e	8	50119451	50120863	9	-0.7173
3890221a-9701-41ba-8e20-6f5833cd9e3e	8	50126018	51295264	703	0.5125
3890221a-9701-41ba-8e20-6f5833cd9e3e	8	51295813	52854136	1057	0.6127
3890221a-9701-41ba-8e20-6f5833cd9e3e	8	52856653	55095175	1442	0.5221
3890221a-9701-41ba-8e20-6f5833cd9e3e	8	55095322	56302170	818	0.5904
3890221a-9701-41ba-8e20-6f5833cd9e3e	8	56305703	59411610	2165	0.5045
3890221a-9701-41ba-8e20-6f5833cd9e3e	8	59413898	59416469	5	-1.2979
3890221a-9701-41ba-8e20-6f5833cd9e3e	8	59416574	59931808	249	0.5159
3890221a-9701-41ba-8e20-6f5833cd9e3e	8	59931874	63478171	2359	0.6046
3890221a-9701-41ba-8e20-6f5833cd9e3e	8	63479087	66002795	1324	0.4986
3890221a-9701-41ba-8e20-6f5833cd9e3e	8	66003450	68081581	1187	0.5656
3890221a-9701-41ba-8e20-6f5833cd9e3e	8	68083965	70040504	1291	0.516
3890221a-9701-41ba-8e20-6f5833cd9e3e	8	70041692	70042599	7	-0.1327
3890221a-9701-41ba-8e20-6f5833cd9e3e	8	70048926	72847249	1816	0.5281
3890221a-9701-41ba-8e20-6f5833cd9e3e	8	72847671	74425984	1077	0.5936
3890221a-9701-41ba-8e20-6f5833cd9e3e	8	74426804	78849616	2530	0.5061
3890221a-9701-41ba-8e20-6f5833cd9e3e	8	78849961	80670489	1114	0.6138
3890221a-9701-41ba-8e20-6f5833cd9e3e	8	80671645	80671971	2	-0.8996
3890221a-9701-41ba-8e20-6f5833cd9e3e	8	80672650	81572925	575	0.6053
3890221a-9701-41ba-8e20-6f5833cd9e3e	8	81576036	93338833	6653	0.5027
3890221a-9701-41ba-8e20-6f5833cd9e3e	8	93339140	94545324	754	0.6438
3890221a-9701-41ba-8e20-6f5833cd9e3e	8	94545374	94545764	6	2.0746
3890221a-9701-41ba-8e20-6f5833cd9e3e	8	94545887	95811828	914	0.6469
3890221a-9701-41ba-8e20-6f5833cd9e3e	8	95811849	97318730	982	0.5323
3890221a-9701-41ba-8e20-6f5833cd9e3e	8	97318825	97955871	420	0.6277
3890221a-9701-41ba-8e20-6f5833cd9e3e	8	97956762	99875122	946	0.8021
3890221a-9701-41ba-8e20-6f5833cd9e3e	8	99879054	101671103	1217	1.0322
3890221a-9701-41ba-8e20-6f5833cd9e3e	8	101677091	102221861	386	0.8159
3890221a-9701-41ba-8e20-6f5833cd9e3e	8	102221940	102980362	405	0.6005
3890221a-9701-41ba-8e20-6f5833cd9e3e	8	102982683	102983595	2	-1.157
3890221a-9701-41ba-8e20-6f5833cd9e3e	8	102985207	103937883	565	0.6023
3890221a-9701-41ba-8e20-6f5833cd9e3e	8	103944477	111282237	4419	0.5216
3890221a-9701-41ba-8e20-6f5833cd9e3e	8	111282417	111283016	6	-1.368
3890221a-9701-41ba-8e20-6f5833cd9e3e	8	111283031	116627293	3097	0.4744
3890221a-9701-41ba-8e20-6f5833cd9e3e	8	116628076	126671287	6972	0.6006
3890221a-9701-41ba-8e20-6f5833cd9e3e	8	126671529	128249153	1230	0.6615
3890221a-9701-41ba-8e20-6f5833cd9e3e	8	128256947	128785868	365	0.609
3890221a-9701-41ba-8e20-6f5833cd9e3e	8	128786051	132155055	2378	0.5533
3890221a-9701-41ba-8e20-6f5833cd9e3e	8	132155393	134078396	1675	0.608
3890221a-9701-41ba-8e20-6f5833cd9e3e	8	134078541	138907609	3899	0.5137
3890221a-9701-41ba-8e20-6f5833cd9e3e	8	138910575	140136970	1041	0.6088
3890221a-9701-41ba-8e20-6f5833cd9e3e	8	140142737	140990619	429	0.6995
3890221a-9701-41ba-8e20-6f5833cd9e3e	8	140990632	141081754	91	0.6196
3890221a-9701-41ba-8e20-6f5833cd9e3e	8	141087091	141103860	14	0.2399
3890221a-9701-41ba-8e20-6f5833cd9e3e	8	141112112	141493517	204	0.6487
3890221a-9701-41ba-8e20-6f5833cd9e3e	8	141493576	142849006	728	0.525
3890221a-9701-41ba-8e20-6f5833cd9e3e	8	142851754	143227843	146	0.6356
3890221a-9701-41ba-8e20-6f5833cd9e3e	8	143228213	143228447	4	-0.4089
3890221a-9701-41ba-8e20-6f5833cd9e3e	8	143232207	143616987	119	0.6764
3890221a-9701-41ba-8e20-6f5833cd9e3e	8	143622987	143625638	9	-0.6932
3890221a-9701-41ba-8e20-6f5833cd9e3e	8	143636819	144411077	221	0.6215
3890221a-9701-41ba-8e20-6f5833cd9e3e	8	144411188	144422326	2	-1.0889
3890221a-9701-41ba-8e20-6f5833cd9e3e	8	144422360	145072769	280	0.6205
3890221a-9701-41ba-8e20-6f5833cd9e3e	9	46587	1387025	1391	-0.589
3890221a-9701-41ba-8e20-6f5833cd9e3e	9	1387505	1387954	2	-3.3693
3890221a-9701-41ba-8e20-6f5833cd9e3e	9	1388730	32976522	26000	-0.5735
3890221a-9701-41ba-8e20-6f5833cd9e3e	9	32976885	34375452	844	-0.467
3890221a-9701-41ba-8e20-6f5833cd9e3e	9	34382018	41324592	2872	-0.5566
3890221a-9701-41ba-8e20-6f5833cd9e3e	9	41388367	41644336	30	0.015
3890221a-9701-41ba-8e20-6f5833cd9e3e	9	41646527	41703482	6	-0.6745
3890221a-9701-41ba-8e20-6f5833cd9e3e	9	41714376	42014203	4	0.3053
3890221a-9701-41ba-8e20-6f5833cd9e3e	9	42037471	42179276	20	-1.7716
3890221a-9701-41ba-8e20-6f5833cd9e3e	9	42202227	133701837	45906	-0.5693
3890221a-9701-41ba-8e20-6f5833cd9e3e	9	133705967	136423417	1427	-0.6851
3890221a-9701-41ba-8e20-6f5833cd9e3e	9	136424097	138200944	642	-0.5656
3890221a-9701-41ba-8e20-6f5833cd9e3e	10	45792	1465510	892	-0.0698
3890221a-9701-41ba-8e20-6f5833cd9e3e	10	1465765	3242447	1767	-0.1379
3890221a-9701-41ba-8e20-6f5833cd9e3e	10	3242596	6873899	3232	-0.0471
3890221a-9701-41ba-8e20-6f5833cd9e3e	10	6874188	10092691	2666	-0.1343
3890221a-9701-41ba-8e20-6f5833cd9e3e	10	10094203	16136790	4965	-0.0664
3890221a-9701-41ba-8e20-6f5833cd9e3e	10	16146795	20594484	3466	-0.1189
3890221a-9701-41ba-8e20-6f5833cd9e3e	10	20595546	21951370	831	-0.0398
3890221a-9701-41ba-8e20-6f5833cd9e3e	10	21956370	23725158	1057	-0.1428
3890221a-9701-41ba-8e20-6f5833cd9e3e	10	23725193	24086334	280	-0.028
3890221a-9701-41ba-8e20-6f5833cd9e3e	10	24088745	24090022	13	0.5915
3890221a-9701-41ba-8e20-6f5833cd9e3e	10	24090078	25612569	1055	-0.0393
3890221a-9701-41ba-8e20-6f5833cd9e3e	10	25612584	31679541	4432	-0.0979
3890221a-9701-41ba-8e20-6f5833cd9e3e	10	31679781	35893719	2741	-0.0544
3890221a-9701-41ba-8e20-6f5833cd9e3e	10	35895947	50446618	6130	-0.1257
3890221a-9701-41ba-8e20-6f5833cd9e3e	10	50446913	51524472	790	-0.0452
3890221a-9701-41ba-8e20-6f5833cd9e3e	10	51524842	57386053	4407	-0.137
3890221a-9701-41ba-8e20-6f5833cd9e3e	10	57386347	61770737	3151	-0.0561
3890221a-9701-41ba-8e20-6f5833cd9e3e	10	61770999	63110182	906	-0.124
3890221a-9701-41ba-8e20-6f5833cd9e3e	10	63110709	64256971	660	-0.0378
3890221a-9701-41ba-8e20-6f5833cd9e3e	10	64258545	65548165	882	-0.1225
3890221a-9701-41ba-8e20-6f5833cd9e3e	10	65548178	65554672	26	0.2791
3890221a-9701-41ba-8e20-6f5833cd9e3e	10	65554688	66896728	1046	-0.1208
3890221a-9701-41ba-8e20-6f5833cd9e3e	10	66898053	70635870	2393	-0.0316
3890221a-9701-41ba-8e20-6f5833cd9e3e	10	70636682	70720823	69	-0.1609
3890221a-9701-41ba-8e20-6f5833cd9e3e	10	70721964	70725154	7	-0.6729
3890221a-9701-41ba-8e20-6f5833cd9e3e	10	70725187	71831773	869	-0.0991
3890221a-9701-41ba-8e20-6f5833cd9e3e	10	71832037	74259386	1040	-0.0309
3890221a-9701-41ba-8e20-6f5833cd9e3e	10	74261286	74305017	19	0.4582
3890221a-9701-41ba-8e20-6f5833cd9e3e	10	74305647	81122049	4645	-0.0737
3890221a-9701-41ba-8e20-6f5833cd9e3e	10	81122219	83159086	1549	-0.1451
3890221a-9701-41ba-8e20-6f5833cd9e3e	10	83159286	105593878	14157	-0.0529
3890221a-9701-41ba-8e20-6f5833cd9e3e	10	105597094	108698061	2431	-0.1572
3890221a-9701-41ba-8e20-6f5833cd9e3e	10	108699261	108699457	2	-1.4913
3890221a-9701-41ba-8e20-6f5833cd9e3e	10	108699472	108806624	57	-0.1424
3890221a-9701-41ba-8e20-6f5833cd9e3e	10	108806963	109573001	492	-0.0701
3890221a-9701-41ba-8e20-6f5833cd9e3e	10	109573881	115550496	4087	-0.0266
3890221a-9701-41ba-8e20-6f5833cd9e3e	10	115551438	121683327	4713	-0.0768
3890221a-9701-41ba-8e20-6f5833cd9e3e	10	121683357	122988483	927	0.0023
3890221a-9701-41ba-8e20-6f5833cd9e3e	10	122988835	128787941	4305	-0.0851
3890221a-9701-41ba-8e20-6f5833cd9e3e	10	128788706	130102894	1036	-0.1566
3890221a-9701-41ba-8e20-6f5833cd9e3e	10	130106578	130379137	219	-0.0788
3890221a-9701-41ba-8e20-6f5833cd9e3e	10	130379950	131774243	1191	-0.2453
3890221a-9701-41ba-8e20-6f5833cd9e3e	10	131776159	133415637	734	-0.0871
3890221a-9701-41ba-8e20-6f5833cd9e3e	10	133416215	133416364	2	-2.1856
3890221a-9701-41ba-8e20-6f5833cd9e3e	10	133419150	133522726	72	-0.1217
3890221a-9701-41ba-8e20-6f5833cd9e3e	10	133531836	133534753	7	-0.6834
3890221a-9701-41ba-8e20-6f5833cd9e3e	10	133535572	133561696	31	-0.1235
3890221a-9701-41ba-8e20-6f5833cd9e3e	10	133562190	133574371	6	-0.9292
3890221a-9701-41ba-8e20-6f5833cd9e3e	10	133576350	133654968	32	-0.1295
3890221a-9701-41ba-8e20-6f5833cd9e3e	11	198510	5762693	3225	0.3082
3890221a-9701-41ba-8e20-6f5833cd9e3e	11	5766175	5788108	34	0.7167
3890221a-9701-41ba-8e20-6f5833cd9e3e	11	5788231	11673058	4354	0.3189
3890221a-9701-41ba-8e20-6f5833cd9e3e	11	11673444	13316281	1461	0.3758
3890221a-9701-41ba-8e20-6f5833cd9e3e	11	13320168	20748251	5239	0.327
3890221a-9701-41ba-8e20-6f5833cd9e3e	11	20748441	24424822	2754	0.2486
3890221a-9701-41ba-8e20-6f5833cd9e3e	11	24426346	24426702	3	-0.9378
3890221a-9701-41ba-8e20-6f5833cd9e3e	11	24428711	26492214	1614	0.2307
3890221a-9701-41ba-8e20-6f5833cd9e3e	11	26493060	27698103	862	0.3401
3890221a-9701-41ba-8e20-6f5833cd9e3e	11	27698276	32203858	2755	0.2452
3890221a-9701-41ba-8e20-6f5833cd9e3e	11	32204323	37487322	4077	0.3526
3890221a-9701-41ba-8e20-6f5833cd9e3e	11	37492580	42559454	3325	0.2182
3890221a-9701-41ba-8e20-6f5833cd9e3e	11	42559739	48534835	3527	0.3358
3890221a-9701-41ba-8e20-6f5833cd9e3e	11	48538526	54743970	913	0.2109
3890221a-9701-41ba-8e20-6f5833cd9e3e	11	54762035	54766290	3	-1.0524
3890221a-9701-41ba-8e20-6f5833cd9e3e	11	54782119	55595864	284	0.1858
3890221a-9701-41ba-8e20-6f5833cd9e3e	11	55606556	55674842	48	-1.7043
3890221a-9701-41ba-8e20-6f5833cd9e3e	11	55676735	55677818	4	0.4848
3890221a-9701-41ba-8e20-6f5833cd9e3e	11	55678469	55685533	7	-1.7789
3890221a-9701-41ba-8e20-6f5833cd9e3e	11	55686100	56539377	582	0.2307
3890221a-9701-41ba-8e20-6f5833cd9e3e	11	56539675	61310230	2853	0.3128
3890221a-9701-41ba-8e20-6f5833cd9e3e	11	61310400	78798952	8627	0.3596
3890221a-9701-41ba-8e20-6f5833cd9e3e	11	78799221	80010144	996	0.2687
3890221a-9701-41ba-8e20-6f5833cd9e3e	11	80010196	80011700	3	-0.9993
3890221a-9701-41ba-8e20-6f5833cd9e3e	11	80012275	81787763	1502	0.2468
3890221a-9701-41ba-8e20-6f5833cd9e3e	11	81792426	81806116	11	-0.6328
3890221a-9701-41ba-8e20-6f5833cd9e3e	11	81811590	82354281	398	0.2565
3890221a-9701-41ba-8e20-6f5833cd9e3e	11	82359182	85576577	2074	0.2941
3890221a-9701-41ba-8e20-6f5833cd9e3e	11	85576636	87332209	1213	0.36
3890221a-9701-41ba-8e20-6f5833cd9e3e	11	87338389	87672834	244	0.2926
3890221a-9701-41ba-8e20-6f5833cd9e3e	11	87673502	93285549	3682	0.2394
3890221a-9701-41ba-8e20-6f5833cd9e3e	11	93287317	93296295	4	-0.7618
3890221a-9701-41ba-8e20-6f5833cd9e3e	11	93297287	93594235	194	0.2702
3890221a-9701-41ba-8e20-6f5833cd9e3e	11	93595345	97026811	2476	0.3336
3890221a-9701-41ba-8e20-6f5833cd9e3e	11	97026865	101729167	3680	0.2543
3890221a-9701-41ba-8e20-6f5833cd9e3e	11	101729366	102735307	632	0.3749
3890221a-9701-41ba-8e20-6f5833cd9e3e	11	102738124	103781472	718	0.2904
3890221a-9701-41ba-8e20-6f5833cd9e3e	11	103782394	107131340	2278	0.2221
3890221a-9701-41ba-8e20-6f5833cd9e3e	11	107135655	107359993	160	0.3181
3890221a-9701-41ba-8e20-6f5833cd9e3e	11	107367930	107368402	7	-0.4956
3890221a-9701-41ba-8e20-6f5833cd9e3e	11	107381636	107460974	60	0.2831
3890221a-9701-41ba-8e20-6f5833cd9e3e	11	107460975	122045780	9965	0.3336
3890221a-9701-41ba-8e20-6f5833cd9e3e	11	122046375	128590309	5020	0.2779
3890221a-9701-41ba-8e20-6f5833cd9e3e	11	128593902	128952308	312	0.3212
3890221a-9701-41ba-8e20-6f5833cd9e3e	11	128952524	130558724	960	0.3955
3890221a-9701-41ba-8e20-6f5833cd9e3e	11	130559475	131342991	640	0.3313
3890221a-9701-41ba-8e20-6f5833cd9e3e	11	131345759	135074876	2944	0.214
3890221a-9701-41ba-8e20-6f5833cd9e3e	12	51460	223229	94	0.1851
3890221a-9701-41ba-8e20-6f5833cd9e3e	12	223496	3189835	1927	0.3758
3890221a-9701-41ba-8e20-6f5833cd9e3e	12	3189911	5201185	1692	0.3097
3890221a-9701-41ba-8e20-6f5833cd9e3e	12	5202529	7630434	1546	0.3774
3890221a-9701-41ba-8e20-6f5833cd9e3e	12	7632437	7851829	100	0.2354
3890221a-9701-41ba-8e20-6f5833cd9e3e	12	7853910	7971304	57	0.8726
3890221a-9701-41ba-8e20-6f5833cd9e3e	12	7978362	8204911	118	0.2946
3890221a-9701-41ba-8e20-6f5833cd9e3e	12	8209454	8220161	9	0.8683
3890221a-9701-41ba-8e20-6f5833cd9e3e	12	8241232	9481274	628	0.2247
3890221a-9701-41ba-8e20-6f5833cd9e3e	12	9485313	9562969	22	1.1571
3890221a-9701-41ba-8e20-6f5833cd9e3e	12	9575696	11068125	1038	0.2781
3890221a-9701-41ba-8e20-6f5833cd9e3e	12	11070111	11088933	9	-1.1426
3890221a-9701-41ba-8e20-6f5833cd9e3e	12	11099275	11358643	132	0.3417
3890221a-9701-41ba-8e20-6f5833cd9e3e	12	11358644	11390472	30	-0.5219
3890221a-9701-41ba-8e20-6f5833cd9e3e	12	11399258	16680526	3825	0.377
3890221a-9701-41ba-8e20-6f5833cd9e3e	12	16683048	25481241	5943	0.2601
3890221a-9701-41ba-8e20-6f5833cd9e3e	12	25481685	28115904	1909	0.3451
3890221a-9701-41ba-8e20-6f5833cd9e3e	12	28119368	30217892	1592	0.2872
3890221a-9701-41ba-8e20-6f5833cd9e3e	12	30218784	33141726	2096	0.3421
3890221a-9701-41ba-8e20-6f5833cd9e3e	12	33148472	33154440	27	0.7231
3890221a-9701-41ba-8e20-6f5833cd9e3e	12	33155426	33227031	43	0.3338
3890221a-9701-41ba-8e20-6f5833cd9e3e	12	33232895	33242483	7	-0.3356
3890221a-9701-41ba-8e20-6f5833cd9e3e	12	33246118	33485860	175	0.3732
3890221a-9701-41ba-8e20-6f5833cd9e3e	12	33487798	37593924	602	0.2073
3890221a-9701-41ba-8e20-6f5833cd9e3e	12	37618765	37659337	4	-0.9111
3890221a-9701-41ba-8e20-6f5833cd9e3e	12	37659435	45472183	4725	0.2509
3890221a-9701-41ba-8e20-6f5833cd9e3e	12	45473437	58327312	7220	0.3498
3890221a-9701-41ba-8e20-6f5833cd9e3e	12	58327360	58336379	5	-0.9381
3890221a-9701-41ba-8e20-6f5833cd9e3e	12	58337065	59647696	967	0.3275
3890221a-9701-41ba-8e20-6f5833cd9e3e	12	59651082	62143599	1528	0.2243
3890221a-9701-41ba-8e20-6f5833cd9e3e	12	62144309	70758769	5695	0.3176
3890221a-9701-41ba-8e20-6f5833cd9e3e	12	70759433	71447035	451	0.4102
3890221a-9701-41ba-8e20-6f5833cd9e3e	12	71447583	71447653	2	-0.9041
3890221a-9701-41ba-8e20-6f5833cd9e3e	12	71447811	71997317	352	0.4007
3890221a-9701-41ba-8e20-6f5833cd9e3e	12	71998878	72701374	424	0.3052
3890221a-9701-41ba-8e20-6f5833cd9e3e	12	72707335	75053870	1358	0.2472
3890221a-9701-41ba-8e20-6f5833cd9e3e	12	75053898	77479589	1567	0.3174
3890221a-9701-41ba-8e20-6f5833cd9e3e	12	77479719	88302208	6595	0.2504
3890221a-9701-41ba-8e20-6f5833cd9e3e	12	88302315	89602991	802	0.3444
3890221a-9701-41ba-8e20-6f5833cd9e3e	12	89612978	92252610	1725	0.2681
3890221a-9701-41ba-8e20-6f5833cd9e3e	12	92252907	93880135	1032	0.3648
3890221a-9701-41ba-8e20-6f5833cd9e3e	12	93880186	96841834	2147	0.3142
3890221a-9701-41ba-8e20-6f5833cd9e3e	12	96843763	97797303	803	0.2289
3890221a-9701-41ba-8e20-6f5833cd9e3e	12	97797636	102556270	2950	0.3199
3890221a-9701-41ba-8e20-6f5833cd9e3e	12	102556872	103378801	534	0.2405
3890221a-9701-41ba-8e20-6f5833cd9e3e	12	103378999	104402931	740	0.3318
3890221a-9701-41ba-8e20-6f5833cd9e3e	12	104403761	104860149	386	0.2293
3890221a-9701-41ba-8e20-6f5833cd9e3e	12	104862315	106849673	1464	0.3486
3890221a-9701-41ba-8e20-6f5833cd9e3e	12	106851669	108457397	1198	0.2864
3890221a-9701-41ba-8e20-6f5833cd9e3e	12	108458045	119432478	7366	0.3355
3890221a-9701-41ba-8e20-6f5833cd9e3e	12	119433461	125695581	3314	0.375
3890221a-9701-41ba-8e20-6f5833cd9e3e	12	125697552	126040404	290	0.3178
3890221a-9701-41ba-8e20-6f5833cd9e3e	12	126042392	128744341	2444	0.2357
3890221a-9701-41ba-8e20-6f5833cd9e3e	12	128745968	128747752	6	-1.4169
3890221a-9701-41ba-8e20-6f5833cd9e3e	12	128748000	133201603	3061	0.2782
3890221a-9701-41ba-8e20-6f5833cd9e3e	13	18452809	18890033	115	0.3983
3890221a-9701-41ba-8e20-6f5833cd9e3e	13	18892431	23051234	2730	0.6124
3890221a-9701-41ba-8e20-6f5833cd9e3e	13	23051568	23055048	11	0.3132
3890221a-9701-41ba-8e20-6f5833cd9e3e	13	23055071	23064056	14	-0.226
3890221a-9701-41ba-8e20-6f5833cd9e3e	13	23064071	23702365	487	0.5907
3890221a-9701-41ba-8e20-6f5833cd9e3e	13	23702675	25135329	1093	0.6891
3890221a-9701-41ba-8e20-6f5833cd9e3e	13	25135606	26519713	973	0.6003
3890221a-9701-41ba-8e20-6f5833cd9e3e	13	26522749	27475369	791	0.7101
3890221a-9701-41ba-8e20-6f5833cd9e3e	13	27475891	31574428	3086	0.631
3890221a-9701-41ba-8e20-6f5833cd9e3e	13	31577955	32634882	787	0.5658
3890221a-9701-41ba-8e20-6f5833cd9e3e	13	32636495	33818772	903	0.6386
3890221a-9701-41ba-8e20-6f5833cd9e3e	13	33823395	34641387	593	0.5883
3890221a-9701-41ba-8e20-6f5833cd9e3e	13	34643622	36360299	1087	0.5232
3890221a-9701-41ba-8e20-6f5833cd9e3e	13	36360471	40171647	2790	0.5821
3890221a-9701-41ba-8e20-6f5833cd9e3e	13	40172864	47046569	4644	0.6553
3890221a-9701-41ba-8e20-6f5833cd9e3e	13	47046821	48391954	947	0.555
3890221a-9701-41ba-8e20-6f5833cd9e3e	13	48397386	48409557	7	-0.063
3890221a-9701-41ba-8e20-6f5833cd9e3e	13	48409562	48775075	309	0.5328
3890221a-9701-41ba-8e20-6f5833cd9e3e	13	48775134	53882744	2874	0.641
3890221a-9701-41ba-8e20-6f5833cd9e3e	13	53885212	63743696	5649	0.5376
3890221a-9701-41ba-8e20-6f5833cd9e3e	13	63770336	63814138	38	1.2053
3890221a-9701-41ba-8e20-6f5833cd9e3e	13	63818088	70562267	4269	0.5297
3890221a-9701-41ba-8e20-6f5833cd9e3e	13	70562317	71902850	819	0.6155
3890221a-9701-41ba-8e20-6f5833cd9e3e	13	71903417	71905409	2	1.987
3890221a-9701-41ba-8e20-6f5833cd9e3e	13	71906311	72386287	398	0.6325
3890221a-9701-41ba-8e20-6f5833cd9e3e	13	72389689	73822860	1013	0.6896
3890221a-9701-41ba-8e20-6f5833cd9e3e	13	73823473	76192467	1783	0.615
3890221a-9701-41ba-8e20-6f5833cd9e3e	13	76197800	78779153	1717	0.557
3890221a-9701-41ba-8e20-6f5833cd9e3e	13	78779361	81147625	1512	0.6336
3890221a-9701-41ba-8e20-6f5833cd9e3e	13	81149355	94557656	8430	0.5313
3890221a-9701-41ba-8e20-6f5833cd9e3e	13	94558843	94719160	100	0.6818
3890221a-9701-41ba-8e20-6f5833cd9e3e	13	94719415	96791207	1277	0.5971
3890221a-9701-41ba-8e20-6f5833cd9e3e	13	96794330	101100205	2900	0.675
3890221a-9701-41ba-8e20-6f5833cd9e3e	13	101104021	105686655	3796	0.5706
3890221a-9701-41ba-8e20-6f5833cd9e3e	13	105688918	107051670	1100	0.6803
3890221a-9701-41ba-8e20-6f5833cd9e3e	13	107054784	108811703	1450	0.589
3890221a-9701-41ba-8e20-6f5833cd9e3e	13	108811710	111070847	1842	0.6618
3890221a-9701-41ba-8e20-6f5833cd9e3e	13	111071777	111072185	2	-1.4878
3890221a-9701-41ba-8e20-6f5833cd9e3e	13	111072198	114342922	1746	0.653
3890221a-9701-41ba-8e20-6f5833cd9e3e	14	18239283	18657897	18	-0.6892
3890221a-9701-41ba-8e20-6f5833cd9e3e	14	18661510	20341332	408	-0.4358
3890221a-9701-41ba-8e20-6f5833cd9e3e	14	20342039	21924557	1081	-0.5673
3890221a-9701-41ba-8e20-6f5833cd9e3e	14	21924631	22431928	430	-0.3887
3890221a-9701-41ba-8e20-6f5833cd9e3e	14	22445002	34423401	7696	-0.573
3890221a-9701-41ba-8e20-6f5833cd9e3e	14	34423731	34510990	35	-0.4467
3890221a-9701-41ba-8e20-6f5833cd9e3e	14	34513258	34579478	40	-0.1632
3890221a-9701-41ba-8e20-6f5833cd9e3e	14	34589610	36055248	749	-0.4633
3890221a-9701-41ba-8e20-6f5833cd9e3e	14	36056839	51005990	8988	-0.5729
3890221a-9701-41ba-8e20-6f5833cd9e3e	14	51012853	52370110	1076	-0.6554
3890221a-9701-41ba-8e20-6f5833cd9e3e	14	52370475	56986791	3152	-0.5742
3890221a-9701-41ba-8e20-6f5833cd9e3e	14	56987591	56989502	3	-2.4727
3890221a-9701-41ba-8e20-6f5833cd9e3e	14	56989645	63326675	4014	-0.5824
3890221a-9701-41ba-8e20-6f5833cd9e3e	14	63327266	68236856	2853	-0.5053
3890221a-9701-41ba-8e20-6f5833cd9e3e	14	68237212	82439879	9341	-0.5685
3890221a-9701-41ba-8e20-6f5833cd9e3e	14	82444353	86932521	3065	-0.6642
3890221a-9701-41ba-8e20-6f5833cd9e3e	14	86933101	96912606	6680	-0.5912
3890221a-9701-41ba-8e20-6f5833cd9e3e	14	96913145	101576026	3399	-0.646
3890221a-9701-41ba-8e20-6f5833cd9e3e	14	101577025	106877229	2110	-0.5421
3890221a-9701-41ba-8e20-6f5833cd9e3e	15	19811075	21417107	175	-0.2639
3890221a-9701-41ba-8e20-6f5833cd9e3e	15	21975606	22003073	4	0.8748
3890221a-9701-41ba-8e20-6f5833cd9e3e	15	22005276	24185219	916	-0.1066
3890221a-9701-41ba-8e20-6f5833cd9e3e	15	24185678	24240681	32	-0.3167
3890221a-9701-41ba-8e20-6f5833cd9e3e	15	24247869	24259010	7	-1.3684
3890221a-9701-41ba-8e20-6f5833cd9e3e	15	24263561	30633402	3726	-0.1668
3890221a-9701-41ba-8e20-6f5833cd9e3e	15	30638297	94822315	41386	-0.048
3890221a-9701-41ba-8e20-6f5833cd9e3e	15	94822739	101928837	5225	-0.1049
3890221a-9701-41ba-8e20-6f5833cd9e3e	16	10777	5889837	3009	0.4121
3890221a-9701-41ba-8e20-6f5833cd9e3e	16	5890843	7418507	1914	0.2878
3890221a-9701-41ba-8e20-6f5833cd9e3e	16	7419291	7492751	105	0.4473
3890221a-9701-41ba-8e20-6f5833cd9e3e	16	7494551	7995410	599	0.3401
3890221a-9701-41ba-8e20-6f5833cd9e3e	16	7997079	10286291	2175	0.4507
3890221a-9701-41ba-8e20-6f5833cd9e3e	16	10286569	10309571	15	-0.4765
3890221a-9701-41ba-8e20-6f5833cd9e3e	16	10314704	10935481	414	0.4601
3890221a-9701-41ba-8e20-6f5833cd9e3e	16	10936341	11055315	83	0.0412
3890221a-9701-41ba-8e20-6f5833cd9e3e	16	11055893	11519313	361	0.4516
3890221a-9701-41ba-8e20-6f5833cd9e3e	16	11526891	11536077	6	-0.7567
3890221a-9701-41ba-8e20-6f5833cd9e3e	16	11536092	16202055	3056	0.4098
3890221a-9701-41ba-8e20-6f5833cd9e3e	16	16236633	18624482	1037	0.3207
3890221a-9701-41ba-8e20-6f5833cd9e3e	16	18665971	19933041	683	0.4607
3890221a-9701-41ba-8e20-6f5833cd9e3e	16	19934328	19956040	29	-0.4436
3890221a-9701-41ba-8e20-6f5833cd9e3e	16	19958932	20046578	68	0.375
3890221a-9701-41ba-8e20-6f5833cd9e3e	16	20047451	20047761	3	-0.6295
3890221a-9701-41ba-8e20-6f5833cd9e3e	16	20048355	20847495	537	0.3926
3890221a-9701-41ba-8e20-6f5833cd9e3e	16	20847607	23854211	1472	0.4514
3890221a-9701-41ba-8e20-6f5833cd9e3e	16	23854902	33865345	4447	0.3854
3890221a-9701-41ba-8e20-6f5833cd9e3e	16	33878634	46469294	442	0.1878
3890221a-9701-41ba-8e20-6f5833cd9e3e	16	46470502	47991637	646	0.3892
3890221a-9701-41ba-8e20-6f5833cd9e3e	16	47997109	53185648	3652	0.4401
3890221a-9701-41ba-8e20-6f5833cd9e3e	16	53186806	55761136	2163	0.3655
3890221a-9701-41ba-8e20-6f5833cd9e3e	16	55762477	55762682	4	-0.5705
3890221a-9701-41ba-8e20-6f5833cd9e3e	16	55764310	55764867	3	2.3564
3890221a-9701-41ba-8e20-6f5833cd9e3e	16	55770436	55782793	12	-0.1995
3890221a-9701-41ba-8e20-6f5833cd9e3e	16	55788057	59605716	2375	0.4118
3890221a-9701-41ba-8e20-6f5833cd9e3e	16	59607166	65516641	3930	0.3037
3890221a-9701-41ba-8e20-6f5833cd9e3e	16	65517345	76709260	6327	0.4337
3890221a-9701-41ba-8e20-6f5833cd9e3e	16	76709732	78337711	1642	0.3482
3890221a-9701-41ba-8e20-6f5833cd9e3e	16	78338543	78350841	16	1.1163
3890221a-9701-41ba-8e20-6f5833cd9e3e	16	78350868	79943722	1990	0.3315
3890221a-9701-41ba-8e20-6f5833cd9e3e	16	79945816	79946513	3	-0.7911
3890221a-9701-41ba-8e20-6f5833cd9e3e	16	79946579	80520006	636	0.3489
3890221a-9701-41ba-8e20-6f5833cd9e3e	16	80521051	80942034	406	0.4325
3890221a-9701-41ba-8e20-6f5833cd9e3e	16	80942117	80946600	8	-0.3334
3890221a-9701-41ba-8e20-6f5833cd9e3e	16	80952360	90096867	7567	0.4081
3890221a-9701-41ba-8e20-6f5833cd9e3e	17	150733	22587739	12752	-0.5971
3890221a-9701-41ba-8e20-6f5833cd9e3e	17	22596024	22702125	44	0.286
3890221a-9701-41ba-8e20-6f5833cd9e3e	17	22703570	33605181	3495	0.0031
3890221a-9701-41ba-8e20-6f5833cd9e3e	17	33605294	35319426	1410	-0.1352
3890221a-9701-41ba-8e20-6f5833cd9e3e	17	35322554	36113461	465	0.0043
3890221a-9701-41ba-8e20-6f5833cd9e3e	17	36116407	36148163	26	-0.4349
3890221a-9701-41ba-8e20-6f5833cd9e3e	17	36148900	46130778	5081	0.0049
3890221a-9701-41ba-8e20-6f5833cd9e3e	17	46130967	46323701	94	0.5253
3890221a-9701-41ba-8e20-6f5833cd9e3e	17	46351954	83071333	21528	-0.0143
3890221a-9701-41ba-8e20-6f5833cd9e3e	17	83071714	83091923	6	-0.3474
3890221a-9701-41ba-8e20-6f5833cd9e3e	18	48133	122470	13	-0.8779
3890221a-9701-41ba-8e20-6f5833cd9e3e	18	136240	5430819	3804	-0.5652
3890221a-9701-41ba-8e20-6f5833cd9e3e	18	5432331	6086759	498	-0.6815
3890221a-9701-41ba-8e20-6f5833cd9e3e	18	6086901	6088452	3	-2.749
3890221a-9701-41ba-8e20-6f5833cd9e3e	18	6088791	8843645	2131	-0.6586
3890221a-9701-41ba-8e20-6f5833cd9e3e	18	8844408	15143716	3849	-0.5936
3890221a-9701-41ba-8e20-6f5833cd9e3e	18	15143804	24482852	1942	-0.5107
3890221a-9701-41ba-8e20-6f5833cd9e3e	18	24485281	24649670	145	-0.6309
3890221a-9701-41ba-8e20-6f5833cd9e3e	18	24650026	24652049	3	-2.3023
3890221a-9701-41ba-8e20-6f5833cd9e3e	18	24652074	30095702	3474	-0.6235
3890221a-9701-41ba-8e20-6f5833cd9e3e	18	30095929	37242740	4573	-0.524
3890221a-9701-41ba-8e20-6f5833cd9e3e	18	37249631	38930144	1166	-0.6804
3890221a-9701-41ba-8e20-6f5833cd9e3e	18	38930423	44756457	3665	-0.5978
3890221a-9701-41ba-8e20-6f5833cd9e3e	18	44757666	47751086	1995	-0.6443
3890221a-9701-41ba-8e20-6f5833cd9e3e	18	47751599	51311956	2663	-0.5347
3890221a-9701-41ba-8e20-6f5833cd9e3e	18	51311969	71558866	14142	-0.5905
3890221a-9701-41ba-8e20-6f5833cd9e3e	18	71559798	80257174	6409	-0.6597
3890221a-9701-41ba-8e20-6f5833cd9e3e	19	90910	4414597	1164	0.0075
3890221a-9701-41ba-8e20-6f5833cd9e3e	19	4416414	4417843	2	-1.5362
3890221a-9701-41ba-8e20-6f5833cd9e3e	19	4417848	20533543	7818	0.0126
3890221a-9701-41ba-8e20-6f5833cd9e3e	19	20533583	20970252	240	-0.0847
3890221a-9701-41ba-8e20-6f5833cd9e3e	19	20970273	20970668	2	-2.2121
3890221a-9701-41ba-8e20-6f5833cd9e3e	19	20971362	31825754	5110	-0.0795
3890221a-9701-41ba-8e20-6f5833cd9e3e	19	31826581	35513204	2483	0.0419
3890221a-9701-41ba-8e20-6f5833cd9e3e	19	35518619	37618228	989	-0.0285
3890221a-9701-41ba-8e20-6f5833cd9e3e	19	37618621	43142696	2741	0.0267
3890221a-9701-41ba-8e20-6f5833cd9e3e	19	43143826	43236813	43	-1.0984
3890221a-9701-41ba-8e20-6f5833cd9e3e	19	43249149	43506230	125	-0.0342
3890221a-9701-41ba-8e20-6f5833cd9e3e	19	43508728	51081659	3637	0.044
3890221a-9701-41ba-8e20-6f5833cd9e3e	19	51082358	58586487	4725	-0.0264
3890221a-9701-41ba-8e20-6f5833cd9e3e	20	80664	1580353	1200	-0.6131
3890221a-9701-41ba-8e20-6f5833cd9e3e	20	1580934	1617460	43	-0.0653
3890221a-9701-41ba-8e20-6f5833cd9e3e	20	1617690	19042250	13554	-0.5816
3890221a-9701-41ba-8e20-6f5833cd9e3e	20	19042569	23090938	3064	0.831
3890221a-9701-41ba-8e20-6f5833cd9e3e	20	23093394	24115473	814	0.7275
3890221a-9701-41ba-8e20-6f5833cd9e3e	20	24115737	24693061	458	0.8044
3890221a-9701-41ba-8e20-6f5833cd9e3e	20	24694900	25625733	569	0.889
3890221a-9701-41ba-8e20-6f5833cd9e3e	20	25627668	31247246	284	0.7627
3890221a-9701-41ba-8e20-6f5833cd9e3e	20	31247668	31474653	114	1.2572
3890221a-9701-41ba-8e20-6f5833cd9e3e	20	31476654	32679040	546	1.382
3890221a-9701-41ba-8e20-6f5833cd9e3e	20	32679846	33084082	267	1.2125
3890221a-9701-41ba-8e20-6f5833cd9e3e	20	33084650	33395294	230	1.0542
3890221a-9701-41ba-8e20-6f5833cd9e3e	20	33395842	35529786	943	0.8716
3890221a-9701-41ba-8e20-6f5833cd9e3e	20	35535949	37068301	686	0.8126
3890221a-9701-41ba-8e20-6f5833cd9e3e	20	37068307	37093618	85	0.5182
3890221a-9701-41ba-8e20-6f5833cd9e3e	20	37093952	39105359	1250	0.8509
3890221a-9701-41ba-8e20-6f5833cd9e3e	20	39105416	40357346	916	0.7603
3890221a-9701-41ba-8e20-6f5833cd9e3e	20	40358946	41730880	878	0.8488
3890221a-9701-41ba-8e20-6f5833cd9e3e	20	41731384	41731388	5	0.1399
3890221a-9701-41ba-8e20-6f5833cd9e3e	20	41732145	41935401	160	0.8664
3890221a-9701-41ba-8e20-6f5833cd9e3e	20	41935683	42981524	1006	0.7684
3890221a-9701-41ba-8e20-6f5833cd9e3e	20	42983785	43278001	231	0.8383
3890221a-9701-41ba-8e20-6f5833cd9e3e	20	43278645	45847280	1663	0.9008
3890221a-9701-41ba-8e20-6f5833cd9e3e	20	45851155	46756629	601	-0.5898
3890221a-9701-41ba-8e20-6f5833cd9e3e	20	46757094	46764387	6	0.8205
3890221a-9701-41ba-8e20-6f5833cd9e3e	20	46764433	46774180	11	-0.5476
3890221a-9701-41ba-8e20-6f5833cd9e3e	20	46775989	60990189	10906	0.8421
3890221a-9701-41ba-8e20-6f5833cd9e3e	20	60993969	61115555	161	0.6414
3890221a-9701-41ba-8e20-6f5833cd9e3e	20	61116107	64284715	1626	0.864
3890221a-9701-41ba-8e20-6f5833cd9e3e	20	64323342	64324800	5	-1.2092
3890221a-9701-41ba-8e20-6f5833cd9e3e	21	10354168	10536340	31	0.184
3890221a-9701-41ba-8e20-6f5833cd9e3e	21	10536351	10591170	34	0.4595
3890221a-9701-41ba-8e20-6f5833cd9e3e	21	10597632	14133932	321	0.0935
3890221a-9701-41ba-8e20-6f5833cd9e3e	21	14135181	16942611	1969	0.2238
3890221a-9701-41ba-8e20-6f5833cd9e3e	21	16955871	17823444	544	0.3185
3890221a-9701-41ba-8e20-6f5833cd9e3e	21	17823949	18497174	517	0.2445
3890221a-9701-41ba-8e20-6f5833cd9e3e	21	18497980	19824851	1020	0.1789
3890221a-9701-41ba-8e20-6f5833cd9e3e	21	19828137	25186212	4109	0.1376
3890221a-9701-41ba-8e20-6f5833cd9e3e	21	25186526	28438026	2479	0.18
3890221a-9701-41ba-8e20-6f5833cd9e3e	21	28439087	31548522	2186	0.2244
3890221a-9701-41ba-8e20-6f5833cd9e3e	21	31549030	33563788	1361	0.2842
3890221a-9701-41ba-8e20-6f5833cd9e3e	21	33564237	36212583	1934	0.2404
3890221a-9701-41ba-8e20-6f5833cd9e3e	21	36213884	45173986	6458	0.2883
3890221a-9701-41ba-8e20-6f5833cd9e3e	21	45174068	46677045	870	0.1884
3890221a-9701-41ba-8e20-6f5833cd9e3e	22	15294547	20752442	2282	-0.6231
3890221a-9701-41ba-8e20-6f5833cd9e3e	22	20752558	22151020	907	-0.5081
3890221a-9701-41ba-8e20-6f5833cd9e3e	22	22154015	25268018	1993	-0.6048
3890221a-9701-41ba-8e20-6f5833cd9e3e	22	25268834	25322673	24	-0.0636
3890221a-9701-41ba-8e20-6f5833cd9e3e	22	25322863	28045257	2670	-0.6227
3890221a-9701-41ba-8e20-6f5833cd9e3e	22	28045431	32250832	2351	-0.5055
3890221a-9701-41ba-8e20-6f5833cd9e3e	22	32253444	33894247	1504	-0.6122
3890221a-9701-41ba-8e20-6f5833cd9e3e	22	33894269	33908106	11	-1.5007
3890221a-9701-41ba-8e20-6f5833cd9e3e	22	33911329	37039591	2429	-0.5693
3890221a-9701-41ba-8e20-6f5833cd9e3e	22	37042611	37101986	25	-1.0696
3890221a-9701-41ba-8e20-6f5833cd9e3e	22	37110562	40442136	1692	-0.578
3890221a-9701-41ba-8e20-6f5833cd9e3e	22	40447232	42238687	1031	-0.4864
3890221a-9701-41ba-8e20-6f5833cd9e3e	22	42238809	47785871	3932	-0.6004
3890221a-9701-41ba-8e20-6f5833cd9e3e	22	47786810	49136319	1329	-0.7497
3890221a-9701-41ba-8e20-6f5833cd9e3e	22	49136494	49214518	73	-1.2007
3890221a-9701-41ba-8e20-6f5833cd9e3e	22	49215177	49666510	384	-0.7579
3890221a-9701-41ba-8e20-6f5833cd9e3e	22	49666593	50796027	505	-0.6069
3890221a-9701-41ba-8e20-6f5833cd9e3e	X	251810	4761386	1477	0.0566
3890221a-9701-41ba-8e20-6f5833cd9e3e	X	4761451	8188133	2702	-0.0093
3890221a-9701-41ba-8e20-6f5833cd9e3e	X	8188432	8433888	209	0.5914
3890221a-9701-41ba-8e20-6f5833cd9e3e	X	8435131	8910093	336	0.0823
3890221a-9701-41ba-8e20-6f5833cd9e3e	X	8913574	12180454	2350	0.0397
3890221a-9701-41ba-8e20-6f5833cd9e3e	X	12181110	18372049	4052	0.0892
3890221a-9701-41ba-8e20-6f5833cd9e3e	X	18372441	22845151	2569	0.0372
3890221a-9701-41ba-8e20-6f5833cd9e3e	X	22845338	25595689	1812	0.1019
3890221a-9701-41ba-8e20-6f5833cd9e3e	X	25596516	30294904	3003	0.0078
3890221a-9701-41ba-8e20-6f5833cd9e3e	X	30301624	31608329	867	0.0782
3890221a-9701-41ba-8e20-6f5833cd9e3e	X	31609417	37602114	3750	0.0037
3890221a-9701-41ba-8e20-6f5833cd9e3e	X	37602610	48001197	5812	0.0717
3890221a-9701-41ba-8e20-6f5833cd9e3e	X	48020763	48141867	78	-1.0267
3890221a-9701-41ba-8e20-6f5833cd9e3e	X	48144497	55437590	2941	0.0655
3890221a-9701-41ba-8e20-6f5833cd9e3e	X	55437807	67996562	3640	0.003
3890221a-9701-41ba-8e20-6f5833cd9e3e	X	67998236	76617187	3832	0.0452
3890221a-9701-41ba-8e20-6f5833cd9e3e	X	76617390	77070132	318	0.0003
3890221a-9701-41ba-8e20-6f5833cd9e3e	X	77082849	77296889	22	-0.3866
3890221a-9701-41ba-8e20-6f5833cd9e3e	X	77324696	84878890	3712	-0.02
3890221a-9701-41ba-8e20-6f5833cd9e3e	X	84879267	85611387	438	0.0919
3890221a-9701-41ba-8e20-6f5833cd9e3e	X	85611447	95196287	5078	-0.0142
3890221a-9701-41ba-8e20-6f5833cd9e3e	X	95198127	100182979	2767	0.0113
3890221a-9701-41ba-8e20-6f5833cd9e3e	X	100183593	101322633	644	0.0913
3890221a-9701-41ba-8e20-6f5833cd9e3e	X	101324036	106638641	2616	0.0247
3890221a-9701-41ba-8e20-6f5833cd9e3e	X	106646126	114099504	4116	0.0019
3890221a-9701-41ba-8e20-6f5833cd9e3e	X	114101787	124837861	6270	0.0393
3890221a-9701-41ba-8e20-6f5833cd9e3e	X	124837969	127764476	1696	-0.0319
3890221a-9701-41ba-8e20-6f5833cd9e3e	X	127764668	129416524	904	0.0121
3890221a-9701-41ba-8e20-6f5833cd9e3e	X	129416945	133719157	2277	0.0654
3890221a-9701-41ba-8e20-6f5833cd9e3e	X	133720158	137638854	2025	0.0109
3890221a-9701-41ba-8e20-6f5833cd9e3e	X	137640655	150438068	8373	-0.0226
3890221a-9701-41ba-8e20-6f5833cd9e3e	X	150438590	155952689	2843	0.0407
3890221a-9701-41ba-8e20-6f5833cd9e3e	Y	2782397	3137227	151	-2.665
3890221a-9701-41ba-8e20-6f5833cd9e3e	Y	3138099	6075631	568	-2.2631
3890221a-9701-41ba-8e20-6f5833cd9e3e	Y	6076562	13478396	2546	-2.8014
3890221a-9701-41ba-8e20-6f5833cd9e3e	Y	13478462	13482643	3	-7.6029
3890221a-9701-41ba-8e20-6f5833cd9e3e	Y	13483009	56872112	3372	-2.758
