GDC_Aliquot	Chromosome	Start	End	Num_Probes	Segment_Mean
51db3892-24cd-4779-bdfd-8fdd2d7669c3	1	62920	16037445	8429	-0.0738
51db3892-24cd-4779-bdfd-8fdd2d7669c3	1	16041638	16253378	93	0.1365
51db3892-24cd-4779-bdfd-8fdd2d7669c3	1	16253539	16685961	153	-0.077
51db3892-24cd-4779-bdfd-8fdd2d7669c3	1	16686246	16721984	8	-1.1372
51db3892-24cd-4779-bdfd-8fdd2d7669c3	1	16766762	19765469	2083	-0.0299
51db3892-24cd-4779-bdfd-8fdd2d7669c3	1	19765683	25266637	3245	-0.1361
51db3892-24cd-4779-bdfd-8fdd2d7669c3	1	25269390	25320253	22	0.4175
51db3892-24cd-4779-bdfd-8fdd2d7669c3	1	25320455	30258851	2384	-0.1404
51db3892-24cd-4779-bdfd-8fdd2d7669c3	1	30259533	30261189	2	-2.4151
51db3892-24cd-4779-bdfd-8fdd2d7669c3	1	30264526	34626037	2559	-0.1329
51db3892-24cd-4779-bdfd-8fdd2d7669c3	1	34626073	34648667	22	-0.6391
51db3892-24cd-4779-bdfd-8fdd2d7669c3	1	34649941	38131187	1822	-0.1342
51db3892-24cd-4779-bdfd-8fdd2d7669c3	1	38135808	38140728	3	-1.0529
51db3892-24cd-4779-bdfd-8fdd2d7669c3	1	38140783	44483279	3715	-0.1314
51db3892-24cd-4779-bdfd-8fdd2d7669c3	1	44483857	56108723	6648	-0.0184
51db3892-24cd-4779-bdfd-8fdd2d7669c3	1	56110757	56116300	2	-1.4057
51db3892-24cd-4779-bdfd-8fdd2d7669c3	1	56116363	69608541	9936	-0.0085
51db3892-24cd-4779-bdfd-8fdd2d7669c3	1	69610750	72303233	1627	-0.0633
51db3892-24cd-4779-bdfd-8fdd2d7669c3	1	72303253	72345450	44	-1.3366
51db3892-24cd-4779-bdfd-8fdd2d7669c3	1	72345465	82894677	6831	-0.0459
51db3892-24cd-4779-bdfd-8fdd2d7669c3	1	82895213	89772813	4580	0.0128
51db3892-24cd-4779-bdfd-8fdd2d7669c3	1	89773964	93243641	2057	-0.0356
51db3892-24cd-4779-bdfd-8fdd2d7669c3	1	93252538	95714889	1739	0.0359
51db3892-24cd-4779-bdfd-8fdd2d7669c3	1	95719282	98223887	1431	-0.0491
51db3892-24cd-4779-bdfd-8fdd2d7669c3	1	98223959	98224658	2	-1.3828
51db3892-24cd-4779-bdfd-8fdd2d7669c3	1	98227662	102221147	2646	-0.0192
51db3892-24cd-4779-bdfd-8fdd2d7669c3	1	102222016	102230487	7	0.6234
51db3892-24cd-4779-bdfd-8fdd2d7669c3	1	102233874	102396958	133	-0.0346
51db3892-24cd-4779-bdfd-8fdd2d7669c3	1	102397230	102397235	2	-1.6587
51db3892-24cd-4779-bdfd-8fdd2d7669c3	1	102397291	105470132	1518	-0.0636
51db3892-24cd-4779-bdfd-8fdd2d7669c3	1	105470754	105479753	18	0.5502
51db3892-24cd-4779-bdfd-8fdd2d7669c3	1	105481433	109690352	2635	-0.0122
51db3892-24cd-4779-bdfd-8fdd2d7669c3	1	109690415	109697556	12	-0.7072
51db3892-24cd-4779-bdfd-8fdd2d7669c3	1	109702376	110259213	358	0.0654
51db3892-24cd-4779-bdfd-8fdd2d7669c3	1	110259943	110833598	478	-0.0075
51db3892-24cd-4779-bdfd-8fdd2d7669c3	1	110834746	110841350	37	0.1999
51db3892-24cd-4779-bdfd-8fdd2d7669c3	1	110845562	111749925	704	-0.0602
51db3892-24cd-4779-bdfd-8fdd2d7669c3	1	111750084	111769532	8	0.0218
51db3892-24cd-4779-bdfd-8fdd2d7669c3	1	111769589	111770456	4	0.8885
51db3892-24cd-4779-bdfd-8fdd2d7669c3	1	111771943	112147704	362	-0.0002
51db3892-24cd-4779-bdfd-8fdd2d7669c3	1	112153343	112163440	28	0.3796
51db3892-24cd-4779-bdfd-8fdd2d7669c3	1	112163460	113224635	686	-0.0165
51db3892-24cd-4779-bdfd-8fdd2d7669c3	1	113225129	113231359	2	-1.9229
51db3892-24cd-4779-bdfd-8fdd2d7669c3	1	113231492	114289343	635	-0.0151
51db3892-24cd-4779-bdfd-8fdd2d7669c3	1	114291004	114291088	2	-1.7869
51db3892-24cd-4779-bdfd-8fdd2d7669c3	1	114291180	117902493	2374	-0.0325
51db3892-24cd-4779-bdfd-8fdd2d7669c3	1	117907629	117908547	3	-1.4637
51db3892-24cd-4779-bdfd-8fdd2d7669c3	1	117910756	121525887	1423	-0.0149
51db3892-24cd-4779-bdfd-8fdd2d7669c3	1	121528371	144432083	161	0.1621
51db3892-24cd-4779-bdfd-8fdd2d7669c3	1	144432313	152583230	2314	-0.0382
51db3892-24cd-4779-bdfd-8fdd2d7669c3	1	152583291	152613762	30	-1.7709
51db3892-24cd-4779-bdfd-8fdd2d7669c3	1	152613802	160979324	5220	-0.0538
51db3892-24cd-4779-bdfd-8fdd2d7669c3	1	160979506	179655082	13064	-0.0215
51db3892-24cd-4779-bdfd-8fdd2d7669c3	1	179656366	187660654	5334	0.0153
51db3892-24cd-4779-bdfd-8fdd2d7669c3	1	187661001	189446700	1146	-0.0531
51db3892-24cd-4779-bdfd-8fdd2d7669c3	1	189447191	190540779	789	-0.5867
51db3892-24cd-4779-bdfd-8fdd2d7669c3	1	190544222	196762956	4112	-0.0311
51db3892-24cd-4779-bdfd-8fdd2d7669c3	1	196769493	196907989	107	0.1292
51db3892-24cd-4779-bdfd-8fdd2d7669c3	1	196912259	200894147	2505	-0.0412
51db3892-24cd-4779-bdfd-8fdd2d7669c3	1	200894458	201403585	418	0.0844
51db3892-24cd-4779-bdfd-8fdd2d7669c3	1	201404342	237323479	24610	-0.0129
51db3892-24cd-4779-bdfd-8fdd2d7669c3	1	237323909	242923804	4444	-0.1284
51db3892-24cd-4779-bdfd-8fdd2d7669c3	1	242927561	248436996	3557	-0.0178
51db3892-24cd-4779-bdfd-8fdd2d7669c3	1	248437495	248471839	12	0.6509
51db3892-24cd-4779-bdfd-8fdd2d7669c3	1	248473963	248574146	18	-0.1918
51db3892-24cd-4779-bdfd-8fdd2d7669c3	1	248585893	248645808	34	-2.2957
51db3892-24cd-4779-bdfd-8fdd2d7669c3	1	248646068	248930189	139	-0.0146
51db3892-24cd-4779-bdfd-8fdd2d7669c3	2	12784	1006593	676	-0.1121
51db3892-24cd-4779-bdfd-8fdd2d7669c3	2	1008744	4615098	2713	-0.0189
51db3892-24cd-4779-bdfd-8fdd2d7669c3	2	4617685	8431347	3268	-0.0824
51db3892-24cd-4779-bdfd-8fdd2d7669c3	2	8434763	24111715	11120	-0.0311
51db3892-24cd-4779-bdfd-8fdd2d7669c3	2	24114016	28432921	2146	-0.0929
51db3892-24cd-4779-bdfd-8fdd2d7669c3	2	28435364	28729907	196	-0.6611
51db3892-24cd-4779-bdfd-8fdd2d7669c3	2	28731719	34466002	3961	-0.0599
51db3892-24cd-4779-bdfd-8fdd2d7669c3	2	34474248	34511990	46	-1.9
51db3892-24cd-4779-bdfd-8fdd2d7669c3	2	34512096	52527590	12997	-0.0449
51db3892-24cd-4779-bdfd-8fdd2d7669c3	2	52527727	52554404	35	0.3913
51db3892-24cd-4779-bdfd-8fdd2d7669c3	2	52560811	58348897	4092	-0.0616
51db3892-24cd-4779-bdfd-8fdd2d7669c3	2	58353647	58354076	4	-0.9676
51db3892-24cd-4779-bdfd-8fdd2d7669c3	2	58355724	61182782	1873	-0.0474
51db3892-24cd-4779-bdfd-8fdd2d7669c3	2	61185424	64056580	1341	-0.0974
51db3892-24cd-4779-bdfd-8fdd2d7669c3	2	64058741	65564409	992	-0.0489
51db3892-24cd-4779-bdfd-8fdd2d7669c3	2	65564634	67870971	1785	-0.1165
51db3892-24cd-4779-bdfd-8fdd2d7669c3	2	67873569	67924514	33	-0.4293
51db3892-24cd-4779-bdfd-8fdd2d7669c3	2	67925158	69716478	1222	-0.0996
51db3892-24cd-4779-bdfd-8fdd2d7669c3	2	69716734	75785690	3645	-0.0437
51db3892-24cd-4779-bdfd-8fdd2d7669c3	2	75785843	84096897	5388	-0.0997
51db3892-24cd-4779-bdfd-8fdd2d7669c3	2	84099520	85179753	618	-0.0358
51db3892-24cd-4779-bdfd-8fdd2d7669c3	2	85181812	86323119	714	0.026
51db3892-24cd-4779-bdfd-8fdd2d7669c3	2	86323409	86710564	200	-0.0709
51db3892-24cd-4779-bdfd-8fdd2d7669c3	2	86725947	86726731	2	1.6078
51db3892-24cd-4779-bdfd-8fdd2d7669c3	2	86743283	97537802	1935	-0.0586
51db3892-24cd-4779-bdfd-8fdd2d7669c3	2	97540809	97545247	3	-1.5495
51db3892-24cd-4779-bdfd-8fdd2d7669c3	2	97545726	100460414	1657	-0.0787
51db3892-24cd-4779-bdfd-8fdd2d7669c3	2	100460920	103310311	1861	-0.0326
51db3892-24cd-4779-bdfd-8fdd2d7669c3	2	103310583	105772504	1632	-0.0892
51db3892-24cd-4779-bdfd-8fdd2d7669c3	2	105773205	105774697	2	-1.1312
51db3892-24cd-4779-bdfd-8fdd2d7669c3	2	105774715	106263639	415	-0.0445
51db3892-24cd-4779-bdfd-8fdd2d7669c3	2	106264257	106268901	11	-1.7835
51db3892-24cd-4779-bdfd-8fdd2d7669c3	2	106270952	113854283	3910	-0.0352
51db3892-24cd-4779-bdfd-8fdd2d7669c3	2	113854491	118766574	3120	-0.0787
51db3892-24cd-4779-bdfd-8fdd2d7669c3	2	118766697	121357138	1630	-0.0134
51db3892-24cd-4779-bdfd-8fdd2d7669c3	2	121359988	128881423	4733	-0.0676
51db3892-24cd-4779-bdfd-8fdd2d7669c3	2	128881442	128882741	7	0.7616
51db3892-24cd-4779-bdfd-8fdd2d7669c3	2	128882755	129696449	661	-0.0933
51db3892-24cd-4779-bdfd-8fdd2d7669c3	2	129701576	132644651	1169	-0.0203
51db3892-24cd-4779-bdfd-8fdd2d7669c3	2	132647013	137701120	3412	-0.0635
51db3892-24cd-4779-bdfd-8fdd2d7669c3	2	137701874	138285244	357	0.0349
51db3892-24cd-4779-bdfd-8fdd2d7669c3	2	138287248	146104517	4815	-0.0839
51db3892-24cd-4779-bdfd-8fdd2d7669c3	2	146106836	146109366	24	0.6635
51db3892-24cd-4779-bdfd-8fdd2d7669c3	2	146120238	167825989	12930	-0.0543
51db3892-24cd-4779-bdfd-8fdd2d7669c3	2	167826903	177843311	6562	-0.0096
51db3892-24cd-4779-bdfd-8fdd2d7669c3	2	177843429	185174746	4597	-0.0435
51db3892-24cd-4779-bdfd-8fdd2d7669c3	2	185175384	191634164	3625	-0.0056
51db3892-24cd-4779-bdfd-8fdd2d7669c3	2	191638764	192562195	566	-0.7202
51db3892-24cd-4779-bdfd-8fdd2d7669c3	2	192569506	207485902	8670	-0.0427
51db3892-24cd-4779-bdfd-8fdd2d7669c3	2	207486030	207494612	19	0.3725
51db3892-24cd-4779-bdfd-8fdd2d7669c3	2	207494752	217585264	6606	-0.0581
51db3892-24cd-4779-bdfd-8fdd2d7669c3	2	217585867	219581417	1035	0.0147
51db3892-24cd-4779-bdfd-8fdd2d7669c3	2	219585556	225529265	4077	-0.0566
51db3892-24cd-4779-bdfd-8fdd2d7669c3	2	225530278	225535700	5	-1.2622
51db3892-24cd-4779-bdfd-8fdd2d7669c3	2	225538715	231946559	3913	-0.0577
51db3892-24cd-4779-bdfd-8fdd2d7669c3	2	231946908	242147305	6440	-0.1074
51db3892-24cd-4779-bdfd-8fdd2d7669c3	3	20930	32315	14	0.0895
51db3892-24cd-4779-bdfd-8fdd2d7669c3	3	35363	754997	609	-0.16
51db3892-24cd-4779-bdfd-8fdd2d7669c3	3	755699	6604856	5193	-0.0296
51db3892-24cd-4779-bdfd-8fdd2d7669c3	3	6609441	6611645	23	-0.8209
51db3892-24cd-4779-bdfd-8fdd2d7669c3	3	6613391	16199049	7055	-0.0565
51db3892-24cd-4779-bdfd-8fdd2d7669c3	3	16199122	16199672	5	-2.7786
51db3892-24cd-4779-bdfd-8fdd2d7669c3	3	16199818	23506254	4715	-0.0749
51db3892-24cd-4779-bdfd-8fdd2d7669c3	3	23507584	23798409	172	-0.6759
51db3892-24cd-4779-bdfd-8fdd2d7669c3	3	23801982	37415957	9446	-0.0699
51db3892-24cd-4779-bdfd-8fdd2d7669c3	3	37417687	38794968	965	-0.0018
51db3892-24cd-4779-bdfd-8fdd2d7669c3	3	38795816	43459907	3005	-0.0846
51db3892-24cd-4779-bdfd-8fdd2d7669c3	3	43465209	43465317	2	-1.3677
51db3892-24cd-4779-bdfd-8fdd2d7669c3	3	43473346	43516593	21	-0.1308
51db3892-24cd-4779-bdfd-8fdd2d7669c3	3	43516815	43516864	2	0.9948
51db3892-24cd-4779-bdfd-8fdd2d7669c3	3	43517605	44892427	653	-0.1153
51db3892-24cd-4779-bdfd-8fdd2d7669c3	3	44892712	45223285	237	0.0023
51db3892-24cd-4779-bdfd-8fdd2d7669c3	3	45224042	50120462	2353	-0.1234
51db3892-24cd-4779-bdfd-8fdd2d7669c3	3	50120758	50643727	222	0.0006
51db3892-24cd-4779-bdfd-8fdd2d7669c3	3	50644457	52989195	1011	-0.1054
51db3892-24cd-4779-bdfd-8fdd2d7669c3	3	52994359	53005100	37	-0.693
51db3892-24cd-4779-bdfd-8fdd2d7669c3	3	53005201	57522811	3194	-0.0917
51db3892-24cd-4779-bdfd-8fdd2d7669c3	3	57523142	60559630	2341	-0.0185
51db3892-24cd-4779-bdfd-8fdd2d7669c3	3	60559656	65191652	4012	-0.085
51db3892-24cd-4779-bdfd-8fdd2d7669c3	3	65194231	67420301	1686	-0.035
51db3892-24cd-4779-bdfd-8fdd2d7669c3	3	67420913	68682877	797	-0.0692
51db3892-24cd-4779-bdfd-8fdd2d7669c3	3	68697013	68698262	15	-0.8049
51db3892-24cd-4779-bdfd-8fdd2d7669c3	3	68699607	72830234	3135	-0.0504
51db3892-24cd-4779-bdfd-8fdd2d7669c3	3	72831847	77695568	3048	-0.0857
51db3892-24cd-4779-bdfd-8fdd2d7669c3	3	77695597	80328319	1449	-0.0224
51db3892-24cd-4779-bdfd-8fdd2d7669c3	3	80329094	97208101	7158	-0.0988
51db3892-24cd-4779-bdfd-8fdd2d7669c3	3	97223654	99225667	1118	-0.0689
51db3892-24cd-4779-bdfd-8fdd2d7669c3	3	99225703	99230448	31	-0.3434
51db3892-24cd-4779-bdfd-8fdd2d7669c3	3	99230457	100607461	750	-0.0344
51db3892-24cd-4779-bdfd-8fdd2d7669c3	3	100621224	100727772	59	0.6031
51db3892-24cd-4779-bdfd-8fdd2d7669c3	3	100728134	102389570	962	-0.0358
51db3892-24cd-4779-bdfd-8fdd2d7669c3	3	102390806	106705381	2707	0.38
51db3892-24cd-4779-bdfd-8fdd2d7669c3	3	106719191	106761470	22	-0.0641
51db3892-24cd-4779-bdfd-8fdd2d7669c3	3	106766529	109278511	1586	0.414
51db3892-24cd-4779-bdfd-8fdd2d7669c3	3	109280639	110322685	538	0.3517
51db3892-24cd-4779-bdfd-8fdd2d7669c3	3	110322927	110325883	5	0.8674
51db3892-24cd-4779-bdfd-8fdd2d7669c3	3	110329855	110650337	235	0.3657
51db3892-24cd-4779-bdfd-8fdd2d7669c3	3	110651686	114169685	2141	0.4269
51db3892-24cd-4779-bdfd-8fdd2d7669c3	3	114171429	114288979	74	0.0539
51db3892-24cd-4779-bdfd-8fdd2d7669c3	3	114297763	128665680	8999	0.3817
51db3892-24cd-4779-bdfd-8fdd2d7669c3	3	128667759	128693488	14	1.0619
51db3892-24cd-4779-bdfd-8fdd2d7669c3	3	128695318	128897516	124	0.3723
51db3892-24cd-4779-bdfd-8fdd2d7669c3	3	128899148	128918118	11	0.0015
51db3892-24cd-4779-bdfd-8fdd2d7669c3	3	128920561	130044016	485	0.4242
51db3892-24cd-4779-bdfd-8fdd2d7669c3	3	130044855	130088155	40	-0.1398
51db3892-24cd-4779-bdfd-8fdd2d7669c3	3	130089433	132269794	1432	0.3895
51db3892-24cd-4779-bdfd-8fdd2d7669c3	3	132270020	132276840	8	-0.5614
51db3892-24cd-4779-bdfd-8fdd2d7669c3	3	132281633	138063813	3483	0.3647
51db3892-24cd-4779-bdfd-8fdd2d7669c3	3	138065980	138135905	46	0.6108
51db3892-24cd-4779-bdfd-8fdd2d7669c3	3	138136296	139451262	650	0.3769
51db3892-24cd-4779-bdfd-8fdd2d7669c3	3	139453047	139518523	37	-0.0112
51db3892-24cd-4779-bdfd-8fdd2d7669c3	3	139518898	140823697	1072	0.3832
51db3892-24cd-4779-bdfd-8fdd2d7669c3	3	140826859	140828142	2	1.4143
51db3892-24cd-4779-bdfd-8fdd2d7669c3	3	140841776	141100099	136	0.3757
51db3892-24cd-4779-bdfd-8fdd2d7669c3	3	141100387	144668436	2232	0.4336
51db3892-24cd-4779-bdfd-8fdd2d7669c3	3	144668597	148554670	2328	0.382
51db3892-24cd-4779-bdfd-8fdd2d7669c3	3	148554692	153313835	3105	0.4242
51db3892-24cd-4779-bdfd-8fdd2d7669c3	3	153315388	159960467	3970	0.3728
51db3892-24cd-4779-bdfd-8fdd2d7669c3	3	159960853	159961118	2	-0.828
51db3892-24cd-4779-bdfd-8fdd2d7669c3	3	159971430	162794951	1767	0.3889
51db3892-24cd-4779-bdfd-8fdd2d7669c3	3	162795304	162908815	70	1.026
51db3892-24cd-4779-bdfd-8fdd2d7669c3	3	162910826	166668911	2160	0.3601
51db3892-24cd-4779-bdfd-8fdd2d7669c3	3	166673353	166940611	139	-0.029
51db3892-24cd-4779-bdfd-8fdd2d7669c3	3	166942883	171481414	2717	0.4022
51db3892-24cd-4779-bdfd-8fdd2d7669c3	3	171481779	173938967	1625	0.4588
51db3892-24cd-4779-bdfd-8fdd2d7669c3	3	173939028	175362803	1012	0.3705
51db3892-24cd-4779-bdfd-8fdd2d7669c3	3	175362822	175363437	5	-0.4401
51db3892-24cd-4779-bdfd-8fdd2d7669c3	3	175363536	175740958	270	0.4158
51db3892-24cd-4779-bdfd-8fdd2d7669c3	3	175745085	178642952	1752	0.0195
51db3892-24cd-4779-bdfd-8fdd2d7669c3	3	178643190	178795401	109	0.3744
51db3892-24cd-4779-bdfd-8fdd2d7669c3	3	178805553	179037835	127	0.0368
51db3892-24cd-4779-bdfd-8fdd2d7669c3	3	179039958	181404435	1401	0.3564
51db3892-24cd-4779-bdfd-8fdd2d7669c3	3	181405382	185213225	2090	0.4588
51db3892-24cd-4779-bdfd-8fdd2d7669c3	3	185213428	185268955	31	0.396
51db3892-24cd-4779-bdfd-8fdd2d7669c3	3	185271645	185312315	24	-0.0234
51db3892-24cd-4779-bdfd-8fdd2d7669c3	3	185314006	188517933	2397	0.4131
51db3892-24cd-4779-bdfd-8fdd2d7669c3	3	188519500	188854770	246	0.033
51db3892-24cd-4779-bdfd-8fdd2d7669c3	3	188860569	191970023	2209	0.4538
51db3892-24cd-4779-bdfd-8fdd2d7669c3	3	191972456	193156018	855	-0.0097
51db3892-24cd-4779-bdfd-8fdd2d7669c3	3	193156958	193168669	23	-0.5537
51db3892-24cd-4779-bdfd-8fdd2d7669c3	3	193168714	195000582	1232	0.0166
51db3892-24cd-4779-bdfd-8fdd2d7669c3	3	195001523	195212869	129	0.462
51db3892-24cd-4779-bdfd-8fdd2d7669c3	3	195213905	195445720	91	0.3086
51db3892-24cd-4779-bdfd-8fdd2d7669c3	3	195446355	195720051	53	0.5349
51db3892-24cd-4779-bdfd-8fdd2d7669c3	3	195728637	195800600	37	-0.1315
51db3892-24cd-4779-bdfd-8fdd2d7669c3	3	195801072	196105779	130	0.3242
51db3892-24cd-4779-bdfd-8fdd2d7669c3	3	196108648	196315930	100	0.0432
51db3892-24cd-4779-bdfd-8fdd2d7669c3	3	196316080	197153371	412	0.3378
51db3892-24cd-4779-bdfd-8fdd2d7669c3	3	197157581	197480801	183	0.452
51db3892-24cd-4779-bdfd-8fdd2d7669c3	3	197480994	198124600	317	0.3081
51db3892-24cd-4779-bdfd-8fdd2d7669c3	3	198125948	198169247	6	-0.1143
51db3892-24cd-4779-bdfd-8fdd2d7669c3	4	68929	79826	15	-0.1187
51db3892-24cd-4779-bdfd-8fdd2d7669c3	4	80417	25552710	16862	-0.6922
51db3892-24cd-4779-bdfd-8fdd2d7669c3	4	25554550	25576647	20	0.2067
51db3892-24cd-4779-bdfd-8fdd2d7669c3	4	25583761	34777432	5746	-0.6643
51db3892-24cd-4779-bdfd-8fdd2d7669c3	4	34784878	34823103	38	0.2185
51db3892-24cd-4779-bdfd-8fdd2d7669c3	4	34828250	40901145	3992	-0.6569
51db3892-24cd-4779-bdfd-8fdd2d7669c3	4	40903887	44966478	2596	-0.0904
51db3892-24cd-4779-bdfd-8fdd2d7669c3	4	44966586	45004175	41	0.6132
51db3892-24cd-4779-bdfd-8fdd2d7669c3	4	45004295	48065940	1672	-0.1184
51db3892-24cd-4779-bdfd-8fdd2d7669c3	4	48066766	49214614	661	0.0014
51db3892-24cd-4779-bdfd-8fdd2d7669c3	4	49289175	49289338	2	-1.5219
51db3892-24cd-4779-bdfd-8fdd2d7669c3	4	49295203	52045922	149	-0.0209
51db3892-24cd-4779-bdfd-8fdd2d7669c3	4	52046108	52765006	376	-0.1166
51db3892-24cd-4779-bdfd-8fdd2d7669c3	4	52767594	53608571	519	-0.0342
51db3892-24cd-4779-bdfd-8fdd2d7669c3	4	53608991	53609178	2	0.9481
51db3892-24cd-4779-bdfd-8fdd2d7669c3	4	53609192	54631719	793	-0.0171
51db3892-24cd-4779-bdfd-8fdd2d7669c3	4	54635559	54635754	3	-2.0967
51db3892-24cd-4779-bdfd-8fdd2d7669c3	4	54639193	63828222	5739	-0.084
51db3892-24cd-4779-bdfd-8fdd2d7669c3	4	63831751	63839936	19	0.1507
51db3892-24cd-4779-bdfd-8fdd2d7669c3	4	63840033	63842540	9	0.5534
51db3892-24cd-4779-bdfd-8fdd2d7669c3	4	63850713	65722833	1210	-0.0745
51db3892-24cd-4779-bdfd-8fdd2d7669c3	4	65726020	65732515	2	-1.1171
51db3892-24cd-4779-bdfd-8fdd2d7669c3	4	65734438	67167563	927	-0.05
51db3892-24cd-4779-bdfd-8fdd2d7669c3	4	67173511	69257792	1111	0.0056
51db3892-24cd-4779-bdfd-8fdd2d7669c3	4	69261926	69366081	54	-0.6786
51db3892-24cd-4779-bdfd-8fdd2d7669c3	4	69366304	77110115	4777	-0.0433
51db3892-24cd-4779-bdfd-8fdd2d7669c3	4	77117367	77409790	323	0.072
51db3892-24cd-4779-bdfd-8fdd2d7669c3	4	77409919	80380241	1781	-0.0613
51db3892-24cd-4779-bdfd-8fdd2d7669c3	4	80380327	87849233	4669	-0.0267
51db3892-24cd-4779-bdfd-8fdd2d7669c3	4	87849248	87849956	10	0.5247
51db3892-24cd-4779-bdfd-8fdd2d7669c3	4	87851943	88933041	608	-0.0321
51db3892-24cd-4779-bdfd-8fdd2d7669c3	4	88938724	91829294	1823	-0.085
51db3892-24cd-4779-bdfd-8fdd2d7669c3	4	91831321	91890724	28	0.3748
51db3892-24cd-4779-bdfd-8fdd2d7669c3	4	91892842	114252544	13300	-0.0522
51db3892-24cd-4779-bdfd-8fdd2d7669c3	4	114254167	114261019	23	-1.4467
51db3892-24cd-4779-bdfd-8fdd2d7669c3	4	114263073	133171669	11056	-0.0486
51db3892-24cd-4779-bdfd-8fdd2d7669c3	4	133171995	133275372	49	-0.6754
51db3892-24cd-4779-bdfd-8fdd2d7669c3	4	133278778	133295263	11	-0.174
51db3892-24cd-4779-bdfd-8fdd2d7669c3	4	133297370	133330720	18	0.2016
51db3892-24cd-4779-bdfd-8fdd2d7669c3	4	133335630	133501115	87	-0.0426
51db3892-24cd-4779-bdfd-8fdd2d7669c3	4	133502579	137017211	1896	-0.0773
51db3892-24cd-4779-bdfd-8fdd2d7669c3	4	137017324	152201060	9248	-0.0298
51db3892-24cd-4779-bdfd-8fdd2d7669c3	4	152203336	152332468	58	-0.6246
51db3892-24cd-4779-bdfd-8fdd2d7669c3	4	152337597	154881396	1616	-0.0055
51db3892-24cd-4779-bdfd-8fdd2d7669c3	4	154881853	154881926	3	-2.8185
51db3892-24cd-4779-bdfd-8fdd2d7669c3	4	154882047	155958199	753	-0.0404
51db3892-24cd-4779-bdfd-8fdd2d7669c3	4	155958414	155958987	8	0.4815
51db3892-24cd-4779-bdfd-8fdd2d7669c3	4	155959196	155964036	20	-0.1334
51db3892-24cd-4779-bdfd-8fdd2d7669c3	4	155966920	155967367	6	-0.6921
51db3892-24cd-4779-bdfd-8fdd2d7669c3	4	155969109	156035480	52	-0.0709
51db3892-24cd-4779-bdfd-8fdd2d7669c3	4	156046823	156052053	16	-0.8166
51db3892-24cd-4779-bdfd-8fdd2d7669c3	4	156053545	160959045	3065	-0.0731
51db3892-24cd-4779-bdfd-8fdd2d7669c3	4	160959151	160963756	17	-0.7598
51db3892-24cd-4779-bdfd-8fdd2d7669c3	4	160963767	162487620	1049	-0.0916
51db3892-24cd-4779-bdfd-8fdd2d7669c3	4	162490952	162769827	154	-0.787
51db3892-24cd-4779-bdfd-8fdd2d7669c3	4	162771365	162771575	2	-4.5229
51db3892-24cd-4779-bdfd-8fdd2d7669c3	4	162773611	164805846	1326	-0.7676
51db3892-24cd-4779-bdfd-8fdd2d7669c3	4	164805919	171448195	4129	-0.0605
51db3892-24cd-4779-bdfd-8fdd2d7669c3	4	171453733	171456625	12	-0.7021
51db3892-24cd-4779-bdfd-8fdd2d7669c3	4	171459220	172501371	639	-0.0794
51db3892-24cd-4779-bdfd-8fdd2d7669c3	4	172503796	172507492	7	0.8838
51db3892-24cd-4779-bdfd-8fdd2d7669c3	4	172519981	182609662	6839	-0.0808
51db3892-24cd-4779-bdfd-8fdd2d7669c3	4	182611114	187026270	3066	0.0129
51db3892-24cd-4779-bdfd-8fdd2d7669c3	4	187026647	190106768	1926	-0.0607
51db3892-24cd-4779-bdfd-8fdd2d7669c3	5	15532	731776	320	0.3245
51db3892-24cd-4779-bdfd-8fdd2d7669c3	5	732788	2783600	1423	0.3797
51db3892-24cd-4779-bdfd-8fdd2d7669c3	5	2783645	9036406	5481	0.321
51db3892-24cd-4779-bdfd-8fdd2d7669c3	5	9037775	10950328	1682	0.368
51db3892-24cd-4779-bdfd-8fdd2d7669c3	5	10951124	12800777	1283	0.3104
51db3892-24cd-4779-bdfd-8fdd2d7669c3	5	12815668	12838421	14	0.9989
51db3892-24cd-4779-bdfd-8fdd2d7669c3	5	12849089	14009305	734	0.3252
51db3892-24cd-4779-bdfd-8fdd2d7669c3	5	14012136	16060902	1454	0.39
51db3892-24cd-4779-bdfd-8fdd2d7669c3	5	16064367	17744476	1062	0.3355
51db3892-24cd-4779-bdfd-8fdd2d7669c3	5	17747964	31177521	8035	0.2956
51db3892-24cd-4779-bdfd-8fdd2d7669c3	5	31181365	36503363	3711	0.3662
51db3892-24cd-4779-bdfd-8fdd2d7669c3	5	36503674	36503828	3	1.432
51db3892-24cd-4779-bdfd-8fdd2d7669c3	5	36505589	39591504	2006	0.365
51db3892-24cd-4779-bdfd-8fdd2d7669c3	5	39593692	46191782	3440	0.3064
51db3892-24cd-4779-bdfd-8fdd2d7669c3	5	46195781	46199333	4	-1.098
51db3892-24cd-4779-bdfd-8fdd2d7669c3	5	46209197	46246478	10	0.2362
51db3892-24cd-4779-bdfd-8fdd2d7669c3	5	46246553	46273400	11	1.0477
51db3892-24cd-4779-bdfd-8fdd2d7669c3	5	46278110	58025819	5071	0.363
51db3892-24cd-4779-bdfd-8fdd2d7669c3	5	58030200	58037706	32	2.1315
51db3892-24cd-4779-bdfd-8fdd2d7669c3	5	58042530	63871614	3793	0.3562
51db3892-24cd-4779-bdfd-8fdd2d7669c3	5	63884019	81671419	10166	0.3276
51db3892-24cd-4779-bdfd-8fdd2d7669c3	5	81675689	83601086	1203	0.3676
51db3892-24cd-4779-bdfd-8fdd2d7669c3	5	83601212	89445260	3113	0.291
51db3892-24cd-4779-bdfd-8fdd2d7669c3	5	89445318	90060696	349	0.346
51db3892-24cd-4779-bdfd-8fdd2d7669c3	5	90067650	92208557	1207	0.4029
51db3892-24cd-4779-bdfd-8fdd2d7669c3	5	92214399	94821646	1276	0.3286
51db3892-24cd-4779-bdfd-8fdd2d7669c3	5	94830738	97916683	1920	0.3839
51db3892-24cd-4779-bdfd-8fdd2d7669c3	5	97919818	99156292	713	0.3012
51db3892-24cd-4779-bdfd-8fdd2d7669c3	5	99157253	100733747	893	0.3803
51db3892-24cd-4779-bdfd-8fdd2d7669c3	5	100737382	101729443	574	0.313
51db3892-24cd-4779-bdfd-8fdd2d7669c3	5	101729630	101945488	190	0.4733
51db3892-24cd-4779-bdfd-8fdd2d7669c3	5	101947464	104515520	1435	0.3313
51db3892-24cd-4779-bdfd-8fdd2d7669c3	5	104524672	104524903	4	-1.4875
51db3892-24cd-4779-bdfd-8fdd2d7669c3	5	104525348	112112450	4855	0.3297
51db3892-24cd-4779-bdfd-8fdd2d7669c3	5	112112720	113602235	1232	0.3884
51db3892-24cd-4779-bdfd-8fdd2d7669c3	5	113602265	113634662	23	0.6793
51db3892-24cd-4779-bdfd-8fdd2d7669c3	5	113637061	113999622	263	0.3847
51db3892-24cd-4779-bdfd-8fdd2d7669c3	5	113999692	115373440	951	0.327
51db3892-24cd-4779-bdfd-8fdd2d7669c3	5	115373758	116475577	878	0.3895
51db3892-24cd-4779-bdfd-8fdd2d7669c3	5	116475798	117041018	484	0.4493
51db3892-24cd-4779-bdfd-8fdd2d7669c3	5	117041390	127142573	6648	0.3737
51db3892-24cd-4779-bdfd-8fdd2d7669c3	5	127148270	132379470	2927	0.3406
51db3892-24cd-4779-bdfd-8fdd2d7669c3	5	132383353	132700560	210	-0.6906
51db3892-24cd-4779-bdfd-8fdd2d7669c3	5	132700875	140827458	4742	0.3699
51db3892-24cd-4779-bdfd-8fdd2d7669c3	5	140838209	140844251	4	-0.7433
51db3892-24cd-4779-bdfd-8fdd2d7669c3	5	140851936	148770616	5188	0.3615
51db3892-24cd-4779-bdfd-8fdd2d7669c3	5	148773562	151720282	2063	0.4107
51db3892-24cd-4779-bdfd-8fdd2d7669c3	5	151724108	152949558	838	0.366
51db3892-24cd-4779-bdfd-8fdd2d7669c3	5	152949919	154193531	858	0.3103
51db3892-24cd-4779-bdfd-8fdd2d7669c3	5	154194346	161121148	4794	0.3658
51db3892-24cd-4779-bdfd-8fdd2d7669c3	5	161122691	167797917	4366	0.3047
51db3892-24cd-4779-bdfd-8fdd2d7669c3	5	167799201	168754627	737	0.3548
51db3892-24cd-4779-bdfd-8fdd2d7669c3	5	168755277	168755771	2	-0.7274
51db3892-24cd-4779-bdfd-8fdd2d7669c3	5	168759212	169566322	704	0.3196
51db3892-24cd-4779-bdfd-8fdd2d7669c3	5	169569004	173756639	3072	0.3881
51db3892-24cd-4779-bdfd-8fdd2d7669c3	5	173759550	179676725	3490	0.3206
51db3892-24cd-4779-bdfd-8fdd2d7669c3	5	179677049	179678266	10	-0.299
51db3892-24cd-4779-bdfd-8fdd2d7669c3	5	179678327	180829060	664	0.3046
51db3892-24cd-4779-bdfd-8fdd2d7669c3	5	180831814	180831857	2	1.3798
51db3892-24cd-4779-bdfd-8fdd2d7669c3	5	180840129	180947523	52	0.1852
51db3892-24cd-4779-bdfd-8fdd2d7669c3	5	180951710	180991103	19	-2.0392
51db3892-24cd-4779-bdfd-8fdd2d7669c3	5	181006225	181363319	170	0.3048
51db3892-24cd-4779-bdfd-8fdd2d7669c3	6	149661	294725	123	-0.0421
51db3892-24cd-4779-bdfd-8fdd2d7669c3	6	294837	381149	79	0.912
51db3892-24cd-4779-bdfd-8fdd2d7669c3	6	382559	771987	327	-0.1458
51db3892-24cd-4779-bdfd-8fdd2d7669c3	6	776120	776878	2	-1.8335
51db3892-24cd-4779-bdfd-8fdd2d7669c3	6	779944	6025978	4316	-0.0521
51db3892-24cd-4779-bdfd-8fdd2d7669c3	6	6033698	6036812	4	-1.6822
51db3892-24cd-4779-bdfd-8fdd2d7669c3	6	6039980	6593462	533	-0.065
51db3892-24cd-4779-bdfd-8fdd2d7669c3	6	6593798	6956733	336	0.038
51db3892-24cd-4779-bdfd-8fdd2d7669c3	6	6957006	7977995	786	-0.0254
51db3892-24cd-4779-bdfd-8fdd2d7669c3	6	7978300	10108958	1500	-0.0719
51db3892-24cd-4779-bdfd-8fdd2d7669c3	6	10111290	10685609	480	-0.0116
51db3892-24cd-4779-bdfd-8fdd2d7669c3	6	10687095	10687513	2	-1.4944
51db3892-24cd-4779-bdfd-8fdd2d7669c3	6	10692288	28710361	12684	-0.0422
51db3892-24cd-4779-bdfd-8fdd2d7669c3	6	28717447	29868926	469	-0.8932
51db3892-24cd-4779-bdfd-8fdd2d7669c3	6	29868964	29972973	65	-0.3273
51db3892-24cd-4779-bdfd-8fdd2d7669c3	6	29980974	32463515	1108	-0.9087
51db3892-24cd-4779-bdfd-8fdd2d7669c3	6	32463775	32602588	34	0.5027
51db3892-24cd-4779-bdfd-8fdd2d7669c3	6	32605994	32722250	76	-0.6041
51db3892-24cd-4779-bdfd-8fdd2d7669c3	6	32723020	32723053	3	1.4324
51db3892-24cd-4779-bdfd-8fdd2d7669c3	6	32732907	34255625	904	-0.8672
51db3892-24cd-4779-bdfd-8fdd2d7669c3	6	34258242	43614354	5982	-0.0527
51db3892-24cd-4779-bdfd-8fdd2d7669c3	6	43614439	48963228	3448	-0.0092
51db3892-24cd-4779-bdfd-8fdd2d7669c3	6	48964092	48967563	5	-0.9096
51db3892-24cd-4779-bdfd-8fdd2d7669c3	6	48978926	49458031	253	-0.0119
51db3892-24cd-4779-bdfd-8fdd2d7669c3	6	49458680	49479582	15	0.6028
51db3892-24cd-4779-bdfd-8fdd2d7669c3	6	49490122	49577646	54	0.0507
51db3892-24cd-4779-bdfd-8fdd2d7669c3	6	49580675	52009966	1482	-0.0416
51db3892-24cd-4779-bdfd-8fdd2d7669c3	6	52010452	54066353	1499	0.0231
51db3892-24cd-4779-bdfd-8fdd2d7669c3	6	54066432	54067057	6	-0.8305
51db3892-24cd-4779-bdfd-8fdd2d7669c3	6	54070550	61586552	2605	-0.0027
51db3892-24cd-4779-bdfd-8fdd2d7669c3	6	61587001	69228625	4782	-0.0542
51db3892-24cd-4779-bdfd-8fdd2d7669c3	6	69231045	70989162	1088	0.0161
51db3892-24cd-4779-bdfd-8fdd2d7669c3	6	70994070	70994729	2	-1.6518
51db3892-24cd-4779-bdfd-8fdd2d7669c3	6	70995205	71067184	62	0.1753
51db3892-24cd-4779-bdfd-8fdd2d7669c3	6	71067777	71808414	525	0.0068
51db3892-24cd-4779-bdfd-8fdd2d7669c3	6	71808941	72153222	233	-0.0327
51db3892-24cd-4779-bdfd-8fdd2d7669c3	6	72156821	72157169	2	-2.3668
51db3892-24cd-4779-bdfd-8fdd2d7669c3	6	72158860	73882509	1088	-0.0159
51db3892-24cd-4779-bdfd-8fdd2d7669c3	6	73882741	73885038	6	0.907
51db3892-24cd-4779-bdfd-8fdd2d7669c3	6	73887573	73945424	42	-0.0458
51db3892-24cd-4779-bdfd-8fdd2d7669c3	6	73954534	73996894	30	-0.7721
51db3892-24cd-4779-bdfd-8fdd2d7669c3	6	73997434	76726442	1700	-0.0372
51db3892-24cd-4779-bdfd-8fdd2d7669c3	6	76726815	76751356	23	0.4486
51db3892-24cd-4779-bdfd-8fdd2d7669c3	6	76758214	76835519	79	0.0399
51db3892-24cd-4779-bdfd-8fdd2d7669c3	6	76836832	78159191	822	-0.0855
51db3892-24cd-4779-bdfd-8fdd2d7669c3	6	78159245	78253172	75	0.0401
51db3892-24cd-4779-bdfd-8fdd2d7669c3	6	78259348	78317528	103	0.2
51db3892-24cd-4779-bdfd-8fdd2d7669c3	6	78317580	79313928	581	-0.0471
51db3892-24cd-4779-bdfd-8fdd2d7669c3	6	79316994	81019091	1187	0.0122
51db3892-24cd-4779-bdfd-8fdd2d7669c3	6	81019263	86364226	3252	-0.0595
51db3892-24cd-4779-bdfd-8fdd2d7669c3	6	86364520	86369166	2	-1.2894
51db3892-24cd-4779-bdfd-8fdd2d7669c3	6	86369748	88169331	1138	-0.0526
51db3892-24cd-4779-bdfd-8fdd2d7669c3	6	88169487	90498949	1501	0.0023
51db3892-24cd-4779-bdfd-8fdd2d7669c3	6	90498974	94939321	3023	-0.0449
51db3892-24cd-4779-bdfd-8fdd2d7669c3	6	94948634	99072120	2228	-0.1067
51db3892-24cd-4779-bdfd-8fdd2d7669c3	6	99072646	100731203	1054	-0.0469
51db3892-24cd-4779-bdfd-8fdd2d7669c3	6	100731478	100731523	2	1.1249
51db3892-24cd-4779-bdfd-8fdd2d7669c3	6	100736707	103286950	1510	-0.0747
51db3892-24cd-4779-bdfd-8fdd2d7669c3	6	103286954	103314186	47	-1.1159
51db3892-24cd-4779-bdfd-8fdd2d7669c3	6	103317795	105257347	1187	-0.069
51db3892-24cd-4779-bdfd-8fdd2d7669c3	6	105257835	106808798	1102	0.0066
51db3892-24cd-4779-bdfd-8fdd2d7669c3	6	106810759	118601403	7070	-0.048
51db3892-24cd-4779-bdfd-8fdd2d7669c3	6	118605031	118740000	103	-0.6769
51db3892-24cd-4779-bdfd-8fdd2d7669c3	6	118744126	121192531	1446	-0.0905
51db3892-24cd-4779-bdfd-8fdd2d7669c3	6	121197655	129213624	4867	-0.0439
51db3892-24cd-4779-bdfd-8fdd2d7669c3	6	129214190	133914561	3278	-0.0706
51db3892-24cd-4779-bdfd-8fdd2d7669c3	6	133915005	133948494	15	0.2969
51db3892-24cd-4779-bdfd-8fdd2d7669c3	6	133950934	138863991	3422	-0.0203
51db3892-24cd-4779-bdfd-8fdd2d7669c3	6	138864412	149441715	6721	-0.0551
51db3892-24cd-4779-bdfd-8fdd2d7669c3	6	149442178	151202499	1203	0.0046
51db3892-24cd-4779-bdfd-8fdd2d7669c3	6	151211416	167194108	11639	-0.0564
51db3892-24cd-4779-bdfd-8fdd2d7669c3	6	167194527	169009818	1057	0.0143
51db3892-24cd-4779-bdfd-8fdd2d7669c3	6	169011303	169783406	639	-0.0664
51db3892-24cd-4779-bdfd-8fdd2d7669c3	6	169784045	170109144	110	0.0794
51db3892-24cd-4779-bdfd-8fdd2d7669c3	6	170110105	170741917	299	-0.125
51db3892-24cd-4779-bdfd-8fdd2d7669c3	7	43355	4612909	2497	-0.1483
51db3892-24cd-4779-bdfd-8fdd2d7669c3	7	4615958	6790272	915	-0.0753
51db3892-24cd-4779-bdfd-8fdd2d7669c3	7	6791067	6791305	2	-1.4681
51db3892-24cd-4779-bdfd-8fdd2d7669c3	7	6797375	16259399	7653	-0.0638
51db3892-24cd-4779-bdfd-8fdd2d7669c3	7	16260554	16318802	59	-0.1618
51db3892-24cd-4779-bdfd-8fdd2d7669c3	7	16320847	17705861	1144	0.0225
51db3892-24cd-4779-bdfd-8fdd2d7669c3	7	17705984	18856245	841	-0.0629
51db3892-24cd-4779-bdfd-8fdd2d7669c3	7	18857730	20334668	1341	0.0126
51db3892-24cd-4779-bdfd-8fdd2d7669c3	7	20337608	26015452	4318	-0.0584
51db3892-24cd-4779-bdfd-8fdd2d7669c3	7	26022240	26074189	26	0.4832
51db3892-24cd-4779-bdfd-8fdd2d7669c3	7	26081189	97980107	41604	-0.0783
51db3892-24cd-4779-bdfd-8fdd2d7669c3	7	97982029	97982736	3	-2.8156
51db3892-24cd-4779-bdfd-8fdd2d7669c3	7	97984459	98959339	462	-0.0452
51db3892-24cd-4779-bdfd-8fdd2d7669c3	7	98959418	99005016	35	-0.2602
51db3892-24cd-4779-bdfd-8fdd2d7669c3	7	99006170	99573789	268	-0.0314
51db3892-24cd-4779-bdfd-8fdd2d7669c3	7	99573826	104719661	2434	-0.1031
51db3892-24cd-4779-bdfd-8fdd2d7669c3	7	104721961	109801155	3311	-0.0471
51db3892-24cd-4779-bdfd-8fdd2d7669c3	7	109801187	109813853	11	-2.1184
51db3892-24cd-4779-bdfd-8fdd2d7669c3	7	109813925	111191112	916	-0.0997
51db3892-24cd-4779-bdfd-8fdd2d7669c3	7	111191532	112689674	967	-0.0091
51db3892-24cd-4779-bdfd-8fdd2d7669c3	7	112691741	125995196	7858	-0.0809
51db3892-24cd-4779-bdfd-8fdd2d7669c3	7	125996861	125996951	2	-1.5019
51db3892-24cd-4779-bdfd-8fdd2d7669c3	7	125998517	127545196	1128	-0.0819
51db3892-24cd-4779-bdfd-8fdd2d7669c3	7	127545234	128617815	589	0.0144
51db3892-24cd-4779-bdfd-8fdd2d7669c3	7	128620419	142070732	8516	-0.0706
51db3892-24cd-4779-bdfd-8fdd2d7669c3	7	142070827	142099190	28	-0.7733
51db3892-24cd-4779-bdfd-8fdd2d7669c3	7	142099360	142310376	157	-0.0639
51db3892-24cd-4779-bdfd-8fdd2d7669c3	7	142312468	143521765	737	0.0124
51db3892-24cd-4779-bdfd-8fdd2d7669c3	7	143529806	143603307	5	0.8898
51db3892-24cd-4779-bdfd-8fdd2d7669c3	7	143728285	143849210	29	0.1377
51db3892-24cd-4779-bdfd-8fdd2d7669c3	7	143849917	144207186	272	-0.0927
51db3892-24cd-4779-bdfd-8fdd2d7669c3	7	144249785	144352208	14	0.494
51db3892-24cd-4779-bdfd-8fdd2d7669c3	7	144377836	151270073	4261	-0.0871
51db3892-24cd-4779-bdfd-8fdd2d7669c3	7	151270726	152092941	512	-0.0046
51db3892-24cd-4779-bdfd-8fdd2d7669c3	7	152094073	153450553	783	-0.0804
51db3892-24cd-4779-bdfd-8fdd2d7669c3	7	153450560	153450627	2	-2.6511
51db3892-24cd-4779-bdfd-8fdd2d7669c3	7	153450630	156330551	2266	-0.0596
51db3892-24cd-4779-bdfd-8fdd2d7669c3	7	156335270	156335312	2	1.3475
51db3892-24cd-4779-bdfd-8fdd2d7669c3	7	156343048	158902837	1518	-0.0862
51db3892-24cd-4779-bdfd-8fdd2d7669c3	7	158909017	159229659	218	-0.2401
51db3892-24cd-4779-bdfd-8fdd2d7669c3	7	159233989	159334314	85	-0.0101
51db3892-24cd-4779-bdfd-8fdd2d7669c3	8	81254	897144	488	0.2008
51db3892-24cd-4779-bdfd-8fdd2d7669c3	8	897185	1411964	374	0.3143
51db3892-24cd-4779-bdfd-8fdd2d7669c3	8	1412156	1412536	9	-0.5757
51db3892-24cd-4779-bdfd-8fdd2d7669c3	8	1412568	4618446	3659	0.3446
51db3892-24cd-4779-bdfd-8fdd2d7669c3	8	4619348	4622567	7	-0.255
51db3892-24cd-4779-bdfd-8fdd2d7669c3	8	4624039	4627663	6	-0.7525
51db3892-24cd-4779-bdfd-8fdd2d7669c3	8	4628763	13820325	7680	0.3645
51db3892-24cd-4779-bdfd-8fdd2d7669c3	8	13820443	14718551	875	0.3085
51db3892-24cd-4779-bdfd-8fdd2d7669c3	8	14720091	14720102	2	-0.972
51db3892-24cd-4779-bdfd-8fdd2d7669c3	8	14720144	16053555	1205	0.2914
51db3892-24cd-4779-bdfd-8fdd2d7669c3	8	16053911	18994154	2611	0.3634
51db3892-24cd-4779-bdfd-8fdd2d7669c3	8	18994251	19001311	24	-0.3693
51db3892-24cd-4779-bdfd-8fdd2d7669c3	8	19008638	27184643	6169	0.3546
51db3892-24cd-4779-bdfd-8fdd2d7669c3	8	27188793	27188884	2	-1.0053
51db3892-24cd-4779-bdfd-8fdd2d7669c3	8	27196125	30068205	1934	0.386
51db3892-24cd-4779-bdfd-8fdd2d7669c3	8	30070544	33640133	2358	0.3099
51db3892-24cd-4779-bdfd-8fdd2d7669c3	8	33645011	33674608	11	-0.227
51db3892-24cd-4779-bdfd-8fdd2d7669c3	8	33674635	36194736	1388	0.3001
51db3892-24cd-4779-bdfd-8fdd2d7669c3	8	36195055	39373140	1714	0.3769
51db3892-24cd-4779-bdfd-8fdd2d7669c3	8	39378084	39529446	58	-2.1675
51db3892-24cd-4779-bdfd-8fdd2d7669c3	8	39530780	55878090	8359	0.3454
51db3892-24cd-4779-bdfd-8fdd2d7669c3	8	55878302	55934305	33	-0.0195
51db3892-24cd-4779-bdfd-8fdd2d7669c3	8	55934986	55938576	3	0.1966
51db3892-24cd-4779-bdfd-8fdd2d7669c3	8	55938773	55964201	43	0.6173
51db3892-24cd-4779-bdfd-8fdd2d7669c3	8	55968842	57552468	1015	0.3808
51db3892-24cd-4779-bdfd-8fdd2d7669c3	8	57554515	57554659	2	-1.1253
51db3892-24cd-4779-bdfd-8fdd2d7669c3	8	57556475	60086539	1673	0.3386
51db3892-24cd-4779-bdfd-8fdd2d7669c3	8	60086929	70042037	6066	0.3855
51db3892-24cd-4779-bdfd-8fdd2d7669c3	8	70042119	70048926	6	-0.3638
51db3892-24cd-4779-bdfd-8fdd2d7669c3	8	70048989	71300130	692	0.3927
51db3892-24cd-4779-bdfd-8fdd2d7669c3	8	71303076	71304364	8	-0.6222
51db3892-24cd-4779-bdfd-8fdd2d7669c3	8	71307628	81344825	6268	0.3934
51db3892-24cd-4779-bdfd-8fdd2d7669c3	8	81348248	84345754	1702	0.3476
51db3892-24cd-4779-bdfd-8fdd2d7669c3	8	84350648	84356431	19	-0.9201
51db3892-24cd-4779-bdfd-8fdd2d7669c3	8	84358447	93183655	4993	0.3548
51db3892-24cd-4779-bdfd-8fdd2d7669c3	8	93184488	96326970	2137	0.4219
51db3892-24cd-4779-bdfd-8fdd2d7669c3	8	96329862	96330113	2	-0.8471
51db3892-24cd-4779-bdfd-8fdd2d7669c3	8	96331740	101386235	2912	0.4022
51db3892-24cd-4779-bdfd-8fdd2d7669c3	8	101386358	101390714	31	0.7062
51db3892-24cd-4779-bdfd-8fdd2d7669c3	8	101396080	103746382	1519	0.4176
51db3892-24cd-4779-bdfd-8fdd2d7669c3	8	103748124	105712958	1162	0.3531
51db3892-24cd-4779-bdfd-8fdd2d7669c3	8	105712991	106016543	152	0.4416
51db3892-24cd-4779-bdfd-8fdd2d7669c3	8	106017116	106432667	290	0.518
51db3892-24cd-4779-bdfd-8fdd2d7669c3	8	106434278	109336020	1856	0.4029
51db3892-24cd-4779-bdfd-8fdd2d7669c3	8	109340298	111279265	1057	0.3485
51db3892-24cd-4779-bdfd-8fdd2d7669c3	8	111282050	111282852	7	-0.591
51db3892-24cd-4779-bdfd-8fdd2d7669c3	8	111282973	111283031	3	-2.5009
51db3892-24cd-4779-bdfd-8fdd2d7669c3	8	111288052	114619814	1820	0.3297
51db3892-24cd-4779-bdfd-8fdd2d7669c3	8	114622258	114629502	35	-0.4674
51db3892-24cd-4779-bdfd-8fdd2d7669c3	8	114638468	122047640	5000	0.3892
51db3892-24cd-4779-bdfd-8fdd2d7669c3	8	122047800	128618704	4730	0.4283
51db3892-24cd-4779-bdfd-8fdd2d7669c3	8	128619295	132769940	2946	0.4039
51db3892-24cd-4779-bdfd-8fdd2d7669c3	8	132770550	133710867	898	0.5039
51db3892-24cd-4779-bdfd-8fdd2d7669c3	8	133710876	138107743	3511	0.3709
51db3892-24cd-4779-bdfd-8fdd2d7669c3	8	138112285	139590373	1314	0.4206
51db3892-24cd-4779-bdfd-8fdd2d7669c3	8	139591259	139592959	6	1.0967
51db3892-24cd-4779-bdfd-8fdd2d7669c3	8	139593472	141748641	1329	0.4636
51db3892-24cd-4779-bdfd-8fdd2d7669c3	8	141752289	145072769	1325	0.3537
51db3892-24cd-4779-bdfd-8fdd2d7669c3	9	46587	1200130	1174	-0.1233
51db3892-24cd-4779-bdfd-8fdd2d7669c3	9	1200703	6552103	5072	-0.0342
51db3892-24cd-4779-bdfd-8fdd2d7669c3	9	6553054	7211644	641	-0.0791
51db3892-24cd-4779-bdfd-8fdd2d7669c3	9	7213457	7213459	2	-1.4644
51db3892-24cd-4779-bdfd-8fdd2d7669c3	9	7214782	9358633	2045	-0.1107
51db3892-24cd-4779-bdfd-8fdd2d7669c3	9	9361571	9404090	49	0.1575
51db3892-24cd-4779-bdfd-8fdd2d7669c3	9	9404584	11379133	1785	-0.0861
51db3892-24cd-4779-bdfd-8fdd2d7669c3	9	11379630	13381136	1496	-0.0033
51db3892-24cd-4779-bdfd-8fdd2d7669c3	9	13381888	17632545	3609	-0.0645
51db3892-24cd-4779-bdfd-8fdd2d7669c3	9	17633234	17633310	2	-1.5532
51db3892-24cd-4779-bdfd-8fdd2d7669c3	9	17634922	23361807	4539	-0.0704
51db3892-24cd-4779-bdfd-8fdd2d7669c3	9	23363117	23373486	8	0.8003
51db3892-24cd-4779-bdfd-8fdd2d7669c3	9	23378490	42037471	10855	-0.0694
51db3892-24cd-4779-bdfd-8fdd2d7669c3	9	42042339	42230926	22	-0.4729
51db3892-24cd-4779-bdfd-8fdd2d7669c3	9	42259927	42697878	16	0.1418
51db3892-24cd-4779-bdfd-8fdd2d7669c3	9	42698168	42726239	11	-0.648
51db3892-24cd-4779-bdfd-8fdd2d7669c3	9	42727685	61405110	42	0.0049
51db3892-24cd-4779-bdfd-8fdd2d7669c3	9	61520021	61665362	31	-1.1297
51db3892-24cd-4779-bdfd-8fdd2d7669c3	9	61668104	100378177	22527	-0.0741
51db3892-24cd-4779-bdfd-8fdd2d7669c3	9	100381992	100382008	2	-1.561
51db3892-24cd-4779-bdfd-8fdd2d7669c3	9	100382747	100670859	160	-0.0708
51db3892-24cd-4779-bdfd-8fdd2d7669c3	9	100671586	100671815	2	-1.7419
51db3892-24cd-4779-bdfd-8fdd2d7669c3	9	100675493	103804216	2272	-0.0844
51db3892-24cd-4779-bdfd-8fdd2d7669c3	9	103806415	103807009	2	-2.7996
51db3892-24cd-4779-bdfd-8fdd2d7669c3	9	103808421	104034450	150	-0.1264
51db3892-24cd-4779-bdfd-8fdd2d7669c3	9	104034664	106561816	1896	-0.072
51db3892-24cd-4779-bdfd-8fdd2d7669c3	9	106562007	109547778	2413	-0.0265
51db3892-24cd-4779-bdfd-8fdd2d7669c3	9	109548492	111779377	1796	-0.0784
51db3892-24cd-4779-bdfd-8fdd2d7669c3	9	111780348	115405160	2619	-0.0336
51db3892-24cd-4779-bdfd-8fdd2d7669c3	9	115405493	124899366	6910	-0.0794
51db3892-24cd-4779-bdfd-8fdd2d7669c3	9	124911106	138200944	7320	-0.1184
51db3892-24cd-4779-bdfd-8fdd2d7669c3	10	45792	2917539	2330	-0.1356
51db3892-24cd-4779-bdfd-8fdd2d7669c3	10	2918125	5268570	2164	-0.0838
51db3892-24cd-4779-bdfd-8fdd2d7669c3	10	5268717	5269470	3	-1.097
51db3892-24cd-4779-bdfd-8fdd2d7669c3	10	5270347	7365372	1885	-0.0638
51db3892-24cd-4779-bdfd-8fdd2d7669c3	10	7365700	11003130	2948	-0.1196
51db3892-24cd-4779-bdfd-8fdd2d7669c3	10	11004209	15451692	3688	-0.0562
51db3892-24cd-4779-bdfd-8fdd2d7669c3	10	15454749	15923992	375	-0.1026
51db3892-24cd-4779-bdfd-8fdd2d7669c3	10	15924536	19930339	3014	-0.1426
51db3892-24cd-4779-bdfd-8fdd2d7669c3	10	19931655	24088746	2771	-0.0947
51db3892-24cd-4779-bdfd-8fdd2d7669c3	10	24088747	24089125	9	-1.7473
51db3892-24cd-4779-bdfd-8fdd2d7669c3	10	24089979	27371387	2230	-0.0902
51db3892-24cd-4779-bdfd-8fdd2d7669c3	10	27371424	27429412	59	0.1569
51db3892-24cd-4779-bdfd-8fdd2d7669c3	10	27429912	29396771	1488	-0.1133
51db3892-24cd-4779-bdfd-8fdd2d7669c3	10	29397063	29797215	326	-0.0266
51db3892-24cd-4779-bdfd-8fdd2d7669c3	10	29800021	29801297	6	-0.5509
51db3892-24cd-4779-bdfd-8fdd2d7669c3	10	29801849	30028897	218	0.0205
51db3892-24cd-4779-bdfd-8fdd2d7669c3	10	30029759	45278433	7684	-0.0867
51db3892-24cd-4779-bdfd-8fdd2d7669c3	10	45280567	46560525	487	-0.0261
51db3892-24cd-4779-bdfd-8fdd2d7669c3	10	46606240	46632302	5	-0.9866
51db3892-24cd-4779-bdfd-8fdd2d7669c3	10	46657149	50790241	2094	-0.0367
51db3892-24cd-4779-bdfd-8fdd2d7669c3	10	50790254	54697027	3078	-0.1067
51db3892-24cd-4779-bdfd-8fdd2d7669c3	10	54697413	54708677	10	1.0246
51db3892-24cd-4779-bdfd-8fdd2d7669c3	10	54712504	55691907	663	-0.0815
51db3892-24cd-4779-bdfd-8fdd2d7669c3	10	55697014	55697030	2	1.3928
51db3892-24cd-4779-bdfd-8fdd2d7669c3	10	55697140	65548193	6853	-0.0741
51db3892-24cd-4779-bdfd-8fdd2d7669c3	10	65548259	65554672	24	0.371
51db3892-24cd-4779-bdfd-8fdd2d7669c3	10	65554688	76493093	6785	-0.0799
51db3892-24cd-4779-bdfd-8fdd2d7669c3	10	76497303	76497852	2	1.3858
51db3892-24cd-4779-bdfd-8fdd2d7669c3	10	76501509	77666205	963	-0.0799
51db3892-24cd-4779-bdfd-8fdd2d7669c3	10	77669217	79356825	1373	-0.0154
51db3892-24cd-4779-bdfd-8fdd2d7669c3	10	79360264	81036874	937	-0.0706
51db3892-24cd-4779-bdfd-8fdd2d7669c3	10	81037000	83817372	2114	-0.1533
51db3892-24cd-4779-bdfd-8fdd2d7669c3	10	83817474	106265335	14194	-0.1163
51db3892-24cd-4779-bdfd-8fdd2d7669c3	10	106267632	109265427	2282	-0.1547
51db3892-24cd-4779-bdfd-8fdd2d7669c3	10	109268937	125226327	11446	-0.0587
51db3892-24cd-4779-bdfd-8fdd2d7669c3	10	125227554	130733654	4331	-0.1109
51db3892-24cd-4779-bdfd-8fdd2d7669c3	10	130733870	133654968	1780	-0.0721
51db3892-24cd-4779-bdfd-8fdd2d7669c3	11	198510	4946420	2419	-0.0746
51db3892-24cd-4779-bdfd-8fdd2d7669c3	11	4947280	4955042	30	0.541
51db3892-24cd-4779-bdfd-8fdd2d7669c3	11	4955781	5186944	190	-0.0676
51db3892-24cd-4779-bdfd-8fdd2d7669c3	11	5186978	5187269	3	1.2742
51db3892-24cd-4779-bdfd-8fdd2d7669c3	11	5188140	5766850	592	-0.1151
51db3892-24cd-4779-bdfd-8fdd2d7669c3	11	5766862	5787096	27	0.2614
51db3892-24cd-4779-bdfd-8fdd2d7669c3	11	5787110	6086560	243	-0.0761
51db3892-24cd-4779-bdfd-8fdd2d7669c3	11	6087039	6100864	8	-1.1302
51db3892-24cd-4779-bdfd-8fdd2d7669c3	11	6101273	7847983	1283	-0.0795
51db3892-24cd-4779-bdfd-8fdd2d7669c3	11	7848201	7848373	2	-1.6776
51db3892-24cd-4779-bdfd-8fdd2d7669c3	11	7857629	11827328	2981	-0.0578
51db3892-24cd-4779-bdfd-8fdd2d7669c3	11	11827647	11828552	2	-1.3687
51db3892-24cd-4779-bdfd-8fdd2d7669c3	11	11828613	18071054	4350	-0.0536
51db3892-24cd-4779-bdfd-8fdd2d7669c3	11	18072696	18078182	3	-1.0957
51db3892-24cd-4779-bdfd-8fdd2d7669c3	11	18079027	18927562	539	-0.0839
51db3892-24cd-4779-bdfd-8fdd2d7669c3	11	18927778	18939631	33	-0.7162
51db3892-24cd-4779-bdfd-8fdd2d7669c3	11	18939734	21494420	2348	-0.0457
51db3892-24cd-4779-bdfd-8fdd2d7669c3	11	21494921	21825348	256	-0.1155
51db3892-24cd-4779-bdfd-8fdd2d7669c3	11	21825960	21827206	5	-1.0145
51db3892-24cd-4779-bdfd-8fdd2d7669c3	11	21829111	24888099	2124	-0.1135
51db3892-24cd-4779-bdfd-8fdd2d7669c3	11	24888118	25633667	566	-0.0516
51db3892-24cd-4779-bdfd-8fdd2d7669c3	11	25639130	25643255	5	-0.9694
51db3892-24cd-4779-bdfd-8fdd2d7669c3	11	25644343	29272965	2456	-0.0426
51db3892-24cd-4779-bdfd-8fdd2d7669c3	11	29273200	32821815	2335	-0.0865
51db3892-24cd-4779-bdfd-8fdd2d7669c3	11	32822469	37646484	3692	-0.0285
51db3892-24cd-4779-bdfd-8fdd2d7669c3	11	37646530	43706027	4026	-0.1223
51db3892-24cd-4779-bdfd-8fdd2d7669c3	11	43706267	55609158	3963	-0.054
51db3892-24cd-4779-bdfd-8fdd2d7669c3	11	55609178	55685058	46	0.2649
51db3892-24cd-4779-bdfd-8fdd2d7669c3	11	55685501	62057695	3785	-0.0659
51db3892-24cd-4779-bdfd-8fdd2d7669c3	11	62057949	71832965	4577	-0.1259
51db3892-24cd-4779-bdfd-8fdd2d7669c3	11	71838957	71839046	2	-1.7863
51db3892-24cd-4779-bdfd-8fdd2d7669c3	11	71840556	75297526	1748	-0.1213
51db3892-24cd-4779-bdfd-8fdd2d7669c3	11	75298275	81167417	3879	-0.0718
51db3892-24cd-4779-bdfd-8fdd2d7669c3	11	81167428	81176042	17	-0.5521
51db3892-24cd-4779-bdfd-8fdd2d7669c3	11	81180314	92613212	7675	-0.083
51db3892-24cd-4779-bdfd-8fdd2d7669c3	11	92620823	93285549	514	-0.0184
51db3892-24cd-4779-bdfd-8fdd2d7669c3	11	93287317	93288077	2	-1.4855
51db3892-24cd-4779-bdfd-8fdd2d7669c3	11	93292250	96867485	2574	-0.0097
51db3892-24cd-4779-bdfd-8fdd2d7669c3	11	96868383	101976834	3951	-0.0716
51db3892-24cd-4779-bdfd-8fdd2d7669c3	11	101978150	102765486	486	0.0466
51db3892-24cd-4779-bdfd-8fdd2d7669c3	11	102765643	104097582	949	-0.063
51db3892-24cd-4779-bdfd-8fdd2d7669c3	11	104097748	133615818	20959	-0.7631
51db3892-24cd-4779-bdfd-8fdd2d7669c3	11	133619907	135074876	1068	-0.0765
51db3892-24cd-4779-bdfd-8fdd2d7669c3	12	51460	6032115	4462	0.3038
51db3892-24cd-4779-bdfd-8fdd2d7669c3	12	6036983	7149386	564	0.3803
51db3892-24cd-4779-bdfd-8fdd2d7669c3	12	7153461	9307938	1069	0.2958
51db3892-24cd-4779-bdfd-8fdd2d7669c3	12	9308632	9315213	2	-1.4661
51db3892-24cd-4779-bdfd-8fdd2d7669c3	12	9320561	9582374	103	0.2588
51db3892-24cd-4779-bdfd-8fdd2d7669c3	12	9583090	11083616	1042	0.3547
51db3892-24cd-4779-bdfd-8fdd2d7669c3	12	11084237	11088933	3	1.4281
51db3892-24cd-4779-bdfd-8fdd2d7669c3	12	11099275	13970151	2328	0.3716
51db3892-24cd-4779-bdfd-8fdd2d7669c3	12	13970469	15374620	814	0.2931
51db3892-24cd-4779-bdfd-8fdd2d7669c3	12	15380035	15386946	7	-1.1275
51db3892-24cd-4779-bdfd-8fdd2d7669c3	12	15388780	18051928	1629	0.293
51db3892-24cd-4779-bdfd-8fdd2d7669c3	12	18053143	22095884	2666	0.336
51db3892-24cd-4779-bdfd-8fdd2d7669c3	12	22096001	22096195	5	1.0037
51db3892-24cd-4779-bdfd-8fdd2d7669c3	12	22096272	22130302	46	0.2911
51db3892-24cd-4779-bdfd-8fdd2d7669c3	12	22130331	22162594	12	0.6514
51db3892-24cd-4779-bdfd-8fdd2d7669c3	12	22163175	23007032	578	0.3305
51db3892-24cd-4779-bdfd-8fdd2d7669c3	12	23008917	24754884	1174	0.2934
51db3892-24cd-4779-bdfd-8fdd2d7669c3	12	24759307	28027375	2500	0.366
51db3892-24cd-4779-bdfd-8fdd2d7669c3	12	28028300	33141710	3769	0.3249
51db3892-24cd-4779-bdfd-8fdd2d7669c3	12	33141726	33189790	59	0.5619
51db3892-24cd-4779-bdfd-8fdd2d7669c3	12	33190658	34097761	551	0.3588
51db3892-24cd-4779-bdfd-8fdd2d7669c3	12	34103774	34111154	9	-1.0334
51db3892-24cd-4779-bdfd-8fdd2d7669c3	12	34122447	38716482	692	0.3414
51db3892-24cd-4779-bdfd-8fdd2d7669c3	12	38716511	40449458	1038	0.2577
51db3892-24cd-4779-bdfd-8fdd2d7669c3	12	40449719	45506042	3266	0.3175
51db3892-24cd-4779-bdfd-8fdd2d7669c3	12	45510655	45515754	4	-1.7837
51db3892-24cd-4779-bdfd-8fdd2d7669c3	12	45519509	49153564	2112	0.3476
51db3892-24cd-4779-bdfd-8fdd2d7669c3	12	49155424	51961610	1368	0.2633
51db3892-24cd-4779-bdfd-8fdd2d7669c3	12	51963896	52555091	508	0.3977
51db3892-24cd-4779-bdfd-8fdd2d7669c3	12	52556073	55332781	1656	0.3235
51db3892-24cd-4779-bdfd-8fdd2d7669c3	12	55332813	55399451	50	0.0822
51db3892-24cd-4779-bdfd-8fdd2d7669c3	12	55401743	58323631	1491	0.3473
51db3892-24cd-4779-bdfd-8fdd2d7669c3	12	58323655	58336379	9	0.8876
51db3892-24cd-4779-bdfd-8fdd2d7669c3	12	58337065	59925984	1164	0.3557
51db3892-24cd-4779-bdfd-8fdd2d7669c3	12	59934246	62584826	1562	0.2787
51db3892-24cd-4779-bdfd-8fdd2d7669c3	12	62585436	68768721	4091	0.3282
51db3892-24cd-4779-bdfd-8fdd2d7669c3	12	68770866	70471798	1152	0.3657
51db3892-24cd-4779-bdfd-8fdd2d7669c3	12	70475672	70478895	4	-0.4612
51db3892-24cd-4779-bdfd-8fdd2d7669c3	12	70482534	72897269	1559	0.387
51db3892-24cd-4779-bdfd-8fdd2d7669c3	12	72901408	72929218	20	0.3112
51db3892-24cd-4779-bdfd-8fdd2d7669c3	12	72939670	72945058	2	-1.0441
51db3892-24cd-4779-bdfd-8fdd2d7669c3	12	72947424	86954397	8651	0.3254
51db3892-24cd-4779-bdfd-8fdd2d7669c3	12	86954735	93891814	4332	0.381
51db3892-24cd-4779-bdfd-8fdd2d7669c3	12	93892887	106812981	8995	0.3382
51db3892-24cd-4779-bdfd-8fdd2d7669c3	12	106816343	124247673	10918	0.2944
51db3892-24cd-4779-bdfd-8fdd2d7669c3	12	124247706	125348171	727	0.3693
51db3892-24cd-4779-bdfd-8fdd2d7669c3	12	125353708	129972158	4096	0.3003
51db3892-24cd-4779-bdfd-8fdd2d7669c3	12	129972419	130317661	330	0.4048
51db3892-24cd-4779-bdfd-8fdd2d7669c3	12	130320193	131635702	1066	0.3055
51db3892-24cd-4779-bdfd-8fdd2d7669c3	12	131636170	131648790	14	1.0305
51db3892-24cd-4779-bdfd-8fdd2d7669c3	12	131657925	133201603	559	0.2827
51db3892-24cd-4779-bdfd-8fdd2d7669c3	13	18452809	20623366	1158	-0.0383
51db3892-24cd-4779-bdfd-8fdd2d7669c3	13	20624124	23447777	2016	-0.1043
51db3892-24cd-4779-bdfd-8fdd2d7669c3	13	23450205	25688042	1650	-0.0405
51db3892-24cd-4779-bdfd-8fdd2d7669c3	13	25688462	25688539	2	-2.5771
51db3892-24cd-4779-bdfd-8fdd2d7669c3	13	25690991	28155886	1904	-0.0794
51db3892-24cd-4779-bdfd-8fdd2d7669c3	13	28155985	37501828	6713	-0.7746
51db3892-24cd-4779-bdfd-8fdd2d7669c3	13	37502130	37510620	12	-2.6997
51db3892-24cd-4779-bdfd-8fdd2d7669c3	13	37514193	71475748	21236	-0.744
51db3892-24cd-4779-bdfd-8fdd2d7669c3	13	71476284	86850585	10195	-0.0589
51db3892-24cd-4779-bdfd-8fdd2d7669c3	13	86850911	93540099	4172	-0.1049
51db3892-24cd-4779-bdfd-8fdd2d7669c3	13	93540410	101018947	4936	-0.04
51db3892-24cd-4779-bdfd-8fdd2d7669c3	13	101019025	109257900	6799	-0.0811
51db3892-24cd-4779-bdfd-8fdd2d7669c3	13	109261202	113421935	2848	-0.0317
51db3892-24cd-4779-bdfd-8fdd2d7669c3	13	113426059	114342922	379	-0.1372
51db3892-24cd-4779-bdfd-8fdd2d7669c3	14	18239283	19197351	40	0.0643
51db3892-24cd-4779-bdfd-8fdd2d7669c3	14	19203845	19957752	131	-0.4313
51db3892-24cd-4779-bdfd-8fdd2d7669c3	14	19958388	20697320	562	-0.1072
51db3892-24cd-4779-bdfd-8fdd2d7669c3	14	20698068	20710239	7	-0.8214
51db3892-24cd-4779-bdfd-8fdd2d7669c3	14	20711122	21783809	631	-0.1023
51db3892-24cd-4779-bdfd-8fdd2d7669c3	14	21784100	24438911	1747	-0.0254
51db3892-24cd-4779-bdfd-8fdd2d7669c3	14	24439525	31865394	4476	-0.1045
51db3892-24cd-4779-bdfd-8fdd2d7669c3	14	31865410	40216216	5496	-0.0612
51db3892-24cd-4779-bdfd-8fdd2d7669c3	14	40219444	41139155	665	-0.1197
51db3892-24cd-4779-bdfd-8fdd2d7669c3	14	41141293	41184774	13	-3.1407
51db3892-24cd-4779-bdfd-8fdd2d7669c3	14	41188046	43349029	1346	-0.1131
51db3892-24cd-4779-bdfd-8fdd2d7669c3	14	43350333	46402212	1669	-0.0417
51db3892-24cd-4779-bdfd-8fdd2d7669c3	14	46402980	49338516	1779	-0.1097
51db3892-24cd-4779-bdfd-8fdd2d7669c3	14	49339357	51866274	1622	-0.0332
51db3892-24cd-4779-bdfd-8fdd2d7669c3	14	51869964	60492847	5778	-0.0908
51db3892-24cd-4779-bdfd-8fdd2d7669c3	14	60494581	61926691	867	-0.0239
51db3892-24cd-4779-bdfd-8fdd2d7669c3	14	61930033	73526068	7394	-0.0876
51db3892-24cd-4779-bdfd-8fdd2d7669c3	14	73529070	73554275	10	0.5563
51db3892-24cd-4779-bdfd-8fdd2d7669c3	14	73563196	76239604	1598	-0.098
51db3892-24cd-4779-bdfd-8fdd2d7669c3	14	76240618	76258618	12	-0.6733
51db3892-24cd-4779-bdfd-8fdd2d7669c3	14	76260319	77127441	588	-0.0726
51db3892-24cd-4779-bdfd-8fdd2d7669c3	14	77129446	96812470	13301	-0.788
51db3892-24cd-4779-bdfd-8fdd2d7669c3	14	96812883	96821652	3	-3.5883
51db3892-24cd-4779-bdfd-8fdd2d7669c3	14	96821674	102424306	3818	-0.8345
51db3892-24cd-4779-bdfd-8fdd2d7669c3	14	102425309	103259797	407	-2.3312
51db3892-24cd-4779-bdfd-8fdd2d7669c3	14	103261911	103941074	324	-0.7091
51db3892-24cd-4779-bdfd-8fdd2d7669c3	14	103942619	106877229	1017	-0.1197
51db3892-24cd-4779-bdfd-8fdd2d7669c3	15	19811075	20041119	48	-0.0521
51db3892-24cd-4779-bdfd-8fdd2d7669c3	15	20041902	20668932	101	-0.632
51db3892-24cd-4779-bdfd-8fdd2d7669c3	15	20670516	21262847	19	0.0747
51db3892-24cd-4779-bdfd-8fdd2d7669c3	15	21266108	22606745	50	-0.4136
51db3892-24cd-4779-bdfd-8fdd2d7669c3	15	22619116	23442538	320	-0.0029
51db3892-24cd-4779-bdfd-8fdd2d7669c3	15	23443797	24424509	658	-0.1308
51db3892-24cd-4779-bdfd-8fdd2d7669c3	15	24424598	24469692	31	-0.7604
51db3892-24cd-4779-bdfd-8fdd2d7669c3	15	24469711	27600981	2283	-0.1254
51db3892-24cd-4779-bdfd-8fdd2d7669c3	15	27601669	34812551	4217	-0.0619
51db3892-24cd-4779-bdfd-8fdd2d7669c3	15	34813456	38433599	2447	-0.1151
51db3892-24cd-4779-bdfd-8fdd2d7669c3	15	38441646	38442921	2	-1.3863
51db3892-24cd-4779-bdfd-8fdd2d7669c3	15	38443164	39399860	812	-0.1133
51db3892-24cd-4779-bdfd-8fdd2d7669c3	15	39401040	39403950	6	-0.7058
51db3892-24cd-4779-bdfd-8fdd2d7669c3	15	39404803	40012719	429	-0.1006
51db3892-24cd-4779-bdfd-8fdd2d7669c3	15	40032280	41833542	842	-0.7697
51db3892-24cd-4779-bdfd-8fdd2d7669c3	15	41833793	60467423	11661	-0.0937
51db3892-24cd-4779-bdfd-8fdd2d7669c3	15	60468469	60468937	2	-1.9458
51db3892-24cd-4779-bdfd-8fdd2d7669c3	15	60474489	76598900	9960	-0.1152
51db3892-24cd-4779-bdfd-8fdd2d7669c3	15	76599170	76603434	21	0.833
51db3892-24cd-4779-bdfd-8fdd2d7669c3	15	76609838	88121939	7335	-0.1133
51db3892-24cd-4779-bdfd-8fdd2d7669c3	15	88123415	101178782	9743	-0.0601
51db3892-24cd-4779-bdfd-8fdd2d7669c3	15	101179938	101928837	527	-0.1293
51db3892-24cd-4779-bdfd-8fdd2d7669c3	16	10777	8319850	5933	-0.1456
51db3892-24cd-4779-bdfd-8fdd2d7669c3	16	8320623	8320750	2	-2.5543
51db3892-24cd-4779-bdfd-8fdd2d7669c3	16	8321015	10529475	1974	-0.1517
51db3892-24cd-4779-bdfd-8fdd2d7669c3	16	10529511	12619936	1617	-0.0917
51db3892-24cd-4779-bdfd-8fdd2d7669c3	16	12620077	16200861	2204	-0.1592
51db3892-24cd-4779-bdfd-8fdd2d7669c3	16	16201950	16563603	26	-0.6291
51db3892-24cd-4779-bdfd-8fdd2d7669c3	16	16569719	29959035	7451	-0.1559
51db3892-24cd-4779-bdfd-8fdd2d7669c3	16	29965211	48575684	2213	-0.1079
51db3892-24cd-4779-bdfd-8fdd2d7669c3	16	48578450	48586378	7	-0.9014
51db3892-24cd-4779-bdfd-8fdd2d7669c3	16	48588623	50652646	1417	-0.0624
51db3892-24cd-4779-bdfd-8fdd2d7669c3	16	50653048	55291013	3653	-0.1182
51db3892-24cd-4779-bdfd-8fdd2d7669c3	16	55291210	55761136	411	-0.0592
51db3892-24cd-4779-bdfd-8fdd2d7669c3	16	55762477	55782734	18	-0.8931
51db3892-24cd-4779-bdfd-8fdd2d7669c3	16	55782793	55808470	6	-0.3061
51db3892-24cd-4779-bdfd-8fdd2d7669c3	16	55808544	55824881	11	0.3922
51db3892-24cd-4779-bdfd-8fdd2d7669c3	16	55834527	58913944	1877	-0.0783
51db3892-24cd-4779-bdfd-8fdd2d7669c3	16	58914327	58922230	3	-0.9959
51db3892-24cd-4779-bdfd-8fdd2d7669c3	16	58927676	59199331	196	-0.108
51db3892-24cd-4779-bdfd-8fdd2d7669c3	16	59204221	64714338	3620	-0.1552
51db3892-24cd-4779-bdfd-8fdd2d7669c3	16	64714566	65243981	423	-0.813
51db3892-24cd-4779-bdfd-8fdd2d7669c3	16	65245166	66128551	751	-0.1127
51db3892-24cd-4779-bdfd-8fdd2d7669c3	16	66128661	66129164	2	-1.8344
51db3892-24cd-4779-bdfd-8fdd2d7669c3	16	66133829	69407050	1552	-0.0915
51db3892-24cd-4779-bdfd-8fdd2d7669c3	16	69421557	69808818	186	-0.207
51db3892-24cd-4779-bdfd-8fdd2d7669c3	16	69809127	73330909	1630	-0.0848
51db3892-24cd-4779-bdfd-8fdd2d7669c3	16	73332922	74684357	957	-0.1367
51db3892-24cd-4779-bdfd-8fdd2d7669c3	16	74685565	75191124	328	-0.0542
51db3892-24cd-4779-bdfd-8fdd2d7669c3	16	75194071	75194085	2	1.3292
51db3892-24cd-4779-bdfd-8fdd2d7669c3	16	75195731	78337711	2739	-0.0975
51db3892-24cd-4779-bdfd-8fdd2d7669c3	16	78338543	78349243	14	0.9726
51db3892-24cd-4779-bdfd-8fdd2d7669c3	16	78350841	79055081	987	-0.067
51db3892-24cd-4779-bdfd-8fdd2d7669c3	16	79055915	84833396	6119	-0.1309
51db3892-24cd-4779-bdfd-8fdd2d7669c3	16	84839215	85893473	693	-0.0693
51db3892-24cd-4779-bdfd-8fdd2d7669c3	16	85898526	85899432	2	-2.0219
51db3892-24cd-4779-bdfd-8fdd2d7669c3	16	85902191	90096867	2809	-0.1644
51db3892-24cd-4779-bdfd-8fdd2d7669c3	17	150733	525007	175	-0.2016
51db3892-24cd-4779-bdfd-8fdd2d7669c3	17	526404	526418	2	1.7646
51db3892-24cd-4779-bdfd-8fdd2d7669c3	17	526894	6987467	3772	-0.1732
51db3892-24cd-4779-bdfd-8fdd2d7669c3	17	6999441	8399187	613	-0.0773
51db3892-24cd-4779-bdfd-8fdd2d7669c3	17	8410536	16880332	5932	-0.1591
51db3892-24cd-4779-bdfd-8fdd2d7669c3	17	16880973	29173063	3489	-0.097
51db3892-24cd-4779-bdfd-8fdd2d7669c3	17	29181686	36103020	4260	-0.1601
51db3892-24cd-4779-bdfd-8fdd2d7669c3	17	36103057	36157718	40	0.2077
51db3892-24cd-4779-bdfd-8fdd2d7669c3	17	36200725	41265456	2523	-0.167
51db3892-24cd-4779-bdfd-8fdd2d7669c3	17	41266762	41274279	24	-0.687
51db3892-24cd-4779-bdfd-8fdd2d7669c3	17	41276472	44611102	1746	-0.1355
51db3892-24cd-4779-bdfd-8fdd2d7669c3	17	44615145	44616498	3	-1.6316
51db3892-24cd-4779-bdfd-8fdd2d7669c3	17	44616999	46286804	872	-0.1682
51db3892-24cd-4779-bdfd-8fdd2d7669c3	17	46323701	46446360	4	0.9176
51db3892-24cd-4779-bdfd-8fdd2d7669c3	17	46569894	49839435	1620	-0.1588
51db3892-24cd-4779-bdfd-8fdd2d7669c3	17	49843153	50929427	599	-0.0574
51db3892-24cd-4779-bdfd-8fdd2d7669c3	17	50934656	57610128	4781	-0.1382
51db3892-24cd-4779-bdfd-8fdd2d7669c3	17	57610972	57611632	2	-2.1106
51db3892-24cd-4779-bdfd-8fdd2d7669c3	17	57614632	78453175	12324	-0.1428
51db3892-24cd-4779-bdfd-8fdd2d7669c3	17	78453396	78454069	2	-1.7035
51db3892-24cd-4779-bdfd-8fdd2d7669c3	17	78456702	80660500	1285	-0.1768
51db3892-24cd-4779-bdfd-8fdd2d7669c3	17	80660743	80683209	6	-1.1922
51db3892-24cd-4779-bdfd-8fdd2d7669c3	17	80684347	83091923	943	-0.1556
51db3892-24cd-4779-bdfd-8fdd2d7669c3	18	48133	1847741	1271	0.6324
51db3892-24cd-4779-bdfd-8fdd2d7669c3	18	1852511	3793570	1365	0.7196
51db3892-24cd-4779-bdfd-8fdd2d7669c3	18	3793886	8478171	3517	0.6674
51db3892-24cd-4779-bdfd-8fdd2d7669c3	18	8479687	9750973	929	0.7111
51db3892-24cd-4779-bdfd-8fdd2d7669c3	18	9751196	9751407	4	-0.0647
51db3892-24cd-4779-bdfd-8fdd2d7669c3	18	9751590	10781718	868	0.704
51db3892-24cd-4779-bdfd-8fdd2d7669c3	18	10782698	13793245	1865	0.6597
51db3892-24cd-4779-bdfd-8fdd2d7669c3	18	13794002	21683748	874	0.5993
51db3892-24cd-4779-bdfd-8fdd2d7669c3	18	21684721	23041209	737	0.6893
51db3892-24cd-4779-bdfd-8fdd2d7669c3	18	23044209	23044521	2	-0.5504
51db3892-24cd-4779-bdfd-8fdd2d7669c3	18	23046473	25145134	1419	0.7073
51db3892-24cd-4779-bdfd-8fdd2d7669c3	18	25153864	28613572	2219	0.6575
51db3892-24cd-4779-bdfd-8fdd2d7669c3	18	28615803	28616668	5	-0.2393
51db3892-24cd-4779-bdfd-8fdd2d7669c3	18	28616694	30765370	1283	0.6563
51db3892-24cd-4779-bdfd-8fdd2d7669c3	18	30765849	31558946	560	0.7539
51db3892-24cd-4779-bdfd-8fdd2d7669c3	18	31562243	36048764	2733	0.6756
51db3892-24cd-4779-bdfd-8fdd2d7669c3	18	36049476	36053320	2	-2.1059
51db3892-24cd-4779-bdfd-8fdd2d7669c3	18	36055605	37853802	1304	0.7248
51db3892-24cd-4779-bdfd-8fdd2d7669c3	18	37854688	42471713	3069	0.6531
51db3892-24cd-4779-bdfd-8fdd2d7669c3	18	42476604	42477802	25	-0.1887
51db3892-24cd-4779-bdfd-8fdd2d7669c3	18	42478430	43972203	903	0.6255
51db3892-24cd-4779-bdfd-8fdd2d7669c3	18	43978253	43998436	13	0.2914
51db3892-24cd-4779-bdfd-8fdd2d7669c3	18	43999916	44394853	210	0.6439
51db3892-24cd-4779-bdfd-8fdd2d7669c3	18	44396921	44398660	6	-0.2756
51db3892-24cd-4779-bdfd-8fdd2d7669c3	18	44402706	44621531	141	0.5836
51db3892-24cd-4779-bdfd-8fdd2d7669c3	18	44625115	51029956	4492	0.7036
51db3892-24cd-4779-bdfd-8fdd2d7669c3	18	51032893	51039544	19	0.6233
51db3892-24cd-4779-bdfd-8fdd2d7669c3	18	51039559	51039656	2	-0.3805
51db3892-24cd-4779-bdfd-8fdd2d7669c3	18	51039939	53740491	1947	0.6536
51db3892-24cd-4779-bdfd-8fdd2d7669c3	18	53740727	53740840	4	-0.1623
51db3892-24cd-4779-bdfd-8fdd2d7669c3	18	53740980	54420780	409	0.6472
51db3892-24cd-4779-bdfd-8fdd2d7669c3	18	54421013	65533230	7731	0.6974
51db3892-24cd-4779-bdfd-8fdd2d7669c3	18	65533243	65537481	17	1.3317
51db3892-24cd-4779-bdfd-8fdd2d7669c3	18	65540037	66054343	358	0.7247
51db3892-24cd-4779-bdfd-8fdd2d7669c3	18	66060256	66065527	14	0.0533
51db3892-24cd-4779-bdfd-8fdd2d7669c3	18	66065571	66239629	146	0.5934
51db3892-24cd-4779-bdfd-8fdd2d7669c3	18	66240197	66244639	10	0.0484
51db3892-24cd-4779-bdfd-8fdd2d7669c3	18	66244905	71370536	3655	0.6431
51db3892-24cd-4779-bdfd-8fdd2d7669c3	18	71370602	72843672	1143	0.7492
51db3892-24cd-4779-bdfd-8fdd2d7669c3	18	72843908	79930431	5280	0.6876
51db3892-24cd-4779-bdfd-8fdd2d7669c3	18	79930746	80257174	190	0.779
51db3892-24cd-4779-bdfd-8fdd2d7669c3	19	90910	43338766	20654	0.2889
51db3892-24cd-4779-bdfd-8fdd2d7669c3	19	43342086	43342242	2	-1.3529
51db3892-24cd-4779-bdfd-8fdd2d7669c3	19	43348449	51627084	4098	0.3092
51db3892-24cd-4779-bdfd-8fdd2d7669c3	19	51628383	51644944	16	0.8127
51db3892-24cd-4779-bdfd-8fdd2d7669c3	19	51651652	54801157	2027	0.2632
51db3892-24cd-4779-bdfd-8fdd2d7669c3	19	54801545	54822429	12	0.7896
51db3892-24cd-4779-bdfd-8fdd2d7669c3	19	54823536	55233139	232	0.2591
51db3892-24cd-4779-bdfd-8fdd2d7669c3	19	55242819	55700750	167	0.4289
51db3892-24cd-4779-bdfd-8fdd2d7669c3	19	55701680	58492463	1867	0.2635
51db3892-24cd-4779-bdfd-8fdd2d7669c3	19	58492876	58586487	30	0.5521
51db3892-24cd-4779-bdfd-8fdd2d7669c3	20	80664	1580156	1198	-0.1451
51db3892-24cd-4779-bdfd-8fdd2d7669c3	20	1580276	1601561	39	-0.4904
51db3892-24cd-4779-bdfd-8fdd2d7669c3	20	1609611	1613247	5	-1.4694
51db3892-24cd-4779-bdfd-8fdd2d7669c3	20	1617300	3663006	1488	-0.1163
51db3892-24cd-4779-bdfd-8fdd2d7669c3	20	3663229	3849020	87	0.078
51db3892-24cd-4779-bdfd-8fdd2d7669c3	20	3851613	10475938	5235	-0.1053
51db3892-24cd-4779-bdfd-8fdd2d7669c3	20	10478965	10952717	349	0.004
51db3892-24cd-4779-bdfd-8fdd2d7669c3	20	10953559	12741600	1401	-0.0765
51db3892-24cd-4779-bdfd-8fdd2d7669c3	20	12742526	17528369	3957	-0.1229
51db3892-24cd-4779-bdfd-8fdd2d7669c3	20	17530237	22307628	3497	-0.0785
51db3892-24cd-4779-bdfd-8fdd2d7669c3	20	22310142	22956037	568	0.6204
51db3892-24cd-4779-bdfd-8fdd2d7669c3	20	22957884	23432265	399	0.735
51db3892-24cd-4779-bdfd-8fdd2d7669c3	20	23432772	32694490	2496	0.6363
51db3892-24cd-4779-bdfd-8fdd2d7669c3	20	32702850	36159612	1721	1.0729
51db3892-24cd-4779-bdfd-8fdd2d7669c3	20	36162561	36358859	69	0.643
51db3892-24cd-4779-bdfd-8fdd2d7669c3	20	36359581	50165997	9483	-0.1275
51db3892-24cd-4779-bdfd-8fdd2d7669c3	20	50175182	50176256	2	-1.5643
51db3892-24cd-4779-bdfd-8fdd2d7669c3	20	50178380	52038037	1386	-0.0764
51db3892-24cd-4779-bdfd-8fdd2d7669c3	20	52041360	53669296	1195	-0.1417
51db3892-24cd-4779-bdfd-8fdd2d7669c3	20	53669343	54065071	370	-0.0644
51db3892-24cd-4779-bdfd-8fdd2d7669c3	20	54065291	54065719	6	-1.0809
51db3892-24cd-4779-bdfd-8fdd2d7669c3	20	54068669	64324800	7405	-0.1349
51db3892-24cd-4779-bdfd-8fdd2d7669c3	21	10354168	16936215	2356	-0.1525
51db3892-24cd-4779-bdfd-8fdd2d7669c3	21	16941822	39904365	17069	-0.0828
51db3892-24cd-4779-bdfd-8fdd2d7669c3	21	39906319	41026332	1021	-0.1753
51db3892-24cd-4779-bdfd-8fdd2d7669c3	21	41026984	42343097	1127	-0.1086
51db3892-24cd-4779-bdfd-8fdd2d7669c3	21	42343916	46677045	2275	-0.214
51db3892-24cd-4779-bdfd-8fdd2d7669c3	22	15294547	18142004	1109	-0.0993
51db3892-24cd-4779-bdfd-8fdd2d7669c3	22	18143362	18146386	7	-1.3002
51db3892-24cd-4779-bdfd-8fdd2d7669c3	22	18147293	20614840	1069	-0.0999
51db3892-24cd-4779-bdfd-8fdd2d7669c3	22	20615974	50796027	21077	-0.1726
51db3892-24cd-4779-bdfd-8fdd2d7669c3	X	251810	7641953	3737	0.0256
51db3892-24cd-4779-bdfd-8fdd2d7669c3	X	7643017	7643064	2	-5.3721
51db3892-24cd-4779-bdfd-8fdd2d7669c3	X	7643136	10118468	1918	0.0888
51db3892-24cd-4779-bdfd-8fdd2d7669c3	X	10118946	10119447	2	-5.1714
51db3892-24cd-4779-bdfd-8fdd2d7669c3	X	10121643	24116453	8921	0.0488
51db3892-24cd-4779-bdfd-8fdd2d7669c3	X	24116838	24118699	3	-6.1584
51db3892-24cd-4779-bdfd-8fdd2d7669c3	X	24119244	155952689	68727	0.012
51db3892-24cd-4779-bdfd-8fdd2d7669c3	Y	2782397	7657598	1279	-0.3525
51db3892-24cd-4779-bdfd-8fdd2d7669c3	Y	7658027	7658374	2	1.2621
51db3892-24cd-4779-bdfd-8fdd2d7669c3	Y	7660075	9128445	859	-0.3154
51db3892-24cd-4779-bdfd-8fdd2d7669c3	Y	9130639	12892471	865	-0.4064
51db3892-24cd-4779-bdfd-8fdd2d7669c3	Y	12894701	22257255	3358	-0.3354
51db3892-24cd-4779-bdfd-8fdd2d7669c3	Y	22263797	26611962	256	-0.5079
51db3892-24cd-4779-bdfd-8fdd2d7669c3	Y	26612046	56872112	20	-0.2539
