GDC_Aliquot	Chromosome	Start	End	Num_Probes	Segment_Mean
2cd3acc2-31e5-41b3-9db4-baad97c03990	1	62920	16864367	8692	0.089
2cd3acc2-31e5-41b3-9db4-baad97c03990	1	16868660	16958425	58	0.3751
2cd3acc2-31e5-41b3-9db4-baad97c03990	1	16959715	25269390	5257	0.0963
2cd3acc2-31e5-41b3-9db4-baad97c03990	1	25269456	25320455	22	-0.3459
2cd3acc2-31e5-41b3-9db4-baad97c03990	1	25336819	36560876	5854	0.0836
2cd3acc2-31e5-41b3-9db4-baad97c03990	1	36561839	36813776	163	-0.1421
2cd3acc2-31e5-41b3-9db4-baad97c03990	1	36819223	75585159	24666	0.0692
2cd3acc2-31e5-41b3-9db4-baad97c03990	1	75589078	75589169	2	-2.5565
2cd3acc2-31e5-41b3-9db4-baad97c03990	1	75593824	103614714	18062	0.0577
2cd3acc2-31e5-41b3-9db4-baad97c03990	1	103615687	103620877	4	-0.927
2cd3acc2-31e5-41b3-9db4-baad97c03990	1	103621165	105470754	921	0.0485
2cd3acc2-31e5-41b3-9db4-baad97c03990	1	105476583	105515824	52	-0.1658
2cd3acc2-31e5-41b3-9db4-baad97c03990	1	105515839	109690352	2597	0.0754
2cd3acc2-31e5-41b3-9db4-baad97c03990	1	109690415	109697556	12	-0.8057
2cd3acc2-31e5-41b3-9db4-baad97c03990	1	109702376	112908428	2456	0.0815
2cd3acc2-31e5-41b3-9db4-baad97c03990	1	112909991	112913924	2	-1.1008
2cd3acc2-31e5-41b3-9db4-baad97c03990	1	112913938	143748421	4769	0.076
2cd3acc2-31e5-41b3-9db4-baad97c03990	1	143748590	143754062	13	0.7604
2cd3acc2-31e5-41b3-9db4-baad97c03990	1	143754077	152789570	2532	0.0924
2cd3acc2-31e5-41b3-9db4-baad97c03990	1	152789781	152795783	27	0.8523
2cd3acc2-31e5-41b3-9db4-baad97c03990	1	152795805	194479104	27960	0.0645
2cd3acc2-31e5-41b3-9db4-baad97c03990	1	194482281	194485888	2	-2.0442
2cd3acc2-31e5-41b3-9db4-baad97c03990	1	194487886	199142235	2882	0.0599
2cd3acc2-31e5-41b3-9db4-baad97c03990	1	199142298	199144712	8	-1.7197
2cd3acc2-31e5-41b3-9db4-baad97c03990	1	199145110	199573435	304	0.054
2cd3acc2-31e5-41b3-9db4-baad97c03990	1	199573828	199577059	6	-1.7562
2cd3acc2-31e5-41b3-9db4-baad97c03990	1	199577780	202455349	1925	0.0615
2cd3acc2-31e5-41b3-9db4-baad97c03990	1	202461489	202471291	6	-0.7868
2cd3acc2-31e5-41b3-9db4-baad97c03990	1	202471533	220771948	12690	0.0683
2cd3acc2-31e5-41b3-9db4-baad97c03990	1	220772047	220777793	4	-1.3248
2cd3acc2-31e5-41b3-9db4-baad97c03990	1	220780435	222193326	1046	0.0542
2cd3acc2-31e5-41b3-9db4-baad97c03990	1	222201492	222203662	2	1.4001
2cd3acc2-31e5-41b3-9db4-baad97c03990	1	222208792	226184285	2366	0.0636
2cd3acc2-31e5-41b3-9db4-baad97c03990	1	226188728	226195751	5	-0.8599
2cd3acc2-31e5-41b3-9db4-baad97c03990	1	226199652	227237600	682	0.0604
2cd3acc2-31e5-41b3-9db4-baad97c03990	1	227238371	227238705	3	-1.2661
2cd3acc2-31e5-41b3-9db4-baad97c03990	1	227241477	248633912	15198	0.0634
2cd3acc2-31e5-41b3-9db4-baad97c03990	1	248645563	248673020	11	-0.4439
2cd3acc2-31e5-41b3-9db4-baad97c03990	1	248681521	248930189	130	0.0693
2cd3acc2-31e5-41b3-9db4-baad97c03990	2	12784	34466002	24054	0.0601
2cd3acc2-31e5-41b3-9db4-baad97c03990	2	34474248	34515690	51	0.3445
2cd3acc2-31e5-41b3-9db4-baad97c03990	2	34515732	35750907	867	0.0345
2cd3acc2-31e5-41b3-9db4-baad97c03990	2	35752724	35762881	7	-1.5006
2cd3acc2-31e5-41b3-9db4-baad97c03990	2	35772407	35798052	34	0.0571
2cd3acc2-31e5-41b3-9db4-baad97c03990	2	35798089	35798783	3	-1.2149
2cd3acc2-31e5-41b3-9db4-baad97c03990	2	35799659	52514599	12072	0.0601
2cd3acc2-31e5-41b3-9db4-baad97c03990	2	52516787	52527743	8	-1.4143
2cd3acc2-31e5-41b3-9db4-baad97c03990	2	52531615	52554366	31	-0.2641
2cd3acc2-31e5-41b3-9db4-baad97c03990	2	52554384	54255416	1277	0.0633
2cd3acc2-31e5-41b3-9db4-baad97c03990	2	54255805	54259004	3	-1.1603
2cd3acc2-31e5-41b3-9db4-baad97c03990	2	54259514	78645306	15541	0.0625
2cd3acc2-31e5-41b3-9db4-baad97c03990	2	78645363	81960795	2334	0.0256
2cd3acc2-31e5-41b3-9db4-baad97c03990	2	81962750	97357159	4651	0.0708
2cd3acc2-31e5-41b3-9db4-baad97c03990	2	97359380	97563117	19	0.5084
2cd3acc2-31e5-41b3-9db4-baad97c03990	2	97570839	106265177	5559	0.0666
2cd3acc2-31e5-41b3-9db4-baad97c03990	2	106266773	106268901	8	0.8043
2cd3acc2-31e5-41b3-9db4-baad97c03990	2	106270799	114773264	4504	0.0595
2cd3acc2-31e5-41b3-9db4-baad97c03990	2	114778337	114784493	24	-0.8245
2cd3acc2-31e5-41b3-9db4-baad97c03990	2	114784693	128881337	8848	0.0569
2cd3acc2-31e5-41b3-9db4-baad97c03990	2	128881387	128882755	11	-0.7917
2cd3acc2-31e5-41b3-9db4-baad97c03990	2	128888874	129753577	693	0.0523
2cd3acc2-31e5-41b3-9db4-baad97c03990	2	129754173	129755390	2	-1.1302
2cd3acc2-31e5-41b3-9db4-baad97c03990	2	129755891	130539652	292	0.0546
2cd3acc2-31e5-41b3-9db4-baad97c03990	2	130560276	130560478	2	-1.2456
2cd3acc2-31e5-41b3-9db4-baad97c03990	2	130720375	150174288	11690	0.0502
2cd3acc2-31e5-41b3-9db4-baad97c03990	2	150174937	150181218	5	-0.9623
2cd3acc2-31e5-41b3-9db4-baad97c03990	2	150182694	207490231	34650	0.0519
2cd3acc2-31e5-41b3-9db4-baad97c03990	2	207490454	207494612	16	-0.7765
2cd3acc2-31e5-41b3-9db4-baad97c03990	2	207494752	236894941	18986	0.0603
2cd3acc2-31e5-41b3-9db4-baad97c03990	2	236895235	236895291	2	-1.351
2cd3acc2-31e5-41b3-9db4-baad97c03990	2	236895339	241841244	2934	0.0723
2cd3acc2-31e5-41b3-9db4-baad97c03990	2	241973315	242095460	105	-0.8528
2cd3acc2-31e5-41b3-9db4-baad97c03990	2	242095518	242147305	23	0.1064
2cd3acc2-31e5-41b3-9db4-baad97c03990	3	20930	4139721	3726	0.0369
2cd3acc2-31e5-41b3-9db4-baad97c03990	3	4139841	4271801	97	-0.8407
2cd3acc2-31e5-41b3-9db4-baad97c03990	3	4274957	21710663	12414	0.0663
2cd3acc2-31e5-41b3-9db4-baad97c03990	3	21710843	21711474	3	-1.4467
2cd3acc2-31e5-41b3-9db4-baad97c03990	3	21713236	46751887	16897	0.0607
2cd3acc2-31e5-41b3-9db4-baad97c03990	3	46760327	46807689	39	-0.5628
2cd3acc2-31e5-41b3-9db4-baad97c03990	3	46808099	68697013	14550	0.0662
2cd3acc2-31e5-41b3-9db4-baad97c03990	3	68697108	68698262	14	-1.0617
2cd3acc2-31e5-41b3-9db4-baad97c03990	3	68699607	75511990	4923	0.063
2cd3acc2-31e5-41b3-9db4-baad97c03990	3	75519398	75537654	7	0.9289
2cd3acc2-31e5-41b3-9db4-baad97c03990	3	75546030	99218940	10959	0.0606
2cd3acc2-31e5-41b3-9db4-baad97c03990	3	99225614	99226566	16	-0.5374
2cd3acc2-31e5-41b3-9db4-baad97c03990	3	99229557	99230187	9	-1.0895
2cd3acc2-31e5-41b3-9db4-baad97c03990	3	99230194	99230577	13	-0.4032
2cd3acc2-31e5-41b3-9db4-baad97c03990	3	99232120	130047743	18686	0.0597
2cd3acc2-31e5-41b3-9db4-baad97c03990	3	130057015	130087393	36	0.5859
2cd3acc2-31e5-41b3-9db4-baad97c03990	3	130088081	162790480	20240	0.0549
2cd3acc2-31e5-41b3-9db4-baad97c03990	3	162794869	162906065	66	0.4291
2cd3acc2-31e5-41b3-9db4-baad97c03990	3	162906093	169631156	3907	0.0604
2cd3acc2-31e5-41b3-9db4-baad97c03990	3	169632074	169635037	4	-0.8592
2cd3acc2-31e5-41b3-9db4-baad97c03990	3	169636064	193079957	15161	0.0641
2cd3acc2-31e5-41b3-9db4-baad97c03990	3	193084253	193084770	4	-0.8331
2cd3acc2-31e5-41b3-9db4-baad97c03990	3	193084990	193160113	64	0.0778
2cd3acc2-31e5-41b3-9db4-baad97c03990	3	193160173	193164694	14	0.6917
2cd3acc2-31e5-41b3-9db4-baad97c03990	3	193164968	194913859	1163	0.0752
2cd3acc2-31e5-41b3-9db4-baad97c03990	3	194920587	194921116	5	-0.8665
2cd3acc2-31e5-41b3-9db4-baad97c03990	3	194921751	195702830	330	0.0735
2cd3acc2-31e5-41b3-9db4-baad97c03990	3	195702853	195728637	15	-0.4056
2cd3acc2-31e5-41b3-9db4-baad97c03990	3	195728990	198169247	1182	0.0914
2cd3acc2-31e5-41b3-9db4-baad97c03990	4	68929	49654578	31670	-0.3929
2cd3acc2-31e5-41b3-9db4-baad97c03990	4	49656206	61071220	6053	0.0525
2cd3acc2-31e5-41b3-9db4-baad97c03990	4	61075217	61079968	3	1.0239
2cd3acc2-31e5-41b3-9db4-baad97c03990	4	61080494	62802116	936	0.0319
2cd3acc2-31e5-41b3-9db4-baad97c03990	4	62804218	62805944	8	-0.6167
2cd3acc2-31e5-41b3-9db4-baad97c03990	4	62813912	63114640	162	0.0767
2cd3acc2-31e5-41b3-9db4-baad97c03990	4	63114688	63115491	3	0.8512
2cd3acc2-31e5-41b3-9db4-baad97c03990	4	63118468	63827261	390	0.0578
2cd3acc2-31e5-41b3-9db4-baad97c03990	4	63828222	63842490	27	-0.3057
2cd3acc2-31e5-41b3-9db4-baad97c03990	4	63842505	68378716	2853	0.0465
2cd3acc2-31e5-41b3-9db4-baad97c03990	4	68389352	68618391	85	0.5085
2cd3acc2-31e5-41b3-9db4-baad97c03990	4	68620122	69257792	316	0.0886
2cd3acc2-31e5-41b3-9db4-baad97c03990	4	69261926	69370433	57	-0.4399
2cd3acc2-31e5-41b3-9db4-baad97c03990	4	69374263	129141596	36013	0.0494
2cd3acc2-31e5-41b3-9db4-baad97c03990	4	129146391	129147005	2	-2.4198
2cd3acc2-31e5-41b3-9db4-baad97c03990	4	129151408	137018622	4401	0.0428
2cd3acc2-31e5-41b3-9db4-baad97c03990	4	137018642	137018772	3	1.1222
2cd3acc2-31e5-41b3-9db4-baad97c03990	4	137018802	137263166	233	0.0594
2cd3acc2-31e5-41b3-9db4-baad97c03990	4	137263252	137267723	8	-0.5267
2cd3acc2-31e5-41b3-9db4-baad97c03990	4	137267746	152071589	8896	0.0481
2cd3acc2-31e5-41b3-9db4-baad97c03990	4	152072978	152073038	2	-1.423
2cd3acc2-31e5-41b3-9db4-baad97c03990	4	152075130	171448195	12348	0.0496
2cd3acc2-31e5-41b3-9db4-baad97c03990	4	171453733	171456573	11	0.9011
2cd3acc2-31e5-41b3-9db4-baad97c03990	4	171456625	172501371	641	0.0545
2cd3acc2-31e5-41b3-9db4-baad97c03990	4	172503796	172507492	7	1.06
2cd3acc2-31e5-41b3-9db4-baad97c03990	4	172519981	184936858	8394	0.0457
2cd3acc2-31e5-41b3-9db4-baad97c03990	4	184936899	185178061	168	0.1847
2cd3acc2-31e5-41b3-9db4-baad97c03990	4	185184744	187048187	1351	0.0341
2cd3acc2-31e5-41b3-9db4-baad97c03990	4	187049935	187051053	3	-1.0492
2cd3acc2-31e5-41b3-9db4-baad97c03990	4	187056923	188228963	717	0.0576
2cd3acc2-31e5-41b3-9db4-baad97c03990	4	188229502	188421645	158	-0.3673
2cd3acc2-31e5-41b3-9db4-baad97c03990	4	188423096	190106768	1036	0.0414
2cd3acc2-31e5-41b3-9db4-baad97c03990	5	15532	3057278	1974	0.0644
2cd3acc2-31e5-41b3-9db4-baad97c03990	5	3057701	3108690	77	-0.1319
2cd3acc2-31e5-41b3-9db4-baad97c03990	5	3109296	11160319	7031	0.0693
2cd3acc2-31e5-41b3-9db4-baad97c03990	5	11161513	11162659	4	-0.9854
2cd3acc2-31e5-41b3-9db4-baad97c03990	5	11167165	12800777	1085	0.0649
2cd3acc2-31e5-41b3-9db4-baad97c03990	5	12815668	12826538	11	0.7171
2cd3acc2-31e5-41b3-9db4-baad97c03990	5	12833745	17515692	3173	0.0516
2cd3acc2-31e5-41b3-9db4-baad97c03990	5	17601444	17642442	19	-0.9539
2cd3acc2-31e5-41b3-9db4-baad97c03990	5	17655029	46251204	17253	0.0538
2cd3acc2-31e5-41b3-9db4-baad97c03990	5	46270906	46278110	9	-1.9593
2cd3acc2-31e5-41b3-9db4-baad97c03990	5	46313245	58025819	5070	0.0666
2cd3acc2-31e5-41b3-9db4-baad97c03990	5	58030200	58037688	31	2.3732
2cd3acc2-31e5-41b3-9db4-baad97c03990	5	58037706	69550476	7285	0.0587
2cd3acc2-31e5-41b3-9db4-baad97c03990	5	69571467	70017861	9	-0.5998
2cd3acc2-31e5-41b3-9db4-baad97c03990	5	70959068	104515520	19498	0.063
2cd3acc2-31e5-41b3-9db4-baad97c03990	5	104524672	104524903	4	1.7476
2cd3acc2-31e5-41b3-9db4-baad97c03990	5	104525348	122585932	12329	0.0558
2cd3acc2-31e5-41b3-9db4-baad97c03990	5	122588886	122591623	5	-0.8234
2cd3acc2-31e5-41b3-9db4-baad97c03990	5	122600492	176033084	35133	0.0587
2cd3acc2-31e5-41b3-9db4-baad97c03990	5	176038686	176042504	2	-2.0195
2cd3acc2-31e5-41b3-9db4-baad97c03990	5	176043321	180947523	2518	0.0681
2cd3acc2-31e5-41b3-9db4-baad97c03990	5	180951710	181006225	20	-0.6305
2cd3acc2-31e5-41b3-9db4-baad97c03990	5	181006264	181363319	169	0.053
2cd3acc2-31e5-41b3-9db4-baad97c03990	6	149661	254283	101	0.057
2cd3acc2-31e5-41b3-9db4-baad97c03990	6	257353	380821	93	-0.7884
2cd3acc2-31e5-41b3-9db4-baad97c03990	6	381149	6025978	4641	0.0682
2cd3acc2-31e5-41b3-9db4-baad97c03990	6	6033698	6034203	3	-0.9595
2cd3acc2-31e5-41b3-9db4-baad97c03990	6	6036812	18125105	9127	0.0666
2cd3acc2-31e5-41b3-9db4-baad97c03990	6	18126994	18136455	9	-0.4774
2cd3acc2-31e5-41b3-9db4-baad97c03990	6	18138596	19038504	774	0.0768
2cd3acc2-31e5-41b3-9db4-baad97c03990	6	19039888	19042587	4	-0.8384
2cd3acc2-31e5-41b3-9db4-baad97c03990	6	19044471	23060763	2929	0.0662
2cd3acc2-31e5-41b3-9db4-baad97c03990	6	23060767	23064026	3	-1.1011
2cd3acc2-31e5-41b3-9db4-baad97c03990	6	23067417	29875657	3944	0.0704
2cd3acc2-31e5-41b3-9db4-baad97c03990	6	29876257	29881260	4	-1.2047
2cd3acc2-31e5-41b3-9db4-baad97c03990	6	29881324	32486498	1178	0.0892
2cd3acc2-31e5-41b3-9db4-baad97c03990	6	32486746	32533522	14	1.5456
2cd3acc2-31e5-41b3-9db4-baad97c03990	6	32540699	32605994	16	0.5935
2cd3acc2-31e5-41b3-9db4-baad97c03990	6	32606237	54066353	13716	0.0729
2cd3acc2-31e5-41b3-9db4-baad97c03990	6	54066432	54067057	6	1.2495
2cd3acc2-31e5-41b3-9db4-baad97c03990	6	54070550	58096364	2077	0.0727
2cd3acc2-31e5-41b3-9db4-baad97c03990	6	58099774	58100791	4	-0.767
2cd3acc2-31e5-41b3-9db4-baad97c03990	6	58106296	60592394	168	0.1654
2cd3acc2-31e5-41b3-9db4-baad97c03990	6	60593746	60969435	152	-0.0112
2cd3acc2-31e5-41b3-9db4-baad97c03990	6	60979350	61064331	32	0.1786
2cd3acc2-31e5-41b3-9db4-baad97c03990	6	61065647	61066399	2	-1.3519
2cd3acc2-31e5-41b3-9db4-baad97c03990	6	61066841	73882142	7945	0.0518
2cd3acc2-31e5-41b3-9db4-baad97c03990	6	73882509	73891694	10	0.8855
2cd3acc2-31e5-41b3-9db4-baad97c03990	6	73893839	76730331	1765	0.071
2cd3acc2-31e5-41b3-9db4-baad97c03990	6	76730377	76751356	20	0.4193
2cd3acc2-31e5-41b3-9db4-baad97c03990	6	76758214	78253172	975	0.0547
2cd3acc2-31e5-41b3-9db4-baad97c03990	6	78259348	78270631	27	0.3502
2cd3acc2-31e5-41b3-9db4-baad97c03990	6	78270686	78270730	3	1.3205
2cd3acc2-31e5-41b3-9db4-baad97c03990	6	78277769	78325310	81	0.3803
2cd3acc2-31e5-41b3-9db4-baad97c03990	6	78325457	133945130	34541	0.0534
2cd3acc2-31e5-41b3-9db4-baad97c03990	6	133947933	133948494	2	-1.9791
2cd3acc2-31e5-41b3-9db4-baad97c03990	6	133950934	162075562	18991	0.0577
2cd3acc2-31e5-41b3-9db4-baad97c03990	6	162075577	162075620	2	1.2712
2cd3acc2-31e5-41b3-9db4-baad97c03990	6	162075640	169776994	5646	0.0557
2cd3acc2-31e5-41b3-9db4-baad97c03990	6	169777855	169780511	3	-0.9696
2cd3acc2-31e5-41b3-9db4-baad97c03990	6	169780700	170741917	410	0.0532
2cd3acc2-31e5-41b3-9db4-baad97c03990	7	43355	181104	114	0.2793
2cd3acc2-31e5-41b3-9db4-baad97c03990	7	181654	8952899	5114	0.41
2cd3acc2-31e5-41b3-9db4-baad97c03990	7	8952953	9065141	114	0.2443
2cd3acc2-31e5-41b3-9db4-baad97c03990	7	9065396	9065942	3	-1.5009
2cd3acc2-31e5-41b3-9db4-baad97c03990	7	9074105	9183039	91	0.41
2cd3acc2-31e5-41b3-9db4-baad97c03990	7	9183146	9187340	6	-0.3028
2cd3acc2-31e5-41b3-9db4-baad97c03990	7	9188222	13547787	3395	0.4012
2cd3acc2-31e5-41b3-9db4-baad97c03990	7	13550519	13551859	8	-0.6642
2cd3acc2-31e5-41b3-9db4-baad97c03990	7	13552049	26102772	9962	0.3953
2cd3acc2-31e5-41b3-9db4-baad97c03990	7	26103638	26105793	3	-0.9418
2cd3acc2-31e5-41b3-9db4-baad97c03990	7	26107599	29608185	2581	0.4008
2cd3acc2-31e5-41b3-9db4-baad97c03990	7	29608492	29608737	2	-0.6717
2cd3acc2-31e5-41b3-9db4-baad97c03990	7	29609022	29648549	26	0.3567
2cd3acc2-31e5-41b3-9db4-baad97c03990	7	29650069	29650443	2	-1.1844
2cd3acc2-31e5-41b3-9db4-baad97c03990	7	29651467	38244598	5913	0.3901
2cd3acc2-31e5-41b3-9db4-baad97c03990	7	38246926	38251092	3	-0.4767
2cd3acc2-31e5-41b3-9db4-baad97c03990	7	38251113	38347842	121	0.5111
2cd3acc2-31e5-41b3-9db4-baad97c03990	7	38351764	38356875	4	-1.1559
2cd3acc2-31e5-41b3-9db4-baad97c03990	7	38361356	56847094	12585	0.3936
2cd3acc2-31e5-41b3-9db4-baad97c03990	7	56847600	57016425	16	-0.0691
2cd3acc2-31e5-41b3-9db4-baad97c03990	7	57048761	75540744	6252	0.3794
2cd3acc2-31e5-41b3-9db4-baad97c03990	7	75543861	101409205	15482	0.055
2cd3acc2-31e5-41b3-9db4-baad97c03990	7	101416451	101416668	2	-2.5925
2cd3acc2-31e5-41b3-9db4-baad97c03990	7	101419630	109793741	5045	0.0559
2cd3acc2-31e5-41b3-9db4-baad97c03990	7	109797035	109814172	37	0.4728
2cd3acc2-31e5-41b3-9db4-baad97c03990	7	109814214	126405632	10020	0.0482
2cd3acc2-31e5-41b3-9db4-baad97c03990	7	126405690	126406561	8	0.9176
2cd3acc2-31e5-41b3-9db4-baad97c03990	7	126406822	128928338	1571	0.0617
2cd3acc2-31e5-41b3-9db4-baad97c03990	7	128933913	134100458	3130	0.3887
2cd3acc2-31e5-41b3-9db4-baad97c03990	7	134100556	134113805	31	-0.2242
2cd3acc2-31e5-41b3-9db4-baad97c03990	7	134114093	142063324	5188	0.391
2cd3acc2-31e5-41b3-9db4-baad97c03990	7	142069843	142090383	31	-0.4216
2cd3acc2-31e5-41b3-9db4-baad97c03990	7	142090403	143780181	924	0.409
2cd3acc2-31e5-41b3-9db4-baad97c03990	7	143790571	143849210	10	-0.3302
2cd3acc2-31e5-41b3-9db4-baad97c03990	7	143849917	144021029	146	0.3601
2cd3acc2-31e5-41b3-9db4-baad97c03990	7	144021132	144021838	5	-0.4213
2cd3acc2-31e5-41b3-9db4-baad97c03990	7	144022145	144176284	118	0.4454
2cd3acc2-31e5-41b3-9db4-baad97c03990	7	144176859	144352208	17	1.134
2cd3acc2-31e5-41b3-9db4-baad97c03990	7	144377836	153450553	5546	0.4053
2cd3acc2-31e5-41b3-9db4-baad97c03990	7	153450560	153450627	2	-1.974
2cd3acc2-31e5-41b3-9db4-baad97c03990	7	153450630	154092950	440	0.4211
2cd3acc2-31e5-41b3-9db4-baad97c03990	7	154092965	154099927	3	-0.6029
2cd3acc2-31e5-41b3-9db4-baad97c03990	7	154104301	154598185	408	0.3917
2cd3acc2-31e5-41b3-9db4-baad97c03990	7	154601461	154607903	4	-1.8498
2cd3acc2-31e5-41b3-9db4-baad97c03990	7	154609120	159334314	3236	0.399
2cd3acc2-31e5-41b3-9db4-baad97c03990	8	81254	645875	330	0.0371
2cd3acc2-31e5-41b3-9db4-baad97c03990	8	645892	645908	2	4.0219
2cd3acc2-31e5-41b3-9db4-baad97c03990	8	656117	2171065	1213	0.0701
2cd3acc2-31e5-41b3-9db4-baad97c03990	8	2172168	6968934	6078	0.0241
2cd3acc2-31e5-41b3-9db4-baad97c03990	8	6968962	12143614	3390	0.0531
2cd3acc2-31e5-41b3-9db4-baad97c03990	8	12176798	12620185	55	0.3609
2cd3acc2-31e5-41b3-9db4-baad97c03990	8	12620682	25116961	10375	0.0677
2cd3acc2-31e5-41b3-9db4-baad97c03990	8	25117007	25120977	9	-0.5847
2cd3acc2-31e5-41b3-9db4-baad97c03990	8	25121022	39373140	9015	0.0658
2cd3acc2-31e5-41b3-9db4-baad97c03990	8	39378084	39531496	62	0.837
2cd3acc2-31e5-41b3-9db4-baad97c03990	8	39531510	49265769	4071	0.0671
2cd3acc2-31e5-41b3-9db4-baad97c03990	8	49267999	49274941	4	-1.1222
2cd3acc2-31e5-41b3-9db4-baad97c03990	8	49275832	49753466	274	0.0477
2cd3acc2-31e5-41b3-9db4-baad97c03990	8	49756651	49757586	2	-1.4863
2cd3acc2-31e5-41b3-9db4-baad97c03990	8	49760374	111279265	37611	0.0504
2cd3acc2-31e5-41b3-9db4-baad97c03990	8	111282050	111283031	10	1.0836
2cd3acc2-31e5-41b3-9db4-baad97c03990	8	111288052	145072769	22883	0.0633
2cd3acc2-31e5-41b3-9db4-baad97c03990	9	46587	601914	502	0.0576
2cd3acc2-31e5-41b3-9db4-baad97c03990	9	602204	607307	11	0.6832
2cd3acc2-31e5-41b3-9db4-baad97c03990	9	607519	5302538	4895	0.0621
2cd3acc2-31e5-41b3-9db4-baad97c03990	9	5302551	5302749	3	1.0603
2cd3acc2-31e5-41b3-9db4-baad97c03990	9	5311567	6533381	815	0.0715
2cd3acc2-31e5-41b3-9db4-baad97c03990	9	6535975	6542265	3	-1.3317
2cd3acc2-31e5-41b3-9db4-baad97c03990	9	6544766	12189877	5154	0.0472
2cd3acc2-31e5-41b3-9db4-baad97c03990	9	12189927	12193412	3	-2.0271
2cd3acc2-31e5-41b3-9db4-baad97c03990	9	12197586	23361807	8989	0.0596
2cd3acc2-31e5-41b3-9db4-baad97c03990	9	23363117	23373486	8	1.2496
2cd3acc2-31e5-41b3-9db4-baad97c03990	9	23378490	39272359	10699	0.0578
2cd3acc2-31e5-41b3-9db4-baad97c03990	9	39313823	42202227	157	-0.3238
2cd3acc2-31e5-41b3-9db4-baad97c03990	9	42211663	61405110	71	0.1553
2cd3acc2-31e5-41b3-9db4-baad97c03990	9	61520021	61647899	30	-1.0989
2cd3acc2-31e5-41b3-9db4-baad97c03990	9	61665362	64480573	93	-0.0137
2cd3acc2-31e5-41b3-9db4-baad97c03990	9	64480578	64510407	10	-0.6341
2cd3acc2-31e5-41b3-9db4-baad97c03990	9	64520620	123396550	39674	0.0661
2cd3acc2-31e5-41b3-9db4-baad97c03990	9	123398278	135273657	7119	0.0923
2cd3acc2-31e5-41b3-9db4-baad97c03990	9	135276268	135279515	2	-1.7071
2cd3acc2-31e5-41b3-9db4-baad97c03990	9	135279848	138200944	1137	0.0759
2cd3acc2-31e5-41b3-9db4-baad97c03990	10	45792	45798061	31385	0.0643
2cd3acc2-31e5-41b3-9db4-baad97c03990	10	45798171	45817039	2	-1.4612
2cd3acc2-31e5-41b3-9db4-baad97c03990	10	45936113	46618028	278	0.0135
2cd3acc2-31e5-41b3-9db4-baad97c03990	10	46631433	46967412	16	0.5999
2cd3acc2-31e5-41b3-9db4-baad97c03990	10	47002596	50070600	1676	0.0553
2cd3acc2-31e5-41b3-9db4-baad97c03990	10	50081224	50150838	6	2.0295
2cd3acc2-31e5-41b3-9db4-baad97c03990	10	50178219	56753095	4843	0.0558
2cd3acc2-31e5-41b3-9db4-baad97c03990	10	56756615	56767077	41	-0.6123
2cd3acc2-31e5-41b3-9db4-baad97c03990	10	56772992	57334837	448	0.0752
2cd3acc2-31e5-41b3-9db4-baad97c03990	10	57335057	57335443	6	0.7707
2cd3acc2-31e5-41b3-9db4-baad97c03990	10	57335528	59605506	1633	0.0544
2cd3acc2-31e5-41b3-9db4-baad97c03990	10	59605724	59609134	11	-0.382
2cd3acc2-31e5-41b3-9db4-baad97c03990	10	59609773	65549243	4018	0.0685
2cd3acc2-31e5-41b3-9db4-baad97c03990	10	65549249	65568683	24	-0.3356
2cd3acc2-31e5-41b3-9db4-baad97c03990	10	65569648	108945690	28389	0.0681
2cd3acc2-31e5-41b3-9db4-baad97c03990	10	108947193	108947590	2	-1.4466
2cd3acc2-31e5-41b3-9db4-baad97c03990	10	108948002	124707783	11344	0.0759
2cd3acc2-31e5-41b3-9db4-baad97c03990	10	124707942	124709609	2	-1.2213
2cd3acc2-31e5-41b3-9db4-baad97c03990	10	124710358	130401217	4381	0.0839
2cd3acc2-31e5-41b3-9db4-baad97c03990	10	130401306	131071251	619	-0.0182
2cd3acc2-31e5-41b3-9db4-baad97c03990	10	131072152	133654968	1428	0.0745
2cd3acc2-31e5-41b3-9db4-baad97c03990	11	198510	237612	21	-0.3215
2cd3acc2-31e5-41b3-9db4-baad97c03990	11	241489	242112	2	-2.356
2cd3acc2-31e5-41b3-9db4-baad97c03990	11	242209	7548891	4540	-0.3882
2cd3acc2-31e5-41b3-9db4-baad97c03990	11	7552510	7788131	183	0.4021
2cd3acc2-31e5-41b3-9db4-baad97c03990	11	7791493	7820036	10	-0.4372
2cd3acc2-31e5-41b3-9db4-baad97c03990	11	7820250	8533002	532	0.3931
2cd3acc2-31e5-41b3-9db4-baad97c03990	11	8535722	12982791	3417	-0.3817
2cd3acc2-31e5-41b3-9db4-baad97c03990	11	12983914	17089725	2725	0.3728
2cd3acc2-31e5-41b3-9db4-baad97c03990	11	17089788	18919323	1209	0.0598
2cd3acc2-31e5-41b3-9db4-baad97c03990	11	18927525	18940066	41	-0.8324
2cd3acc2-31e5-41b3-9db4-baad97c03990	11	18940191	21261706	2153	0.0814
2cd3acc2-31e5-41b3-9db4-baad97c03990	11	21261981	21980439	552	0.4168
2cd3acc2-31e5-41b3-9db4-baad97c03990	11	21980563	22374993	219	0.1044
2cd3acc2-31e5-41b3-9db4-baad97c03990	11	22378461	22464850	78	0.4312
2cd3acc2-31e5-41b3-9db4-baad97c03990	11	22465068	22578407	92	0.6449
2cd3acc2-31e5-41b3-9db4-baad97c03990	11	22579375	22738730	116	0.823
2cd3acc2-31e5-41b3-9db4-baad97c03990	11	22746977	22814014	64	0.6262
2cd3acc2-31e5-41b3-9db4-baad97c03990	11	22816695	22917752	76	0.0035
2cd3acc2-31e5-41b3-9db4-baad97c03990	11	22920841	23929416	719	-0.3968
2cd3acc2-31e5-41b3-9db4-baad97c03990	11	23932030	24656427	473	0.385
2cd3acc2-31e5-41b3-9db4-baad97c03990	11	24659324	24678466	15	-0.4489
2cd3acc2-31e5-41b3-9db4-baad97c03990	11	24679053	24682089	4	0.4587
2cd3acc2-31e5-41b3-9db4-baad97c03990	11	24685533	24717833	26	-0.3986
2cd3acc2-31e5-41b3-9db4-baad97c03990	11	24726877	25445539	559	0.0549
2cd3acc2-31e5-41b3-9db4-baad97c03990	11	25453193	25665210	164	-0.3941
2cd3acc2-31e5-41b3-9db4-baad97c03990	11	25668802	27170998	1186	0.0497
2cd3acc2-31e5-41b3-9db4-baad97c03990	11	27172552	27447798	201	0.3924
2cd3acc2-31e5-41b3-9db4-baad97c03990	11	27448863	27545845	55	0.875
2cd3acc2-31e5-41b3-9db4-baad97c03990	11	27547026	27590441	22	0.4836
2cd3acc2-31e5-41b3-9db4-baad97c03990	11	27592171	28176752	329	0.0642
2cd3acc2-31e5-41b3-9db4-baad97c03990	11	28176912	28585299	203	-0.3744
2cd3acc2-31e5-41b3-9db4-baad97c03990	11	28585698	29967258	865	0.0569
2cd3acc2-31e5-41b3-9db4-baad97c03990	11	29971909	30152302	114	0.6275
2cd3acc2-31e5-41b3-9db4-baad97c03990	11	30152456	30154019	3	-0.2001
2cd3acc2-31e5-41b3-9db4-baad97c03990	11	30154159	31371747	785	0.6256
2cd3acc2-31e5-41b3-9db4-baad97c03990	11	31372721	31375533	2	-2.409
2cd3acc2-31e5-41b3-9db4-baad97c03990	11	31376660	32121459	468	0.6296
2cd3acc2-31e5-41b3-9db4-baad97c03990	11	32122722	32126248	6	0.2066
2cd3acc2-31e5-41b3-9db4-baad97c03990	11	32129288	32287776	121	0.6718
2cd3acc2-31e5-41b3-9db4-baad97c03990	11	32288161	33611977	826	0.8699
2cd3acc2-31e5-41b3-9db4-baad97c03990	11	33613049	34013363	316	0.583
2cd3acc2-31e5-41b3-9db4-baad97c03990	11	34014727	34979436	856	0.8117
2cd3acc2-31e5-41b3-9db4-baad97c03990	11	34979551	37060987	1705	-0.0665
2cd3acc2-31e5-41b3-9db4-baad97c03990	11	37064576	37081197	8	-0.7149
2cd3acc2-31e5-41b3-9db4-baad97c03990	11	37081526	40592437	2207	-0.0639
2cd3acc2-31e5-41b3-9db4-baad97c03990	11	40592913	40688713	76	0.8048
2cd3acc2-31e5-41b3-9db4-baad97c03990	11	40689208	42170387	1056	0.5577
2cd3acc2-31e5-41b3-9db4-baad97c03990	11	42172817	50564838	4617	-0.0554
2cd3acc2-31e5-41b3-9db4-baad97c03990	11	50614055	54924229	155	0.0689
2cd3acc2-31e5-41b3-9db4-baad97c03990	11	54933825	54934156	3	-2.3771
2cd3acc2-31e5-41b3-9db4-baad97c03990	11	54940988	54990815	5	0.994
2cd3acc2-31e5-41b3-9db4-baad97c03990	11	55006417	55608785	239	0.0561
2cd3acc2-31e5-41b3-9db4-baad97c03990	11	55608804	55685501	51	0.3078
2cd3acc2-31e5-41b3-9db4-baad97c03990	11	55685533	63874038	4741	0.0616
2cd3acc2-31e5-41b3-9db4-baad97c03990	11	63876290	64197185	131	0.8077
2cd3acc2-31e5-41b3-9db4-baad97c03990	11	64205924	66310131	849	0.1016
2cd3acc2-31e5-41b3-9db4-baad97c03990	11	66313740	67843748	535	1.2591
2cd3acc2-31e5-41b3-9db4-baad97c03990	11	67853996	67925119	18	0.8016
2cd3acc2-31e5-41b3-9db4-baad97c03990	11	67928175	68621934	297	0.0756
2cd3acc2-31e5-41b3-9db4-baad97c03990	11	68637532	69735033	677	0.9327
2cd3acc2-31e5-41b3-9db4-baad97c03990	11	69735836	70806899	587	0.7258
2cd3acc2-31e5-41b3-9db4-baad97c03990	11	70817197	71486037	394	0.4428
2cd3acc2-31e5-41b3-9db4-baad97c03990	11	71488566	72037100	225	0.0731
2cd3acc2-31e5-41b3-9db4-baad97c03990	11	72040559	72130654	54	0.3891
2cd3acc2-31e5-41b3-9db4-baad97c03990	11	72132213	72156123	15	0.0362
2cd3acc2-31e5-41b3-9db4-baad97c03990	11	72157546	75194233	1547	0.5955
2cd3acc2-31e5-41b3-9db4-baad97c03990	11	75197271	75568402	204	0.3953
2cd3acc2-31e5-41b3-9db4-baad97c03990	11	75571837	75638472	44	0.0897
2cd3acc2-31e5-41b3-9db4-baad97c03990	11	75638863	76024390	202	0.379
2cd3acc2-31e5-41b3-9db4-baad97c03990	11	76027868	76356656	182	0.087
2cd3acc2-31e5-41b3-9db4-baad97c03990	11	76362052	76852777	301	-0.3949
2cd3acc2-31e5-41b3-9db4-baad97c03990	11	76853458	78016333	576	0.0575
2cd3acc2-31e5-41b3-9db4-baad97c03990	11	78016877	78572758	314	-0.4154
2cd3acc2-31e5-41b3-9db4-baad97c03990	11	78573688	78630358	32	0.0938
2cd3acc2-31e5-41b3-9db4-baad97c03990	11	78633203	78957785	264	-0.38
2cd3acc2-31e5-41b3-9db4-baad97c03990	11	78963242	79189924	227	0.4046
2cd3acc2-31e5-41b3-9db4-baad97c03990	11	79199013	79282329	69	-0.3794
2cd3acc2-31e5-41b3-9db4-baad97c03990	11	79282521	79296162	12	0.1243
2cd3acc2-31e5-41b3-9db4-baad97c03990	11	79300568	79802145	426	-0.4104
2cd3acc2-31e5-41b3-9db4-baad97c03990	11	79805388	79818806	11	0.3118
2cd3acc2-31e5-41b3-9db4-baad97c03990	11	79821313	79844587	11	-0.0451
2cd3acc2-31e5-41b3-9db4-baad97c03990	11	79845766	80162583	242	-0.3852
2cd3acc2-31e5-41b3-9db4-baad97c03990	11	80163011	81029983	659	0.0728
2cd3acc2-31e5-41b3-9db4-baad97c03990	11	81031975	82581366	1269	-0.3765
2cd3acc2-31e5-41b3-9db4-baad97c03990	11	82582644	82599155	12	0.3607
2cd3acc2-31e5-41b3-9db4-baad97c03990	11	82599619	83432133	485	0.0317
2cd3acc2-31e5-41b3-9db4-baad97c03990	11	83433568	87304558	2627	0.3822
2cd3acc2-31e5-41b3-9db4-baad97c03990	11	87305959	87403908	57	0.0561
2cd3acc2-31e5-41b3-9db4-baad97c03990	11	87405323	89834373	1551	0.3756
2cd3acc2-31e5-41b3-9db4-baad97c03990	11	89847184	90433199	213	-0.3686
2cd3acc2-31e5-41b3-9db4-baad97c03990	11	90433219	90711236	238	0.3468
2cd3acc2-31e5-41b3-9db4-baad97c03990	11	90719871	91030944	237	-0.3863
2cd3acc2-31e5-41b3-9db4-baad97c03990	11	91037080	91226338	129	0.4022
2cd3acc2-31e5-41b3-9db4-baad97c03990	11	91231986	91603816	260	-0.385
2cd3acc2-31e5-41b3-9db4-baad97c03990	11	91604298	91665925	31	0.3756
2cd3acc2-31e5-41b3-9db4-baad97c03990	11	91673442	91761933	53	-0.3745
2cd3acc2-31e5-41b3-9db4-baad97c03990	11	91763018	92007567	182	0.4092
2cd3acc2-31e5-41b3-9db4-baad97c03990	11	92013563	93738837	1294	-0.3959
2cd3acc2-31e5-41b3-9db4-baad97c03990	11	93742626	95792953	1496	0.3729
2cd3acc2-31e5-41b3-9db4-baad97c03990	11	95802056	98403252	1897	0.0405
2cd3acc2-31e5-41b3-9db4-baad97c03990	11	98408440	101723653	2644	0.3587
2cd3acc2-31e5-41b3-9db4-baad97c03990	11	101727129	101727233	4	1.3445
2cd3acc2-31e5-41b3-9db4-baad97c03990	11	101727481	101843762	96	0.4116
2cd3acc2-31e5-41b3-9db4-baad97c03990	11	101847972	109662421	5074	-0.3892
2cd3acc2-31e5-41b3-9db4-baad97c03990	11	109664414	109678226	12	-2.1764
2cd3acc2-31e5-41b3-9db4-baad97c03990	11	109680282	121638807	8366	-0.3917
2cd3acc2-31e5-41b3-9db4-baad97c03990	11	121650615	126871988	3803	0.3686
2cd3acc2-31e5-41b3-9db4-baad97c03990	11	126877441	127212651	295	0.0615
2cd3acc2-31e5-41b3-9db4-baad97c03990	11	127213160	127308868	68	0.4138
2cd3acc2-31e5-41b3-9db4-baad97c03990	11	127310636	132921016	4339	-0.3915
2cd3acc2-31e5-41b3-9db4-baad97c03990	11	132921257	133280545	300	-0.5548
2cd3acc2-31e5-41b3-9db4-baad97c03990	11	133280548	135074876	1324	-0.4222
2cd3acc2-31e5-41b3-9db4-baad97c03990	12	51460	2122991	1259	0.0686
2cd3acc2-31e5-41b3-9db4-baad97c03990	12	2124763	2148857	46	-0.6866
2cd3acc2-31e5-41b3-9db4-baad97c03990	12	2148938	2684879	404	0.0901
2cd3acc2-31e5-41b3-9db4-baad97c03990	12	2687905	2740612	33	0.5147
2cd3acc2-31e5-41b3-9db4-baad97c03990	12	2744688	9481274	4424	0.076
2cd3acc2-31e5-41b3-9db4-baad97c03990	12	9485313	9575696	23	-1.4615
2cd3acc2-31e5-41b3-9db4-baad97c03990	12	9582373	10223289	485	0.0658
2cd3acc2-31e5-41b3-9db4-baad97c03990	12	10223966	10676151	297	-0.3778
2cd3acc2-31e5-41b3-9db4-baad97c03990	12	10676404	11068125	252	0.0882
2cd3acc2-31e5-41b3-9db4-baad97c03990	12	11070111	11088933	9	-1.1034
2cd3acc2-31e5-41b3-9db4-baad97c03990	12	11099275	30974225	14045	0.0611
2cd3acc2-31e5-41b3-9db4-baad97c03990	12	30975671	31389257	248	-0.4672
2cd3acc2-31e5-41b3-9db4-baad97c03990	12	31393289	31895548	320	0.0473
2cd3acc2-31e5-41b3-9db4-baad97c03990	12	31897865	31908234	8	-0.8654
2cd3acc2-31e5-41b3-9db4-baad97c03990	12	31908819	45510655	6500	0.0528
2cd3acc2-31e5-41b3-9db4-baad97c03990	12	45512057	45515754	3	-2.472
2cd3acc2-31e5-41b3-9db4-baad97c03990	12	45519509	53507321	4586	0.0739
2cd3acc2-31e5-41b3-9db4-baad97c03990	12	53512620	53711290	108	-0.357
2cd3acc2-31e5-41b3-9db4-baad97c03990	12	53716143	104450927	32199	0.0597
2cd3acc2-31e5-41b3-9db4-baad97c03990	12	104453536	104453705	2	-1.3071
2cd3acc2-31e5-41b3-9db4-baad97c03990	12	104454631	109414662	3566	0.0666
2cd3acc2-31e5-41b3-9db4-baad97c03990	12	109417633	109419331	2	-2.5562
2cd3acc2-31e5-41b3-9db4-baad97c03990	12	109420215	126401129	10770	0.0669
2cd3acc2-31e5-41b3-9db4-baad97c03990	12	126401541	130668803	3805	0.0122
2cd3acc2-31e5-41b3-9db4-baad97c03990	12	130668882	130942029	165	0.0876
2cd3acc2-31e5-41b3-9db4-baad97c03990	12	130943539	130943720	2	-0.7134
2cd3acc2-31e5-41b3-9db4-baad97c03990	12	130943850	131241440	218	0.0977
2cd3acc2-31e5-41b3-9db4-baad97c03990	12	131241500	131250680	13	-0.3216
2cd3acc2-31e5-41b3-9db4-baad97c03990	12	131250729	131292887	48	0.0266
2cd3acc2-31e5-41b3-9db4-baad97c03990	12	131309623	131311902	5	0.84
2cd3acc2-31e5-41b3-9db4-baad97c03990	12	131319247	131636170	313	0.0779
2cd3acc2-31e5-41b3-9db4-baad97c03990	12	131648039	131648790	13	-2.3482
2cd3acc2-31e5-41b3-9db4-baad97c03990	12	131657925	133201603	559	0.0699
2cd3acc2-31e5-41b3-9db4-baad97c03990	13	18452809	19199374	328	-0.3635
2cd3acc2-31e5-41b3-9db4-baad97c03990	13	19202953	19203130	2	1.2216
2cd3acc2-31e5-41b3-9db4-baad97c03990	13	19207320	37496998	13115	-0.396
2cd3acc2-31e5-41b3-9db4-baad97c03990	13	37497899	37510620	16	-2.1361
2cd3acc2-31e5-41b3-9db4-baad97c03990	13	37514193	61520654	15167	-0.3937
2cd3acc2-31e5-41b3-9db4-baad97c03990	13	61527326	61531798	2	-2.1585
2cd3acc2-31e5-41b3-9db4-baad97c03990	13	61532475	71902850	6325	-0.3904
2cd3acc2-31e5-41b3-9db4-baad97c03990	13	71903417	71906418	4	-3.03
2cd3acc2-31e5-41b3-9db4-baad97c03990	13	71906467	96055378	15790	-0.4004
2cd3acc2-31e5-41b3-9db4-baad97c03990	13	96062366	97490739	848	0.0461
2cd3acc2-31e5-41b3-9db4-baad97c03990	13	97494695	97764400	197	0.3609
2cd3acc2-31e5-41b3-9db4-baad97c03990	13	97775564	98439380	526	0.0578
2cd3acc2-31e5-41b3-9db4-baad97c03990	13	98442648	99371026	596	-0.4046
2cd3acc2-31e5-41b3-9db4-baad97c03990	13	99371215	100039113	455	0.0467
2cd3acc2-31e5-41b3-9db4-baad97c03990	13	100045683	100514632	240	0.3979
2cd3acc2-31e5-41b3-9db4-baad97c03990	13	100514672	101328851	625	0.0616
2cd3acc2-31e5-41b3-9db4-baad97c03990	13	101333391	101419416	73	0.4242
2cd3acc2-31e5-41b3-9db4-baad97c03990	13	101420981	102918857	1225	0.0424
2cd3acc2-31e5-41b3-9db4-baad97c03990	13	102923939	103926625	922	-0.4117
2cd3acc2-31e5-41b3-9db4-baad97c03990	13	103927585	103972302	29	0.4033
2cd3acc2-31e5-41b3-9db4-baad97c03990	13	103972680	104036096	53	0.0387
2cd3acc2-31e5-41b3-9db4-baad97c03990	13	104038156	104379144	272	-0.3946
2cd3acc2-31e5-41b3-9db4-baad97c03990	13	104386432	106046076	1385	0.0427
2cd3acc2-31e5-41b3-9db4-baad97c03990	13	106046667	107515315	1126	-0.4068
2cd3acc2-31e5-41b3-9db4-baad97c03990	13	107516183	107518023	5	-1.4976
2cd3acc2-31e5-41b3-9db4-baad97c03990	13	107518089	109291678	1459	-0.4131
2cd3acc2-31e5-41b3-9db4-baad97c03990	13	109293999	111085009	1457	0.065
2cd3acc2-31e5-41b3-9db4-baad97c03990	13	111085873	111086956	2	-1.5511
2cd3acc2-31e5-41b3-9db4-baad97c03990	13	111090754	111553808	333	0.1142
2cd3acc2-31e5-41b3-9db4-baad97c03990	13	111555686	114342922	1397	-0.4214
2cd3acc2-31e5-41b3-9db4-baad97c03990	14	18239283	19197351	40	0.0127
2cd3acc2-31e5-41b3-9db4-baad97c03990	14	19203845	19951992	124	0.363
2cd3acc2-31e5-41b3-9db4-baad97c03990	14	19952080	25730546	3914	0.0833
2cd3acc2-31e5-41b3-9db4-baad97c03990	14	25730727	73529070	30097	0.0632
2cd3acc2-31e5-41b3-9db4-baad97c03990	14	73534419	73563196	10	0.5845
2cd3acc2-31e5-41b3-9db4-baad97c03990	14	73563211	91319313	11640	0.0643
2cd3acc2-31e5-41b3-9db4-baad97c03990	14	91319545	99182754	5952	0.0847
2cd3acc2-31e5-41b3-9db4-baad97c03990	14	99183226	99183260	2	1.4374
2cd3acc2-31e5-41b3-9db4-baad97c03990	14	99183417	106030809	3151	0.0907
2cd3acc2-31e5-41b3-9db4-baad97c03990	14	106031960	106516924	213	0.2025
2cd3acc2-31e5-41b3-9db4-baad97c03990	14	106517776	106877229	180	0.0842
2cd3acc2-31e5-41b3-9db4-baad97c03990	15	19811075	20206125	57	0.2002
2cd3acc2-31e5-41b3-9db4-baad97c03990	15	20206395	22572323	154	-0.1574
2cd3acc2-31e5-41b3-9db4-baad97c03990	15	22576496	24429986	990	0.0732
2cd3acc2-31e5-41b3-9db4-baad97c03990	15	24435245	24473449	31	-0.6597
2cd3acc2-31e5-41b3-9db4-baad97c03990	15	24480146	30215235	3601	0.0528
2cd3acc2-31e5-41b3-9db4-baad97c03990	15	30230885	30297594	12	-0.8762
2cd3acc2-31e5-41b3-9db4-baad97c03990	15	30300815	32112980	1027	0.0659
2cd3acc2-31e5-41b3-9db4-baad97c03990	15	32113832	32610782	69	-0.1445
2cd3acc2-31e5-41b3-9db4-baad97c03990	15	32612414	76586021	27919	0.0777
2cd3acc2-31e5-41b3-9db4-baad97c03990	15	76598900	76603434	22	0.843
2cd3acc2-31e5-41b3-9db4-baad97c03990	15	76609838	101928837	17598	0.0755
2cd3acc2-31e5-41b3-9db4-baad97c03990	16	10777	5902156	3032	0.0893
2cd3acc2-31e5-41b3-9db4-baad97c03990	16	5902338	7989284	2589	0.0302
2cd3acc2-31e5-41b3-9db4-baad97c03990	16	7990172	14662430	5462	0.0776
2cd3acc2-31e5-41b3-9db4-baad97c03990	16	14665911	15402301	136	0.2621
2cd3acc2-31e5-41b3-9db4-baad97c03990	16	15404950	46635420	9299	0.0724
2cd3acc2-31e5-41b3-9db4-baad97c03990	16	46639499	46815946	75	0.4191
2cd3acc2-31e5-41b3-9db4-baad97c03990	16	46816493	47177321	153	0.0428
2cd3acc2-31e5-41b3-9db4-baad97c03990	16	47189154	47322243	59	0.3911
2cd3acc2-31e5-41b3-9db4-baad97c03990	16	47328198	47372138	20	-0.007
2cd3acc2-31e5-41b3-9db4-baad97c03990	16	47375453	48229301	410	-0.3546
2cd3acc2-31e5-41b3-9db4-baad97c03990	16	48230182	48575684	187	0.6486
2cd3acc2-31e5-41b3-9db4-baad97c03990	16	48578450	49087952	371	-0.3695
2cd3acc2-31e5-41b3-9db4-baad97c03990	16	49088662	49091433	5	0.4857
2cd3acc2-31e5-41b3-9db4-baad97c03990	16	49093077	49488523	326	-0.392
2cd3acc2-31e5-41b3-9db4-baad97c03990	16	49491299	49598920	92	0.0889
2cd3acc2-31e5-41b3-9db4-baad97c03990	16	49600729	50041017	291	-0.3641
2cd3acc2-31e5-41b3-9db4-baad97c03990	16	50045898	50183698	81	0.0606
2cd3acc2-31e5-41b3-9db4-baad97c03990	16	50188029	52084541	1340	0.3977
2cd3acc2-31e5-41b3-9db4-baad97c03990	16	52086456	53034556	759	1.2064
2cd3acc2-31e5-41b3-9db4-baad97c03990	16	53035647	53405908	196	0.876
2cd3acc2-31e5-41b3-9db4-baad97c03990	16	53407820	53507566	164	0.6119
2cd3acc2-31e5-41b3-9db4-baad97c03990	16	53511081	55761136	1863	0.0831
2cd3acc2-31e5-41b3-9db4-baad97c03990	16	55762477	55775312	13	1.1723
2cd3acc2-31e5-41b3-9db4-baad97c03990	16	55775554	63703631	4990	0.0679
2cd3acc2-31e5-41b3-9db4-baad97c03990	16	63704711	78012725	8988	-0.3814
2cd3acc2-31e5-41b3-9db4-baad97c03990	16	78013920	78036716	19	-0.9217
2cd3acc2-31e5-41b3-9db4-baad97c03990	16	78046462	78337711	264	-0.3776
2cd3acc2-31e5-41b3-9db4-baad97c03990	16	78338543	78350841	15	-2.0507
2cd3acc2-31e5-41b3-9db4-baad97c03990	16	78350868	78917866	758	-0.4018
2cd3acc2-31e5-41b3-9db4-baad97c03990	16	78920036	78920119	2	-4.2992
2cd3acc2-31e5-41b3-9db4-baad97c03990	16	78925396	90096867	9821	-0.3976
2cd3acc2-31e5-41b3-9db4-baad97c03990	17	150733	18458372	11369	-0.3799
2cd3acc2-31e5-41b3-9db4-baad97c03990	17	18461528	18550123	21	-1.1724
2cd3acc2-31e5-41b3-9db4-baad97c03990	17	18561272	31422426	3506	-0.3545
2cd3acc2-31e5-41b3-9db4-baad97c03990	17	31427991	33988046	1803	-0.3977
2cd3acc2-31e5-41b3-9db4-baad97c03990	17	33988105	33993801	12	-1.0558
2cd3acc2-31e5-41b3-9db4-baad97c03990	17	33996952	36137721	1525	-0.4017
2cd3acc2-31e5-41b3-9db4-baad97c03990	17	36137995	36208249	12	-0.0702
2cd3acc2-31e5-41b3-9db4-baad97c03990	17	36460442	41265456	2516	-0.3533
2cd3acc2-31e5-41b3-9db4-baad97c03990	17	41266762	41277289	39	-0.0191
2cd3acc2-31e5-41b3-9db4-baad97c03990	17	41282110	46131308	2511	-0.3534
2cd3acc2-31e5-41b3-9db4-baad97c03990	17	46135062	46446360	94	-0.7587
2cd3acc2-31e5-41b3-9db4-baad97c03990	17	46569894	48967232	1162	-0.3739
2cd3acc2-31e5-41b3-9db4-baad97c03990	17	48969629	55522204	4145	0.0824
2cd3acc2-31e5-41b3-9db4-baad97c03990	17	55522370	55522946	2	-1.0228
2cd3acc2-31e5-41b3-9db4-baad97c03990	17	55523807	59189022	2537	0.0898
2cd3acc2-31e5-41b3-9db4-baad97c03990	17	59192793	59487976	148	-0.4
2cd3acc2-31e5-41b3-9db4-baad97c03990	17	59488220	62415271	1429	0.0642
2cd3acc2-31e5-41b3-9db4-baad97c03990	17	62430026	62486505	19	-0.3784
2cd3acc2-31e5-41b3-9db4-baad97c03990	17	62488174	67435149	2767	0.0777
2cd3acc2-31e5-41b3-9db4-baad97c03990	17	67444250	67448377	8	-0.727
2cd3acc2-31e5-41b3-9db4-baad97c03990	17	67448766	74621376	5082	0.0763
2cd3acc2-31e5-41b3-9db4-baad97c03990	17	74622106	75237206	297	-0.3829
2cd3acc2-31e5-41b3-9db4-baad97c03990	17	75243332	75582988	149	0.0959
2cd3acc2-31e5-41b3-9db4-baad97c03990	17	75583282	76339739	320	-0.3853
2cd3acc2-31e5-41b3-9db4-baad97c03990	17	76340464	81109062	2752	0.0913
2cd3acc2-31e5-41b3-9db4-baad97c03990	17	81136109	81419024	109	-0.3188
2cd3acc2-31e5-41b3-9db4-baad97c03990	17	81421889	82613184	363	0.0914
2cd3acc2-31e5-41b3-9db4-baad97c03990	17	82613253	82613318	2	-1.933
2cd3acc2-31e5-41b3-9db4-baad97c03990	17	82613629	83048511	235	0.0841
2cd3acc2-31e5-41b3-9db4-baad97c03990	17	83048753	83091923	13	-0.2362
2cd3acc2-31e5-41b3-9db4-baad97c03990	18	48133	1300621	888	0.0453
2cd3acc2-31e5-41b3-9db4-baad97c03990	18	1308098	2898999	1145	-0.3866
2cd3acc2-31e5-41b3-9db4-baad97c03990	18	2900589	2941952	33	0.1392
2cd3acc2-31e5-41b3-9db4-baad97c03990	18	2943797	3063397	83	-0.4284
2cd3acc2-31e5-41b3-9db4-baad97c03990	18	3063540	3067280	2	-2.4447
2cd3acc2-31e5-41b3-9db4-baad97c03990	18	3068555	5057935	1421	-0.3819
2cd3acc2-31e5-41b3-9db4-baad97c03990	18	5067723	5475955	289	-1.083
2cd3acc2-31e5-41b3-9db4-baad97c03990	18	5477882	6302955	591	-0.3927
2cd3acc2-31e5-41b3-9db4-baad97c03990	18	6309941	7415422	840	-1.1109
2cd3acc2-31e5-41b3-9db4-baad97c03990	18	7419873	22360304	5720	-0.3829
2cd3acc2-31e5-41b3-9db4-baad97c03990	18	22361048	22736530	254	0.0866
2cd3acc2-31e5-41b3-9db4-baad97c03990	18	22742587	23029500	113	0.3592
2cd3acc2-31e5-41b3-9db4-baad97c03990	18	23031702	23707401	393	0.0713
2cd3acc2-31e5-41b3-9db4-baad97c03990	18	23712671	50813794	17818	-0.3788
2cd3acc2-31e5-41b3-9db4-baad97c03990	18	50814317	50818731	4	-2.3107
2cd3acc2-31e5-41b3-9db4-baad97c03990	18	50819281	52404449	1168	-0.3936
2cd3acc2-31e5-41b3-9db4-baad97c03990	18	52404509	53997831	1085	0.0637
2cd3acc2-31e5-41b3-9db4-baad97c03990	18	53998472	53998782	3	0.8638
2cd3acc2-31e5-41b3-9db4-baad97c03990	18	54001998	57005536	1812	0.0623
2cd3acc2-31e5-41b3-9db4-baad97c03990	18	57006263	57008715	3	-1.1435
2cd3acc2-31e5-41b3-9db4-baad97c03990	18	57009356	58218273	910	0.0813
2cd3acc2-31e5-41b3-9db4-baad97c03990	18	58220758	58228988	12	-0.4165
2cd3acc2-31e5-41b3-9db4-baad97c03990	18	58230856	58293441	79	0.0781
2cd3acc2-31e5-41b3-9db4-baad97c03990	18	58299003	59286982	673	-0.402
2cd3acc2-31e5-41b3-9db4-baad97c03990	18	59290136	61364625	1564	0.0731
2cd3acc2-31e5-41b3-9db4-baad97c03990	18	61368943	61671479	226	-0.3866
2cd3acc2-31e5-41b3-9db4-baad97c03990	18	61673193	61827236	87	0.1282
2cd3acc2-31e5-41b3-9db4-baad97c03990	18	61832133	61981414	136	-0.4035
2cd3acc2-31e5-41b3-9db4-baad97c03990	18	61983280	62055090	54	0.0882
2cd3acc2-31e5-41b3-9db4-baad97c03990	18	62058705	62459449	252	0.4152
2cd3acc2-31e5-41b3-9db4-baad97c03990	18	62470363	62577623	60	0.6493
2cd3acc2-31e5-41b3-9db4-baad97c03990	18	62580329	62870392	141	0.8524
2cd3acc2-31e5-41b3-9db4-baad97c03990	18	62873627	63335708	443	0.6692
2cd3acc2-31e5-41b3-9db4-baad97c03990	18	63335900	63459442	75	0.3547
2cd3acc2-31e5-41b3-9db4-baad97c03990	18	63463156	67850588	3074	0.0485
2cd3acc2-31e5-41b3-9db4-baad97c03990	18	67855728	69476458	1258	0.3867
2cd3acc2-31e5-41b3-9db4-baad97c03990	18	69476967	70551557	773	0.6681
2cd3acc2-31e5-41b3-9db4-baad97c03990	18	70555048	71726377	819	-0.3979
2cd3acc2-31e5-41b3-9db4-baad97c03990	18	71727716	72118895	268	0.0633
2cd3acc2-31e5-41b3-9db4-baad97c03990	18	72120144	72477693	281	-0.4053
2cd3acc2-31e5-41b3-9db4-baad97c03990	18	72479576	73085418	504	0.046
2cd3acc2-31e5-41b3-9db4-baad97c03990	18	73087622	80257174	5244	-0.4097
2cd3acc2-31e5-41b3-9db4-baad97c03990	19	90910	1773504	389	0.0303
2cd3acc2-31e5-41b3-9db4-baad97c03990	19	1778040	1784212	5	-0.6996
2cd3acc2-31e5-41b3-9db4-baad97c03990	19	1791100	14934946	5703	0.0761
2cd3acc2-31e5-41b3-9db4-baad97c03990	19	14938487	15046333	81	-0.3615
2cd3acc2-31e5-41b3-9db4-baad97c03990	19	15046465	20049358	2533	0.0757
2cd3acc2-31e5-41b3-9db4-baad97c03990	19	20051243	20051886	2	-1.4825
2cd3acc2-31e5-41b3-9db4-baad97c03990	19	20052824	51628560	16025	0.0681
2cd3acc2-31e5-41b3-9db4-baad97c03990	19	51639099	51644944	11	-2.3667
2cd3acc2-31e5-41b3-9db4-baad97c03990	19	51651652	54226360	1733	0.0859
2cd3acc2-31e5-41b3-9db4-baad97c03990	19	54226378	54237443	14	0.9871
2cd3acc2-31e5-41b3-9db4-baad97c03990	19	54249482	55771003	746	0.0647
2cd3acc2-31e5-41b3-9db4-baad97c03990	19	55771169	55771701	3	-2.7932
2cd3acc2-31e5-41b3-9db4-baad97c03990	19	55774927	58586487	1839	0.0732
2cd3acc2-31e5-41b3-9db4-baad97c03990	20	80664	1580353	1201	0.08
2cd3acc2-31e5-41b3-9db4-baad97c03990	20	1580934	1609809	38	-0.361
2cd3acc2-31e5-41b3-9db4-baad97c03990	20	1609888	1613247	3	-1.3566
2cd3acc2-31e5-41b3-9db4-baad97c03990	20	1617300	4057725	1690	0.0906
2cd3acc2-31e5-41b3-9db4-baad97c03990	20	4058019	4058537	2	-1.8014
2cd3acc2-31e5-41b3-9db4-baad97c03990	20	4060093	24438155	16068	0.0716
2cd3acc2-31e5-41b3-9db4-baad97c03990	20	24438549	24443620	7	0.7612
2cd3acc2-31e5-41b3-9db4-baad97c03990	20	24444068	30206919	982	0.0914
2cd3acc2-31e5-41b3-9db4-baad97c03990	20	30208745	30271154	13	-0.5935
2cd3acc2-31e5-41b3-9db4-baad97c03990	20	30293217	64324800	22325	0.0789
2cd3acc2-31e5-41b3-9db4-baad97c03990	21	10354168	17663798	2801	-0.3717
2cd3acc2-31e5-41b3-9db4-baad97c03990	21	17663826	17668103	7	-1.6741
2cd3acc2-31e5-41b3-9db4-baad97c03990	21	17668672	45407957	20263	-0.3797
2cd3acc2-31e5-41b3-9db4-baad97c03990	21	45419655	45444973	12	-1.2209
2cd3acc2-31e5-41b3-9db4-baad97c03990	21	45448178	46677045	713	-0.4249
2cd3acc2-31e5-41b3-9db4-baad97c03990	22	15294547	23987520	4383	-0.3543
2cd3acc2-31e5-41b3-9db4-baad97c03990	22	23988078	23989773	2	-3.026
2cd3acc2-31e5-41b3-9db4-baad97c03990	22	23990431	49154492	17882	-0.3731
2cd3acc2-31e5-41b3-9db4-baad97c03990	22	49156793	49682648	449	-0.5286
2cd3acc2-31e5-41b3-9db4-baad97c03990	22	49683760	50796027	496	-0.3875
2cd3acc2-31e5-41b3-9db4-baad97c03990	X	251810	4897765	1582	0.0059
2cd3acc2-31e5-41b3-9db4-baad97c03990	X	4898027	4898802	2	-1.602
2cd3acc2-31e5-41b3-9db4-baad97c03990	X	4901715	7202380	1858	0.017
2cd3acc2-31e5-41b3-9db4-baad97c03990	X	7205253	7205264	2	-1.4047
2cd3acc2-31e5-41b3-9db4-baad97c03990	X	7206065	63193211	30079	0.0222
2cd3acc2-31e5-41b3-9db4-baad97c03990	X	63250575	63285949	20	0.7326
2cd3acc2-31e5-41b3-9db4-baad97c03990	X	63285991	90634991	13244	0.0146
2cd3acc2-31e5-41b3-9db4-baad97c03990	X	90640076	90656859	11	-0.8064
2cd3acc2-31e5-41b3-9db4-baad97c03990	X	90674980	155952689	36777	0.0182
2cd3acc2-31e5-41b3-9db4-baad97c03990	Y	2782397	3564331	235	-2.9825
2cd3acc2-31e5-41b3-9db4-baad97c03990	Y	3567807	6233384	549	-2.4945
2cd3acc2-31e5-41b3-9db4-baad97c03990	Y	6249869	7711757	525	-2.9545
2cd3acc2-31e5-41b3-9db4-baad97c03990	Y	7713689	9921955	1013	-3.1896
2cd3acc2-31e5-41b3-9db4-baad97c03990	Y	9937005	20752415	3583	-2.9542
2cd3acc2-31e5-41b3-9db4-baad97c03990	Y	20752492	20756691	2	-7.6733
2cd3acc2-31e5-41b3-9db4-baad97c03990	Y	20757006	56872112	733	-2.9798
