GDC_Aliquot	Chromosome	Start	End	Num_Probes	Segment_Mean
6ecb1b2f-c931-49e7-8669-2536c1ba34e0	1	62920	3220294	703	-0.1532
6ecb1b2f-c931-49e7-8669-2536c1ba34e0	1	3221349	9308150	3986	-0.0181
6ecb1b2f-c931-49e7-8669-2536c1ba34e0	1	9309959	9328019	19	0.3876
6ecb1b2f-c931-49e7-8669-2536c1ba34e0	1	9328595	15820586	3618	-0.0267
6ecb1b2f-c931-49e7-8669-2536c1ba34e0	1	15820686	15820897	2	1.2385
6ecb1b2f-c931-49e7-8669-2536c1ba34e0	1	15822042	16868660	372	-0.0299
6ecb1b2f-c931-49e7-8669-2536c1ba34e0	1	16877002	16955930	55	-0.6673
6ecb1b2f-c931-49e7-8669-2536c1ba34e0	1	16956580	22182713	3450	-0.0145
6ecb1b2f-c931-49e7-8669-2536c1ba34e0	1	22187743	22224131	38	0.4989
6ecb1b2f-c931-49e7-8669-2536c1ba34e0	1	22224465	30266949	4186	-0.0222
6ecb1b2f-c931-49e7-8669-2536c1ba34e0	1	30268649	30272363	4	-0.9534
6ecb1b2f-c931-49e7-8669-2536c1ba34e0	1	30274729	30690609	351	-0.0026
6ecb1b2f-c931-49e7-8669-2536c1ba34e0	1	30691029	30793010	67	-0.1991
6ecb1b2f-c931-49e7-8669-2536c1ba34e0	1	30794326	38986185	4557	-0.0023
6ecb1b2f-c931-49e7-8669-2536c1ba34e0	1	38992438	38993024	3	-1.4628
6ecb1b2f-c931-49e7-8669-2536c1ba34e0	1	38993209	40694609	852	-0.0252
6ecb1b2f-c931-49e7-8669-2536c1ba34e0	1	40699407	66198905	16560	0.0217
6ecb1b2f-c931-49e7-8669-2536c1ba34e0	1	66205085	66205601	5	-0.8869
6ecb1b2f-c931-49e7-8669-2536c1ba34e0	1	66206167	66943794	587	0.0303
6ecb1b2f-c931-49e7-8669-2536c1ba34e0	1	66944355	68151889	884	0.5125
6ecb1b2f-c931-49e7-8669-2536c1ba34e0	1	68152554	72318265	2482	0.0376
6ecb1b2f-c931-49e7-8669-2536c1ba34e0	1	72318471	72345465	32	0.4425
6ecb1b2f-c931-49e7-8669-2536c1ba34e0	1	72346221	72791646	323	0.0378
6ecb1b2f-c931-49e7-8669-2536c1ba34e0	1	72795204	72941866	74	-0.7368
6ecb1b2f-c931-49e7-8669-2536c1ba34e0	1	72942161	72994094	20	0.0272
6ecb1b2f-c931-49e7-8669-2536c1ba34e0	1	73000529	74803600	1084	-0.7706
6ecb1b2f-c931-49e7-8669-2536c1ba34e0	1	74805388	74808182	2	-3.1208
6ecb1b2f-c931-49e7-8669-2536c1ba34e0	1	74808303	74833539	13	-0.7225
6ecb1b2f-c931-49e7-8669-2536c1ba34e0	1	74842433	80291576	3487	0.0316
6ecb1b2f-c931-49e7-8669-2536c1ba34e0	1	80295181	80295512	2	-1.4069
6ecb1b2f-c931-49e7-8669-2536c1ba34e0	1	80299126	108223733	17913	0.0279
6ecb1b2f-c931-49e7-8669-2536c1ba34e0	1	108226680	108274557	2	-2.9012
6ecb1b2f-c931-49e7-8669-2536c1ba34e0	1	108310648	109679105	673	0.0042
6ecb1b2f-c931-49e7-8669-2536c1ba34e0	1	109684695	109691788	10	-0.6403
6ecb1b2f-c931-49e7-8669-2536c1ba34e0	1	109691933	117489535	5418	0.0211
6ecb1b2f-c931-49e7-8669-2536c1ba34e0	1	117490488	117734630	178	0.2993
6ecb1b2f-c931-49e7-8669-2536c1ba34e0	1	117734677	119595765	1143	0.034
6ecb1b2f-c931-49e7-8669-2536c1ba34e0	1	119596669	119696136	71	0.5532
6ecb1b2f-c931-49e7-8669-2536c1ba34e0	1	119697804	143494500	334	0.0136
6ecb1b2f-c931-49e7-8669-2536c1ba34e0	1	143541857	143553882	14	0.6254
6ecb1b2f-c931-49e7-8669-2536c1ba34e0	1	143554306	143710159	69	0.1646
6ecb1b2f-c931-49e7-8669-2536c1ba34e0	1	143710242	143710845	5	0.652
6ecb1b2f-c931-49e7-8669-2536c1ba34e0	1	143713743	143748074	9	0.3564
6ecb1b2f-c931-49e7-8669-2536c1ba34e0	1	143748421	148359050	882	0.0612
6ecb1b2f-c931-49e7-8669-2536c1ba34e0	1	148926674	149000193	24	0.7807
6ecb1b2f-c931-49e7-8669-2536c1ba34e0	1	149015387	152583051	1432	0.0522
6ecb1b2f-c931-49e7-8669-2536c1ba34e0	1	152583230	152614118	35	-0.9732
6ecb1b2f-c931-49e7-8669-2536c1ba34e0	1	152618018	196740630	29659	0.0684
6ecb1b2f-c931-49e7-8669-2536c1ba34e0	1	196741937	196832720	62	0.6105
6ecb1b2f-c931-49e7-8669-2536c1ba34e0	1	196843377	200146243	2072	0.0693
6ecb1b2f-c931-49e7-8669-2536c1ba34e0	1	200148798	200426475	229	0.517
6ecb1b2f-c931-49e7-8669-2536c1ba34e0	1	200426618	201314911	604	0.0641
6ecb1b2f-c931-49e7-8669-2536c1ba34e0	1	201317190	201403351	72	0.4929
6ecb1b2f-c931-49e7-8669-2536c1ba34e0	1	201403516	212248600	7363	0.0549
6ecb1b2f-c931-49e7-8669-2536c1ba34e0	1	212252429	212277643	19	0.4633
6ecb1b2f-c931-49e7-8669-2536c1ba34e0	1	212278707	212444116	77	-0.0167
6ecb1b2f-c931-49e7-8669-2536c1ba34e0	1	212451309	212497027	35	0.4897
6ecb1b2f-c931-49e7-8669-2536c1ba34e0	1	212497523	213486617	618	0.0541
6ecb1b2f-c931-49e7-8669-2536c1ba34e0	1	213486819	213487022	2	-1.2504
6ecb1b2f-c931-49e7-8669-2536c1ba34e0	1	213488101	220776338	5255	0.08
6ecb1b2f-c931-49e7-8669-2536c1ba34e0	1	220777663	220777793	2	-1.4375
6ecb1b2f-c931-49e7-8669-2536c1ba34e0	1	220780435	232723528	7808	0.0614
6ecb1b2f-c931-49e7-8669-2536c1ba34e0	1	232728457	232753275	23	0.5492
6ecb1b2f-c931-49e7-8669-2536c1ba34e0	1	232757002	232763743	5	-0.0001
6ecb1b2f-c931-49e7-8669-2536c1ba34e0	1	232764518	232819080	47	0.5477
6ecb1b2f-c931-49e7-8669-2536c1ba34e0	1	232831280	234948319	1776	0.0581
6ecb1b2f-c931-49e7-8669-2536c1ba34e0	1	234951493	235029937	47	0.959
6ecb1b2f-c931-49e7-8669-2536c1ba34e0	1	235079870	243418042	6168	0.077
6ecb1b2f-c931-49e7-8669-2536c1ba34e0	1	243418705	244594038	828	-0.7264
6ecb1b2f-c931-49e7-8669-2536c1ba34e0	1	244604632	248930189	2756	0.0544
6ecb1b2f-c931-49e7-8669-2536c1ba34e0	2	12784	759631	529	-0.0134
6ecb1b2f-c931-49e7-8669-2536c1ba34e0	2	759749	1913957	711	-0.0914
6ecb1b2f-c931-49e7-8669-2536c1ba34e0	2	1914588	4168820	1750	-0.0019
6ecb1b2f-c931-49e7-8669-2536c1ba34e0	2	4168830	4172353	24	0.5037
6ecb1b2f-c931-49e7-8669-2536c1ba34e0	2	4174231	17054572	9858	0.0131
6ecb1b2f-c931-49e7-8669-2536c1ba34e0	2	17054645	17056638	9	0.6144
6ecb1b2f-c931-49e7-8669-2536c1ba34e0	2	17056694	17101319	33	0.2195
6ecb1b2f-c931-49e7-8669-2536c1ba34e0	2	17101343	20534789	2578	0.0186
6ecb1b2f-c931-49e7-8669-2536c1ba34e0	2	20537274	20600270	49	0.5582
6ecb1b2f-c931-49e7-8669-2536c1ba34e0	2	20603671	20709742	90	0.0007
6ecb1b2f-c931-49e7-8669-2536c1ba34e0	2	20717346	20914393	121	0.5354
6ecb1b2f-c931-49e7-8669-2536c1ba34e0	2	20916112	22290763	832	0.0362
6ecb1b2f-c931-49e7-8669-2536c1ba34e0	2	22295653	23552535	918	-0.862
6ecb1b2f-c931-49e7-8669-2536c1ba34e0	2	23554864	23718478	107	-0.0631
6ecb1b2f-c931-49e7-8669-2536c1ba34e0	2	23721969	23746504	13	-0.7681
6ecb1b2f-c931-49e7-8669-2536c1ba34e0	2	23748503	29543251	3118	-0.0087
6ecb1b2f-c931-49e7-8669-2536c1ba34e0	2	29543747	29546184	6	-0.8555
6ecb1b2f-c931-49e7-8669-2536c1ba34e0	2	29547897	34424117	3309	0.0027
6ecb1b2f-c931-49e7-8669-2536c1ba34e0	2	34424199	34501950	55	0.2967
6ecb1b2f-c931-49e7-8669-2536c1ba34e0	2	34502547	35796558	916	0.0365
6ecb1b2f-c931-49e7-8669-2536c1ba34e0	2	35796736	35839302	39	-0.2596
6ecb1b2f-c931-49e7-8669-2536c1ba34e0	2	35845869	36168533	254	0.0514
6ecb1b2f-c931-49e7-8669-2536c1ba34e0	2	36169813	36189745	19	-0.2654
6ecb1b2f-c931-49e7-8669-2536c1ba34e0	2	36190464	36255183	61	0.0327
6ecb1b2f-c931-49e7-8669-2536c1ba34e0	2	36256302	36263898	9	-0.5099
6ecb1b2f-c931-49e7-8669-2536c1ba34e0	2	36265877	37503011	958	0.0225
6ecb1b2f-c931-49e7-8669-2536c1ba34e0	2	37503840	37508238	4	-1.2633
6ecb1b2f-c931-49e7-8669-2536c1ba34e0	2	37510473	41010502	2543	0.0226
6ecb1b2f-c931-49e7-8669-2536c1ba34e0	2	41010722	41018747	30	0.3493
6ecb1b2f-c931-49e7-8669-2536c1ba34e0	2	41024093	41153307	94	0.1118
6ecb1b2f-c931-49e7-8669-2536c1ba34e0	2	41153465	41155676	5	0.5986
6ecb1b2f-c931-49e7-8669-2536c1ba34e0	2	41156577	46664381	4156	0.0169
6ecb1b2f-c931-49e7-8669-2536c1ba34e0	2	46664825	46775979	65	0.356
6ecb1b2f-c931-49e7-8669-2536c1ba34e0	2	46781436	62095577	10278	0.0237
6ecb1b2f-c931-49e7-8669-2536c1ba34e0	2	62097036	62991820	473	0.504
6ecb1b2f-c931-49e7-8669-2536c1ba34e0	2	62999789	68519599	3672	0.0174
6ecb1b2f-c931-49e7-8669-2536c1ba34e0	2	68520708	69009383	350	-0.8024
6ecb1b2f-c931-49e7-8669-2536c1ba34e0	2	69010451	69014127	2	-2.677
6ecb1b2f-c931-49e7-8669-2536c1ba34e0	2	69015540	69295945	227	-0.8207
6ecb1b2f-c931-49e7-8669-2536c1ba34e0	2	69296706	69298589	2	-2.7286
6ecb1b2f-c931-49e7-8669-2536c1ba34e0	2	69298791	69548401	134	-0.7872
6ecb1b2f-c931-49e7-8669-2536c1ba34e0	2	69549438	74682638	2845	0
6ecb1b2f-c931-49e7-8669-2536c1ba34e0	2	74683576	74737426	51	0.4952
6ecb1b2f-c931-49e7-8669-2536c1ba34e0	2	74739276	77745927	2148	0.0284
6ecb1b2f-c931-49e7-8669-2536c1ba34e0	2	77746919	77769540	46	0.491
6ecb1b2f-c931-49e7-8669-2536c1ba34e0	2	77769744	85728333	4961	0.0292
6ecb1b2f-c931-49e7-8669-2536c1ba34e0	2	85732693	85777240	40	0.4831
6ecb1b2f-c931-49e7-8669-2536c1ba34e0	2	85777771	86901078	641	-0.0161
6ecb1b2f-c931-49e7-8669-2536c1ba34e0	2	86902080	86910262	2	-2.0117
6ecb1b2f-c931-49e7-8669-2536c1ba34e0	2	86934730	87997552	154	0.0021
6ecb1b2f-c931-49e7-8669-2536c1ba34e0	2	88000106	88715646	382	-0.8066
6ecb1b2f-c931-49e7-8669-2536c1ba34e0	2	88721025	97207299	1307	0.0243
6ecb1b2f-c931-49e7-8669-2536c1ba34e0	2	97210040	97211069	4	-0.9949
6ecb1b2f-c931-49e7-8669-2536c1ba34e0	2	97211264	97359885	15	0.0008
6ecb1b2f-c931-49e7-8669-2536c1ba34e0	2	97524284	97545726	9	1.3396
6ecb1b2f-c931-49e7-8669-2536c1ba34e0	2	97550415	100178745	1443	0.0015
6ecb1b2f-c931-49e7-8669-2536c1ba34e0	2	100179786	100311503	105	-0.8379
6ecb1b2f-c931-49e7-8669-2536c1ba34e0	2	100311624	107824280	5021	0.0195
6ecb1b2f-c931-49e7-8669-2536c1ba34e0	2	107830513	107864451	2	1.762
6ecb1b2f-c931-49e7-8669-2536c1ba34e0	2	107875632	111598165	1654	-0.0077
6ecb1b2f-c931-49e7-8669-2536c1ba34e0	2	111600472	111610248	2	-1.4703
6ecb1b2f-c931-49e7-8669-2536c1ba34e0	2	111615592	111742458	94	0.0479
6ecb1b2f-c931-49e7-8669-2536c1ba34e0	2	111744876	111754208	3	0.7769
6ecb1b2f-c931-49e7-8669-2536c1ba34e0	2	111757751	112911022	596	-0.0005
6ecb1b2f-c931-49e7-8669-2536c1ba34e0	2	112913313	112928839	25	0.4493
6ecb1b2f-c931-49e7-8669-2536c1ba34e0	2	112933483	113283164	322	0.0158
6ecb1b2f-c931-49e7-8669-2536c1ba34e0	2	113287135	113478959	78	0.5489
6ecb1b2f-c931-49e7-8669-2536c1ba34e0	2	113478973	114781818	748	0.0187
6ecb1b2f-c931-49e7-8669-2536c1ba34e0	2	114782002	114784928	15	0.6054
6ecb1b2f-c931-49e7-8669-2536c1ba34e0	2	114785021	119672755	3168	0.0284
6ecb1b2f-c931-49e7-8669-2536c1ba34e0	2	119677817	119993263	117	-0.7997
6ecb1b2f-c931-49e7-8669-2536c1ba34e0	2	119994129	132572969	7358	0.0166
6ecb1b2f-c931-49e7-8669-2536c1ba34e0	2	132573322	132574314	4	1.105
6ecb1b2f-c931-49e7-8669-2536c1ba34e0	2	132577488	134308905	1333	0.0312
6ecb1b2f-c931-49e7-8669-2536c1ba34e0	2	134309531	134309650	2	1.5244
6ecb1b2f-c931-49e7-8669-2536c1ba34e0	2	134310436	136993798	1665	-0.0115
6ecb1b2f-c931-49e7-8669-2536c1ba34e0	2	136994056	137947208	631	0.0716
6ecb1b2f-c931-49e7-8669-2536c1ba34e0	2	137947222	137965229	16	-0.1373
6ecb1b2f-c931-49e7-8669-2536c1ba34e0	2	137967011	137967942	4	1.035
6ecb1b2f-c931-49e7-8669-2536c1ba34e0	2	137974624	143291195	3390	0.0329
6ecb1b2f-c931-49e7-8669-2536c1ba34e0	2	143294202	143311927	12	-0.8966
6ecb1b2f-c931-49e7-8669-2536c1ba34e0	2	143312320	143333002	7	0.0739
6ecb1b2f-c931-49e7-8669-2536c1ba34e0	2	143335762	143357587	18	-0.9087
6ecb1b2f-c931-49e7-8669-2536c1ba34e0	2	143358646	143404165	30	0.0079
6ecb1b2f-c931-49e7-8669-2536c1ba34e0	2	143408041	143444703	32	-0.8041
6ecb1b2f-c931-49e7-8669-2536c1ba34e0	2	143455129	143483440	16	0.055
6ecb1b2f-c931-49e7-8669-2536c1ba34e0	2	143485001	143510398	19	-0.8434
6ecb1b2f-c931-49e7-8669-2536c1ba34e0	2	143518814	154072969	6392	0.0214
6ecb1b2f-c931-49e7-8669-2536c1ba34e0	2	154075645	154926350	509	0.5563
6ecb1b2f-c931-49e7-8669-2536c1ba34e0	2	154930756	183422293	17548	0.0261
6ecb1b2f-c931-49e7-8669-2536c1ba34e0	2	183424662	184254745	518	-0.7322
6ecb1b2f-c931-49e7-8669-2536c1ba34e0	2	184255329	195808809	6480	0.0477
6ecb1b2f-c931-49e7-8669-2536c1ba34e0	2	195811765	195812070	2	-1.457
6ecb1b2f-c931-49e7-8669-2536c1ba34e0	2	195815325	199867048	2372	0.0169
6ecb1b2f-c931-49e7-8669-2536c1ba34e0	2	199881503	199991833	71	0.4579
6ecb1b2f-c931-49e7-8669-2536c1ba34e0	2	199993418	200146066	80	0.7146
6ecb1b2f-c931-49e7-8669-2536c1ba34e0	2	200146171	200658427	380	0.4851
6ecb1b2f-c931-49e7-8669-2536c1ba34e0	2	200660316	200709196	40	1.0451
6ecb1b2f-c931-49e7-8669-2536c1ba34e0	2	200710112	200777576	69	0.4853
6ecb1b2f-c931-49e7-8669-2536c1ba34e0	2	200778761	202431284	819	0.013
6ecb1b2f-c931-49e7-8669-2536c1ba34e0	2	202433164	202433243	5	1.0937
6ecb1b2f-c931-49e7-8669-2536c1ba34e0	2	202433419	203546678	490	0.0371
6ecb1b2f-c931-49e7-8669-2536c1ba34e0	2	203555974	204145468	381	0.5281
6ecb1b2f-c931-49e7-8669-2536c1ba34e0	2	204149326	206263589	1522	0.0197
6ecb1b2f-c931-49e7-8669-2536c1ba34e0	2	206269093	206271106	2	1.2615
6ecb1b2f-c931-49e7-8669-2536c1ba34e0	2	206271826	207485467	758	0.0157
6ecb1b2f-c931-49e7-8669-2536c1ba34e0	2	207485523	207495544	30	-0.5631
6ecb1b2f-c931-49e7-8669-2536c1ba34e0	2	207496875	216517041	5807	0.0363
6ecb1b2f-c931-49e7-8669-2536c1ba34e0	2	216517853	216658522	107	0.491
6ecb1b2f-c931-49e7-8669-2536c1ba34e0	2	216660263	217984161	960	0.0209
6ecb1b2f-c931-49e7-8669-2536c1ba34e0	2	217987048	218127017	63	0.4887
6ecb1b2f-c931-49e7-8669-2536c1ba34e0	2	218127711	219185164	507	-0.0106
6ecb1b2f-c931-49e7-8669-2536c1ba34e0	2	219186791	219189611	2	-1.3815
6ecb1b2f-c931-49e7-8669-2536c1ba34e0	2	219191993	224307861	3441	0.0218
6ecb1b2f-c931-49e7-8669-2536c1ba34e0	2	224311950	224544586	176	0.3292
6ecb1b2f-c931-49e7-8669-2536c1ba34e0	2	224546712	228894763	2801	0.0231
6ecb1b2f-c931-49e7-8669-2536c1ba34e0	2	228894930	228895197	7	-0.6911
6ecb1b2f-c931-49e7-8669-2536c1ba34e0	2	228895367	231575661	1613	0.0045
6ecb1b2f-c931-49e7-8669-2536c1ba34e0	2	231576026	231576464	2	1.3618
6ecb1b2f-c931-49e7-8669-2536c1ba34e0	2	231583884	235038830	2258	0.0085
6ecb1b2f-c931-49e7-8669-2536c1ba34e0	2	235041276	235041543	3	-1.2694
6ecb1b2f-c931-49e7-8669-2536c1ba34e0	2	235044921	242147305	4322	0.0009
6ecb1b2f-c931-49e7-8669-2536c1ba34e0	3	20930	2693108	2313	0.0331
6ecb1b2f-c931-49e7-8669-2536c1ba34e0	3	2695333	2699340	8	-0.8591
6ecb1b2f-c931-49e7-8669-2536c1ba34e0	3	2699751	6182942	3102	0.011
6ecb1b2f-c931-49e7-8669-2536c1ba34e0	3	6183032	6183359	6	-0.8606
6ecb1b2f-c931-49e7-8669-2536c1ba34e0	3	6183654	6191203	13	0.4953
6ecb1b2f-c931-49e7-8669-2536c1ba34e0	3	6191262	9813181	3005	0.0313
6ecb1b2f-c931-49e7-8669-2536c1ba34e0	3	9818093	10411592	365	0.4632
6ecb1b2f-c931-49e7-8669-2536c1ba34e0	3	10413209	21897966	7663	0.008
6ecb1b2f-c931-49e7-8669-2536c1ba34e0	3	21898447	21902230	4	-1.6857
6ecb1b2f-c931-49e7-8669-2536c1ba34e0	3	21903069	39224630	11986	0.0206
6ecb1b2f-c931-49e7-8669-2536c1ba34e0	3	39224716	39732056	342	0.4948
6ecb1b2f-c931-49e7-8669-2536c1ba34e0	3	39736284	48667162	5156	0.0046
6ecb1b2f-c931-49e7-8669-2536c1ba34e0	3	48667793	48776262	42	0.4492
6ecb1b2f-c931-49e7-8669-2536c1ba34e0	3	48779264	52389173	1392	-0.0162
6ecb1b2f-c931-49e7-8669-2536c1ba34e0	3	52397741	52483736	39	0.4693
6ecb1b2f-c931-49e7-8669-2536c1ba34e0	3	52486987	52988877	263	-0.0244
6ecb1b2f-c931-49e7-8669-2536c1ba34e0	3	52988908	52997840	10	0.3402
6ecb1b2f-c931-49e7-8669-2536c1ba34e0	3	52997918	52999132	7	1.1657
6ecb1b2f-c931-49e7-8669-2536c1ba34e0	3	52999524	60394131	5360	0.0078
6ecb1b2f-c931-49e7-8669-2536c1ba34e0	3	60394526	60397095	2	-1.6391
6ecb1b2f-c931-49e7-8669-2536c1ba34e0	3	60401049	75519398	11635	0.0203
6ecb1b2f-c931-49e7-8669-2536c1ba34e0	3	75523398	75528153	3	1.2144
6ecb1b2f-c931-49e7-8669-2536c1ba34e0	3	75529707	84649532	4975	0.0361
6ecb1b2f-c931-49e7-8669-2536c1ba34e0	3	84649683	84653449	23	-0.4085
6ecb1b2f-c931-49e7-8669-2536c1ba34e0	3	84657133	100879613	6930	0.0347
6ecb1b2f-c931-49e7-8669-2536c1ba34e0	3	100879831	103232318	1316	0.0051
6ecb1b2f-c931-49e7-8669-2536c1ba34e0	3	103244137	103250477	4	-0.8973
6ecb1b2f-c931-49e7-8669-2536c1ba34e0	3	103253860	107324463	2536	0.0099
6ecb1b2f-c931-49e7-8669-2536c1ba34e0	3	107327535	107328314	3	-0.9751
6ecb1b2f-c931-49e7-8669-2536c1ba34e0	3	107328596	122584335	9426	0.0072
6ecb1b2f-c931-49e7-8669-2536c1ba34e0	3	122588073	122725699	100	0.449
6ecb1b2f-c931-49e7-8669-2536c1ba34e0	3	122729413	124373610	1029	-0.002
6ecb1b2f-c931-49e7-8669-2536c1ba34e0	3	124374950	124500865	104	0.4977
6ecb1b2f-c931-49e7-8669-2536c1ba34e0	3	124504088	125950205	885	-0.0064
6ecb1b2f-c931-49e7-8669-2536c1ba34e0	3	125954540	125957120	3	-2.3253
6ecb1b2f-c931-49e7-8669-2536c1ba34e0	3	125961657	130041779	2380	-0.0242
6ecb1b2f-c931-49e7-8669-2536c1ba34e0	3	130044016	130092512	48	0.3916
6ecb1b2f-c931-49e7-8669-2536c1ba34e0	3	130100795	133718757	2366	-0.0033
6ecb1b2f-c931-49e7-8669-2536c1ba34e0	3	133718934	137308837	2105	0.8322
6ecb1b2f-c931-49e7-8669-2536c1ba34e0	3	137309112	137309121	7	-0.1243
6ecb1b2f-c931-49e7-8669-2536c1ba34e0	3	137311987	141354659	2538	0.8332
6ecb1b2f-c931-49e7-8669-2536c1ba34e0	3	141355294	141543748	102	1.3016
6ecb1b2f-c931-49e7-8669-2536c1ba34e0	3	141544853	146682508	3281	0.8626
6ecb1b2f-c931-49e7-8669-2536c1ba34e0	3	146682788	148412289	938	0.9483
6ecb1b2f-c931-49e7-8669-2536c1ba34e0	3	148416875	162790480	8924	0.8496
6ecb1b2f-c931-49e7-8669-2536c1ba34e0	3	162794869	162908207	70	-1.7212
6ecb1b2f-c931-49e7-8669-2536c1ba34e0	3	162908784	176990993	8718	0.8782
6ecb1b2f-c931-49e7-8669-2536c1ba34e0	3	176991014	177315364	164	1.0311
6ecb1b2f-c931-49e7-8669-2536c1ba34e0	3	177321652	192168574	9564	0.8485
6ecb1b2f-c931-49e7-8669-2536c1ba34e0	3	192168883	192176266	6	-0.0633
6ecb1b2f-c931-49e7-8669-2536c1ba34e0	3	192176309	192670445	377	0.8739
6ecb1b2f-c931-49e7-8669-2536c1ba34e0	3	192670476	192672988	3	-0.7528
6ecb1b2f-c931-49e7-8669-2536c1ba34e0	3	192674578	192884824	132	0.861
6ecb1b2f-c931-49e7-8669-2536c1ba34e0	3	192884882	192884962	4	0.0374
6ecb1b2f-c931-49e7-8669-2536c1ba34e0	3	192884985	193160173	203	0.8422
6ecb1b2f-c931-49e7-8669-2536c1ba34e0	3	193160256	193160406	2	2.9176
6ecb1b2f-c931-49e7-8669-2536c1ba34e0	3	193160804	198107699	2681	0.8543
6ecb1b2f-c931-49e7-8669-2536c1ba34e0	3	198107849	198108134	3	-0.7129
6ecb1b2f-c931-49e7-8669-2536c1ba34e0	3	198108567	198142659	20	0.8233
6ecb1b2f-c931-49e7-8669-2536c1ba34e0	3	198169114	198169247	4	-0.0204
6ecb1b2f-c931-49e7-8669-2536c1ba34e0	4	68929	808354	274	0.0575
6ecb1b2f-c931-49e7-8669-2536c1ba34e0	4	809891	1627922	279	-0.127
6ecb1b2f-c931-49e7-8669-2536c1ba34e0	4	1627962	5163348	1875	-0.0115
6ecb1b2f-c931-49e7-8669-2536c1ba34e0	4	5163853	5169234	7	-0.979
6ecb1b2f-c931-49e7-8669-2536c1ba34e0	4	5170564	10208766	3263	-0.0127
6ecb1b2f-c931-49e7-8669-2536c1ba34e0	4	10221792	10232642	30	-0.7281
6ecb1b2f-c931-49e7-8669-2536c1ba34e0	4	10232984	12377262	1801	0.0399
6ecb1b2f-c931-49e7-8669-2536c1ba34e0	4	12377308	12377631	5	0.8845
6ecb1b2f-c931-49e7-8669-2536c1ba34e0	4	12377694	25974027	9690	0.032
6ecb1b2f-c931-49e7-8669-2536c1ba34e0	4	25974225	25980331	7	0.8255
6ecb1b2f-c931-49e7-8669-2536c1ba34e0	4	25983997	34777353	5463	0.0415
6ecb1b2f-c931-49e7-8669-2536c1ba34e0	4	34777382	34800506	21	0.6639
6ecb1b2f-c931-49e7-8669-2536c1ba34e0	4	34800585	34812568	9	0.1198
6ecb1b2f-c931-49e7-8669-2536c1ba34e0	4	34812623	34817589	9	0.5827
6ecb1b2f-c931-49e7-8669-2536c1ba34e0	4	34819718	35953778	735	0.0635
6ecb1b2f-c931-49e7-8669-2536c1ba34e0	4	35955999	42893698	4614	0.0138
6ecb1b2f-c931-49e7-8669-2536c1ba34e0	4	42900637	49295203	3623	0.0524
6ecb1b2f-c931-49e7-8669-2536c1ba34e0	4	49501149	49656595	18	-0.5126
6ecb1b2f-c931-49e7-8669-2536c1ba34e0	4	51819533	55734547	2651	0.0239
6ecb1b2f-c931-49e7-8669-2536c1ba34e0	4	55740455	55742213	4	-0.8838
6ecb1b2f-c931-49e7-8669-2536c1ba34e0	4	55743359	61541880	3675	0.0315
6ecb1b2f-c931-49e7-8669-2536c1ba34e0	4	61543437	61558367	10	-0.8724
6ecb1b2f-c931-49e7-8669-2536c1ba34e0	4	61559905	63828222	1226	0.0565
6ecb1b2f-c931-49e7-8669-2536c1ba34e0	4	63831751	63832110	6	-2.0587
6ecb1b2f-c931-49e7-8669-2536c1ba34e0	4	63838575	63841887	16	-0.7748
6ecb1b2f-c931-49e7-8669-2536c1ba34e0	4	63842036	63842540	6	-3.0243
6ecb1b2f-c931-49e7-8669-2536c1ba34e0	4	63850713	64955970	665	0.043
6ecb1b2f-c931-49e7-8669-2536c1ba34e0	4	64958316	64974300	30	0.4473
6ecb1b2f-c931-49e7-8669-2536c1ba34e0	4	64978333	66275116	882	0.0586
6ecb1b2f-c931-49e7-8669-2536c1ba34e0	4	66278820	67671593	827	-0.769
6ecb1b2f-c931-49e7-8669-2536c1ba34e0	4	67674053	68509237	465	0.0235
6ecb1b2f-c931-49e7-8669-2536c1ba34e0	4	68509442	68602833	52	0.6522
6ecb1b2f-c931-49e7-8669-2536c1ba34e0	4	68604416	68618331	7	1.494
6ecb1b2f-c931-49e7-8669-2536c1ba34e0	4	68618369	69610088	562	0.5474
6ecb1b2f-c931-49e7-8669-2536c1ba34e0	4	69612147	72216282	1481	0.0376
6ecb1b2f-c931-49e7-8669-2536c1ba34e0	4	72219891	74347559	1331	-0.754
6ecb1b2f-c931-49e7-8669-2536c1ba34e0	4	74347642	74350521	3	-2.9229
6ecb1b2f-c931-49e7-8669-2536c1ba34e0	4	74354069	75053966	393	-0.8035
6ecb1b2f-c931-49e7-8669-2536c1ba34e0	4	75054626	75055003	2	-3.5631
6ecb1b2f-c931-49e7-8669-2536c1ba34e0	4	75055235	94386981	11860	-0.7774
6ecb1b2f-c931-49e7-8669-2536c1ba34e0	4	94390542	94426828	22	0.0037
6ecb1b2f-c931-49e7-8669-2536c1ba34e0	4	94427086	99349424	2964	-0.7834
6ecb1b2f-c931-49e7-8669-2536c1ba34e0	4	99350193	99442433	63	0.0743
6ecb1b2f-c931-49e7-8669-2536c1ba34e0	4	99444543	102720933	2000	-0.7872
6ecb1b2f-c931-49e7-8669-2536c1ba34e0	4	102721531	102796972	31	0.0578
6ecb1b2f-c931-49e7-8669-2536c1ba34e0	4	102798584	120377609	10594	-0.7655
6ecb1b2f-c931-49e7-8669-2536c1ba34e0	4	120378686	121360818	635	0.0283
6ecb1b2f-c931-49e7-8669-2536c1ba34e0	4	121361313	121363980	28	-0.8732
6ecb1b2f-c931-49e7-8669-2536c1ba34e0	4	121369976	121821062	285	0.0176
6ecb1b2f-c931-49e7-8669-2536c1ba34e0	4	121822912	122456718	267	-0.7702
6ecb1b2f-c931-49e7-8669-2536c1ba34e0	4	122470309	122498962	12	0.0456
6ecb1b2f-c931-49e7-8669-2536c1ba34e0	4	122501408	122502018	3	-0.8824
6ecb1b2f-c931-49e7-8669-2536c1ba34e0	4	122511823	129565968	4066	0.0363
6ecb1b2f-c931-49e7-8669-2536c1ba34e0	4	129567203	137018143	4119	0.0588
6ecb1b2f-c931-49e7-8669-2536c1ba34e0	4	137018216	137018826	9	0.7302
6ecb1b2f-c931-49e7-8669-2536c1ba34e0	4	137021741	137261279	200	0.0755
6ecb1b2f-c931-49e7-8669-2536c1ba34e0	4	137261327	137262144	21	0.4453
6ecb1b2f-c931-49e7-8669-2536c1ba34e0	4	137262373	138544883	892	0.053
6ecb1b2f-c931-49e7-8669-2536c1ba34e0	4	138552752	152708680	8364	0.022
6ecb1b2f-c931-49e7-8669-2536c1ba34e0	4	152709908	152755394	18	-0.3859
6ecb1b2f-c931-49e7-8669-2536c1ba34e0	4	152756558	155891903	2086	0.0288
6ecb1b2f-c931-49e7-8669-2536c1ba34e0	4	155897142	156714476	635	-0.7752
6ecb1b2f-c931-49e7-8669-2536c1ba34e0	4	156714704	160952848	2603	0.0359
6ecb1b2f-c931-49e7-8669-2536c1ba34e0	4	160958866	160958989	3	-1.1663
6ecb1b2f-c931-49e7-8669-2536c1ba34e0	4	160959045	160963448	17	-2.6527
6ecb1b2f-c931-49e7-8669-2536c1ba34e0	4	160963756	160963971	8	-0.6532
6ecb1b2f-c931-49e7-8669-2536c1ba34e0	4	160964013	165190001	2745	0.0332
6ecb1b2f-c931-49e7-8669-2536c1ba34e0	4	165190413	165205044	14	0.5738
6ecb1b2f-c931-49e7-8669-2536c1ba34e0	4	165209153	167929310	1646	0.0392
6ecb1b2f-c931-49e7-8669-2536c1ba34e0	4	167930470	168066324	97	0.2149
6ecb1b2f-c931-49e7-8669-2536c1ba34e0	4	168070637	170352007	1469	0.0185
6ecb1b2f-c931-49e7-8669-2536c1ba34e0	4	170352863	170353073	4	0.858
6ecb1b2f-c931-49e7-8669-2536c1ba34e0	4	170354739	171448195	679	0.0428
6ecb1b2f-c931-49e7-8669-2536c1ba34e0	4	171453733	171456122	6	-0.4043
6ecb1b2f-c931-49e7-8669-2536c1ba34e0	4	171456137	171456293	2	-1.493
6ecb1b2f-c931-49e7-8669-2536c1ba34e0	4	171456307	182859067	7687	0.0318
6ecb1b2f-c931-49e7-8669-2536c1ba34e0	4	182859946	182936904	67	-0.2123
6ecb1b2f-c931-49e7-8669-2536c1ba34e0	4	182937258	183790898	472	0.0039
6ecb1b2f-c931-49e7-8669-2536c1ba34e0	4	183791513	184790938	727	0.4699
6ecb1b2f-c931-49e7-8669-2536c1ba34e0	4	184792414	190106768	3538	0.0015
6ecb1b2f-c931-49e7-8669-2536c1ba34e0	5	15532	685633	306	0.0194
6ecb1b2f-c931-49e7-8669-2536c1ba34e0	5	698256	852451	48	0.4171
6ecb1b2f-c931-49e7-8669-2536c1ba34e0	5	863682	1144862	105	0.0344
6ecb1b2f-c931-49e7-8669-2536c1ba34e0	5	1148935	1282591	105	0.4266
6ecb1b2f-c931-49e7-8669-2536c1ba34e0	5	1285902	1470197	112	0.1232
6ecb1b2f-c931-49e7-8669-2536c1ba34e0	5	1470463	1935972	277	-0.0057
6ecb1b2f-c931-49e7-8669-2536c1ba34e0	5	1936002	10907894	7910	0.1337
6ecb1b2f-c931-49e7-8669-2536c1ba34e0	5	10910627	10918153	10	-0.4135
6ecb1b2f-c931-49e7-8669-2536c1ba34e0	5	10922010	11161513	226	0.1129
6ecb1b2f-c931-49e7-8669-2536c1ba34e0	5	11162524	11162659	3	-0.8538
6ecb1b2f-c931-49e7-8669-2536c1ba34e0	5	11167165	12800777	1085	0.1334
6ecb1b2f-c931-49e7-8669-2536c1ba34e0	5	12815668	12826538	11	-1.404
6ecb1b2f-c931-49e7-8669-2536c1ba34e0	5	12833745	21376735	5464	0.1457
6ecb1b2f-c931-49e7-8669-2536c1ba34e0	5	21377730	21377744	2	-1.5045
6ecb1b2f-c931-49e7-8669-2536c1ba34e0	5	21385957	21449167	44	0.1697
6ecb1b2f-c931-49e7-8669-2536c1ba34e0	5	21451091	21452329	5	-1.6552
6ecb1b2f-c931-49e7-8669-2536c1ba34e0	5	21452387	25821576	2522	0.1558
6ecb1b2f-c931-49e7-8669-2536c1ba34e0	5	25821773	25838958	8	-0.5125
6ecb1b2f-c931-49e7-8669-2536c1ba34e0	5	25839671	26523035	426	0.1346
6ecb1b2f-c931-49e7-8669-2536c1ba34e0	5	26523254	26523816	5	-0.9157
6ecb1b2f-c931-49e7-8669-2536c1ba34e0	5	26530305	26789022	168	0.144
6ecb1b2f-c931-49e7-8669-2536c1ba34e0	5	26789248	26803775	6	0.8393
6ecb1b2f-c931-49e7-8669-2536c1ba34e0	5	26807690	27525800	396	0.1461
6ecb1b2f-c931-49e7-8669-2536c1ba34e0	5	27525809	27525913	7	0.7596
6ecb1b2f-c931-49e7-8669-2536c1ba34e0	5	27527372	27605934	44	0.1433
6ecb1b2f-c931-49e7-8669-2536c1ba34e0	5	27607964	27632193	13	-1.0701
6ecb1b2f-c931-49e7-8669-2536c1ba34e0	5	27638650	28214305	319	0.131
6ecb1b2f-c931-49e7-8669-2536c1ba34e0	5	28214513	31206494	1886	0.1755
6ecb1b2f-c931-49e7-8669-2536c1ba34e0	5	31208563	33971363	2007	0.1276
6ecb1b2f-c931-49e7-8669-2536c1ba34e0	5	33973520	33979471	4	1.0867
6ecb1b2f-c931-49e7-8669-2536c1ba34e0	5	33985541	43286751	5914	0.1494
6ecb1b2f-c931-49e7-8669-2536c1ba34e0	5	43290448	43378529	50	0.5427
6ecb1b2f-c931-49e7-8669-2536c1ba34e0	5	43383296	46271828	1176	0.1611
6ecb1b2f-c931-49e7-8669-2536c1ba34e0	5	46272419	46273400	5	-2.6981
6ecb1b2f-c931-49e7-8669-2536c1ba34e0	5	46278110	55511292	3360	0.1597
6ecb1b2f-c931-49e7-8669-2536c1ba34e0	5	55514446	55669038	65	0.6858
6ecb1b2f-c931-49e7-8669-2536c1ba34e0	5	55676206	58025819	1648	0.1558
6ecb1b2f-c931-49e7-8669-2536c1ba34e0	5	58030200	58037706	32	-0.4295
6ecb1b2f-c931-49e7-8669-2536c1ba34e0	5	58042530	86024724	16511	0.1511
6ecb1b2f-c931-49e7-8669-2536c1ba34e0	5	86029455	86057547	11	-0.676
6ecb1b2f-c931-49e7-8669-2536c1ba34e0	5	86057826	104524780	10316	0.1677
6ecb1b2f-c931-49e7-8669-2536c1ba34e0	5	104524847	104524903	2	-1.1496
6ecb1b2f-c931-49e7-8669-2536c1ba34e0	5	104525348	106897172	1418	0.1965
6ecb1b2f-c931-49e7-8669-2536c1ba34e0	5	106897321	106897416	6	1.1662
6ecb1b2f-c931-49e7-8669-2536c1ba34e0	5	106904875	110054203	2111	0.1712
6ecb1b2f-c931-49e7-8669-2536c1ba34e0	5	110054244	110054305	2	1.585
6ecb1b2f-c931-49e7-8669-2536c1ba34e0	5	110054330	132817812	14982	0.1659
6ecb1b2f-c931-49e7-8669-2536c1ba34e0	5	132819344	132930697	48	0.6187
6ecb1b2f-c931-49e7-8669-2536c1ba34e0	5	132936664	147062684	8690	0.1583
6ecb1b2f-c931-49e7-8669-2536c1ba34e0	5	147075475	147708992	433	-0.0134
6ecb1b2f-c931-49e7-8669-2536c1ba34e0	5	147709235	150822643	2101	0.1518
6ecb1b2f-c931-49e7-8669-2536c1ba34e0	5	150825938	150843825	9	-0.5857
6ecb1b2f-c931-49e7-8669-2536c1ba34e0	5	150844533	152134272	957	0.1702
6ecb1b2f-c931-49e7-8669-2536c1ba34e0	5	152134366	152135825	7	0.5179
6ecb1b2f-c931-49e7-8669-2536c1ba34e0	5	152135909	152140710	14	-0.6155
6ecb1b2f-c931-49e7-8669-2536c1ba34e0	5	152140861	153194405	679	0.1731
6ecb1b2f-c931-49e7-8669-2536c1ba34e0	5	153196537	153196755	2	-1.0049
6ecb1b2f-c931-49e7-8669-2536c1ba34e0	5	153200230	156048095	1976	0.1654
6ecb1b2f-c931-49e7-8669-2536c1ba34e0	5	156049762	156077395	20	-0.3712
6ecb1b2f-c931-49e7-8669-2536c1ba34e0	5	156082906	161822855	3943	0.1608
6ecb1b2f-c931-49e7-8669-2536c1ba34e0	5	161823492	161825421	4	-0.7376
6ecb1b2f-c931-49e7-8669-2536c1ba34e0	5	161829061	161982592	75	0.1692
6ecb1b2f-c931-49e7-8669-2536c1ba34e0	5	161984106	161984564	3	-1.1757
6ecb1b2f-c931-49e7-8669-2536c1ba34e0	5	161991723	169960657	5622	0.1752
6ecb1b2f-c931-49e7-8669-2536c1ba34e0	5	169960988	169961251	2	1.4683
6ecb1b2f-c931-49e7-8669-2536c1ba34e0	5	169966267	172105493	1514	0.1477
6ecb1b2f-c931-49e7-8669-2536c1ba34e0	5	172105593	172105883	2	-1.5147
6ecb1b2f-c931-49e7-8669-2536c1ba34e0	5	172106778	172764068	500	0.1503
6ecb1b2f-c931-49e7-8669-2536c1ba34e0	5	172769585	172793390	17	0.6366
6ecb1b2f-c931-49e7-8669-2536c1ba34e0	5	172795342	173276151	268	0.1396
6ecb1b2f-c931-49e7-8669-2536c1ba34e0	5	173280160	174243486	794	0.6576
6ecb1b2f-c931-49e7-8669-2536c1ba34e0	5	174250696	176033084	1326	0.1661
6ecb1b2f-c931-49e7-8669-2536c1ba34e0	5	176038686	176131551	10	0.8409
6ecb1b2f-c931-49e7-8669-2536c1ba34e0	5	176131994	176652573	245	0.1244
6ecb1b2f-c931-49e7-8669-2536c1ba34e0	5	176654094	176659737	7	-0.4634
6ecb1b2f-c931-49e7-8669-2536c1ba34e0	5	176665468	176679429	15	0.1769
6ecb1b2f-c931-49e7-8669-2536c1ba34e0	5	176682873	176736805	39	0.6493
6ecb1b2f-c931-49e7-8669-2536c1ba34e0	5	176737680	176748641	5	1.6143
6ecb1b2f-c931-49e7-8669-2536c1ba34e0	5	176749382	176776328	13	0.9214
6ecb1b2f-c931-49e7-8669-2536c1ba34e0	5	176777013	177559445	339	0.5982
6ecb1b2f-c931-49e7-8669-2536c1ba34e0	5	177565673	177739139	50	0.1739
6ecb1b2f-c931-49e7-8669-2536c1ba34e0	5	177740962	177771448	3	-1.1139
6ecb1b2f-c931-49e7-8669-2536c1ba34e0	5	177800550	180745240	1685	0.1353
6ecb1b2f-c931-49e7-8669-2536c1ba34e0	5	180748429	180766184	9	0.954
6ecb1b2f-c931-49e7-8669-2536c1ba34e0	5	180766199	180951888	106	0.1474
6ecb1b2f-c931-49e7-8669-2536c1ba34e0	5	180953203	180987465	12	0.8705
6ecb1b2f-c931-49e7-8669-2536c1ba34e0	5	180990207	181015400	8	0.4343
6ecb1b2f-c931-49e7-8669-2536c1ba34e0	5	181015441	181265320	159	0.0116
6ecb1b2f-c931-49e7-8669-2536c1ba34e0	5	181265832	181363319	8	0.532
6ecb1b2f-c931-49e7-8669-2536c1ba34e0	6	149661	294837	124	0.0796
6ecb1b2f-c931-49e7-8669-2536c1ba34e0	6	302306	364587	65	0.4834
6ecb1b2f-c931-49e7-8669-2536c1ba34e0	6	364768	381149	13	0.2223
6ecb1b2f-c931-49e7-8669-2536c1ba34e0	6	382559	382897	2	-1.2725
6ecb1b2f-c931-49e7-8669-2536c1ba34e0	6	384109	4552000	3438	0.1059
6ecb1b2f-c931-49e7-8669-2536c1ba34e0	6	4553457	4600524	37	-0.7078
6ecb1b2f-c931-49e7-8669-2536c1ba34e0	6	4602587	5487805	726	0.1148
6ecb1b2f-c931-49e7-8669-2536c1ba34e0	6	5488101	5488747	3	1.022
6ecb1b2f-c931-49e7-8669-2536c1ba34e0	6	5488968	7047387	1395	0.1117
6ecb1b2f-c931-49e7-8669-2536c1ba34e0	6	7048373	11283121	3077	0.0425
6ecb1b2f-c931-49e7-8669-2536c1ba34e0	6	11288397	11407498	97	0.3727
6ecb1b2f-c931-49e7-8669-2536c1ba34e0	6	11409011	15455176	3051	0.0317
6ecb1b2f-c931-49e7-8669-2536c1ba34e0	6	15455953	15502076	48	-0.2298
6ecb1b2f-c931-49e7-8669-2536c1ba34e0	6	15503315	25285715	7213	0.051
6ecb1b2f-c931-49e7-8669-2536c1ba34e0	6	25288043	25444744	136	0.5255
6ecb1b2f-c931-49e7-8669-2536c1ba34e0	6	25446080	25492136	32	0.7462
6ecb1b2f-c931-49e7-8669-2536c1ba34e0	6	25493454	25547778	35	0.4609
6ecb1b2f-c931-49e7-8669-2536c1ba34e0	6	25548018	25561402	8	1.1253
6ecb1b2f-c931-49e7-8669-2536c1ba34e0	6	25561686	26155837	396	0.5631
6ecb1b2f-c931-49e7-8669-2536c1ba34e0	6	26156370	29869295	1746	0.0171
6ecb1b2f-c931-49e7-8669-2536c1ba34e0	6	29869410	29907031	24	0.8982
6ecb1b2f-c931-49e7-8669-2536c1ba34e0	6	29909182	31318499	655	-0.0053
6ecb1b2f-c931-49e7-8669-2536c1ba34e0	6	31318528	31328674	10	0.9718
6ecb1b2f-c931-49e7-8669-2536c1ba34e0	6	31342147	36933011	3033	0.0125
6ecb1b2f-c931-49e7-8669-2536c1ba34e0	6	36935824	37163600	168	0.4098
6ecb1b2f-c931-49e7-8669-2536c1ba34e0	6	37173333	40674904	2595	0.2619
6ecb1b2f-c931-49e7-8669-2536c1ba34e0	6	40676530	40676605	3	-0.7032
6ecb1b2f-c931-49e7-8669-2536c1ba34e0	6	40676960	41651023	668	0.0833
6ecb1b2f-c931-49e7-8669-2536c1ba34e0	6	41651312	41652139	4	-1.1333
6ecb1b2f-c931-49e7-8669-2536c1ba34e0	6	41652999	42510477	501	0.0902
6ecb1b2f-c931-49e7-8669-2536c1ba34e0	6	42510543	43663508	545	0.2074
6ecb1b2f-c931-49e7-8669-2536c1ba34e0	6	43667658	43681965	13	1.1095
6ecb1b2f-c931-49e7-8669-2536c1ba34e0	6	43681994	44147711	277	1.5752
6ecb1b2f-c931-49e7-8669-2536c1ba34e0	6	44147830	44318857	89	1.2377
6ecb1b2f-c931-49e7-8669-2536c1ba34e0	6	44321687	44525982	140	0.6738
6ecb1b2f-c931-49e7-8669-2536c1ba34e0	6	44528475	44644626	116	0.2653
6ecb1b2f-c931-49e7-8669-2536c1ba34e0	6	44648124	48945234	2791	0.042
6ecb1b2f-c931-49e7-8669-2536c1ba34e0	6	48945525	48981537	17	0.368
6ecb1b2f-c931-49e7-8669-2536c1ba34e0	6	48982213	54066286	3299	0.1079
6ecb1b2f-c931-49e7-8669-2536c1ba34e0	6	54066353	54067057	7	1.115
6ecb1b2f-c931-49e7-8669-2536c1ba34e0	6	54070550	63340111	3558	0.1426
6ecb1b2f-c931-49e7-8669-2536c1ba34e0	6	63340971	63617126	140	0.5378
6ecb1b2f-c931-49e7-8669-2536c1ba34e0	6	63621176	64627049	526	0.0393
6ecb1b2f-c931-49e7-8669-2536c1ba34e0	6	64637651	64639099	2	-2.3341
6ecb1b2f-c931-49e7-8669-2536c1ba34e0	6	64640883	65000836	238	0.0686
6ecb1b2f-c931-49e7-8669-2536c1ba34e0	6	65001506	65003899	3	-0.968
6ecb1b2f-c931-49e7-8669-2536c1ba34e0	6	65007491	67258804	1701	0.0902
6ecb1b2f-c931-49e7-8669-2536c1ba34e0	6	67258951	76021339	5530	0.0398
6ecb1b2f-c931-49e7-8669-2536c1ba34e0	6	76021725	76307183	166	0.0754
6ecb1b2f-c931-49e7-8669-2536c1ba34e0	6	76307194	76307360	7	0.7256
6ecb1b2f-c931-49e7-8669-2536c1ba34e0	6	76312261	76726815	291	0.0597
6ecb1b2f-c931-49e7-8669-2536c1ba34e0	6	76730151	76742553	14	-0.732
6ecb1b2f-c931-49e7-8669-2536c1ba34e0	6	76742665	78253157	982	0.0498
6ecb1b2f-c931-49e7-8669-2536c1ba34e0	6	78253172	78325468	113	-0.4758
6ecb1b2f-c931-49e7-8669-2536c1ba34e0	6	78329517	78343128	12	0.5357
6ecb1b2f-c931-49e7-8669-2536c1ba34e0	6	78343294	94382417	10295	0.0466
6ecb1b2f-c931-49e7-8669-2536c1ba34e0	6	94384561	94481005	64	0.2196
6ecb1b2f-c931-49e7-8669-2536c1ba34e0	6	94483388	94487669	4	-1.0304
6ecb1b2f-c931-49e7-8669-2536c1ba34e0	6	94490458	103286770	5092	0.049
6ecb1b2f-c931-49e7-8669-2536c1ba34e0	6	103286928	103286954	4	0.8359
6ecb1b2f-c931-49e7-8669-2536c1ba34e0	6	103290101	103314186	46	-1.5022
6ecb1b2f-c931-49e7-8669-2536c1ba34e0	6	103317795	109041750	3558	0.0287
6ecb1b2f-c931-49e7-8669-2536c1ba34e0	6	109045302	109400133	228	0.3996
6ecb1b2f-c931-49e7-8669-2536c1ba34e0	6	109402214	110073703	441	0.0173
6ecb1b2f-c931-49e7-8669-2536c1ba34e0	6	110074988	110088027	15	-0.872
6ecb1b2f-c931-49e7-8669-2536c1ba34e0	6	110088274	157358463	30527	0.0381
6ecb1b2f-c931-49e7-8669-2536c1ba34e0	6	157360232	157375044	3	-1.5032
6ecb1b2f-c931-49e7-8669-2536c1ba34e0	6	157375962	167160088	7273	0.0664
6ecb1b2f-c931-49e7-8669-2536c1ba34e0	6	167163210	168803180	897	-0.0172
6ecb1b2f-c931-49e7-8669-2536c1ba34e0	6	168808280	170128542	936	0.042
6ecb1b2f-c931-49e7-8669-2536c1ba34e0	6	170128744	170187897	25	-0.4664
6ecb1b2f-c931-49e7-8669-2536c1ba34e0	6	170188277	170741917	260	0.0591
6ecb1b2f-c931-49e7-8669-2536c1ba34e0	7	43355	6791305	3414	0.0118
6ecb1b2f-c931-49e7-8669-2536c1ba34e0	7	6797375	8224063	1175	0.0576
6ecb1b2f-c931-49e7-8669-2536c1ba34e0	7	8228231	21984895	11095	0.0939
6ecb1b2f-c931-49e7-8669-2536c1ba34e0	7	21986100	26083315	3116	0.0631
6ecb1b2f-c931-49e7-8669-2536c1ba34e0	7	26083801	26105793	18	-0.3368
6ecb1b2f-c931-49e7-8669-2536c1ba34e0	7	26107599	28102567	1316	0.066
6ecb1b2f-c931-49e7-8669-2536c1ba34e0	7	28103871	28111745	11	0.6441
6ecb1b2f-c931-49e7-8669-2536c1ba34e0	7	28115585	38286323	7231	0.0674
6ecb1b2f-c931-49e7-8669-2536c1ba34e0	7	38286616	38301430	50	0.4693
6ecb1b2f-c931-49e7-8669-2536c1ba34e0	7	38301466	38317722	30	0.0523
6ecb1b2f-c931-49e7-8669-2536c1ba34e0	7	38318626	38319355	4	-0.6905
6ecb1b2f-c931-49e7-8669-2536c1ba34e0	7	38322471	38347842	14	0.094
6ecb1b2f-c931-49e7-8669-2536c1ba34e0	7	38351764	38356875	4	-1.4901
6ecb1b2f-c931-49e7-8669-2536c1ba34e0	7	38361356	41871298	2327	0.0764
6ecb1b2f-c931-49e7-8669-2536c1ba34e0	7	41873600	41875586	4	-0.8516
6ecb1b2f-c931-49e7-8669-2536c1ba34e0	7	41875627	69219158	13764	0.0834
6ecb1b2f-c931-49e7-8669-2536c1ba34e0	7	69219699	70955452	1021	0.2394
6ecb1b2f-c931-49e7-8669-2536c1ba34e0	7	70958264	70961155	2	-2.4739
6ecb1b2f-c931-49e7-8669-2536c1ba34e0	7	70963257	72798760	1151	0.2539
6ecb1b2f-c931-49e7-8669-2536c1ba34e0	7	72800757	76078821	844	0.1912
6ecb1b2f-c931-49e7-8669-2536c1ba34e0	7	76079931	76608592	171	0.3315
6ecb1b2f-c931-49e7-8669-2536c1ba34e0	7	76632173	78487224	1133	0.0073
6ecb1b2f-c931-49e7-8669-2536c1ba34e0	7	78489425	97840264	12464	0.051
6ecb1b2f-c931-49e7-8669-2536c1ba34e0	7	97841178	99217509	683	-0.0035
6ecb1b2f-c931-49e7-8669-2536c1ba34e0	7	99219070	99249967	14	0.5771
6ecb1b2f-c931-49e7-8669-2536c1ba34e0	7	99250116	100731621	527	0.0218
6ecb1b2f-c931-49e7-8669-2536c1ba34e0	7	100731642	100735219	2	-1.8403
6ecb1b2f-c931-49e7-8669-2536c1ba34e0	7	100753382	103220510	990	0.025
6ecb1b2f-c931-49e7-8669-2536c1ba34e0	7	103223733	104832200	1140	0.0883
6ecb1b2f-c931-49e7-8669-2536c1ba34e0	7	104835120	104836088	5	0.9977
6ecb1b2f-c931-49e7-8669-2536c1ba34e0	7	104838045	109086597	2735	0.0689
6ecb1b2f-c931-49e7-8669-2536c1ba34e0	7	109089263	109793741	445	0.1687
6ecb1b2f-c931-49e7-8669-2536c1ba34e0	7	109797035	109801155	24	-0.0262
6ecb1b2f-c931-49e7-8669-2536c1ba34e0	7	109801187	109813705	7	-0.6816
6ecb1b2f-c931-49e7-8669-2536c1ba34e0	7	109813746	110619489	568	0.0865
6ecb1b2f-c931-49e7-8669-2536c1ba34e0	7	110621830	110626439	4	-0.5812
6ecb1b2f-c931-49e7-8669-2536c1ba34e0	7	110629126	111243326	395	0.0845
6ecb1b2f-c931-49e7-8669-2536c1ba34e0	7	111243369	111252795	5	0.835
6ecb1b2f-c931-49e7-8669-2536c1ba34e0	7	111253518	111408523	104	0.1372
6ecb1b2f-c931-49e7-8669-2536c1ba34e0	7	111409675	111416265	10	0.6594
6ecb1b2f-c931-49e7-8669-2536c1ba34e0	7	111416720	121555689	5988	0.0811
6ecb1b2f-c931-49e7-8669-2536c1ba34e0	7	121556272	121559532	2	-1.2911
6ecb1b2f-c931-49e7-8669-2536c1ba34e0	7	121561238	124535791	1788	0.0972
6ecb1b2f-c931-49e7-8669-2536c1ba34e0	7	124536045	124536239	2	-1.0561
6ecb1b2f-c931-49e7-8669-2536c1ba34e0	7	124536323	126405502	1166	0.0874
6ecb1b2f-c931-49e7-8669-2536c1ba34e0	7	126405597	126406826	15	-1.0392
6ecb1b2f-c931-49e7-8669-2536c1ba34e0	7	126406827	128464233	1377	0.0757
6ecb1b2f-c931-49e7-8669-2536c1ba34e0	7	128464805	129930458	684	0.4978
6ecb1b2f-c931-49e7-8669-2536c1ba34e0	7	129933529	134093676	2627	0.0615
6ecb1b2f-c931-49e7-8669-2536c1ba34e0	7	134093715	134113300	33	0.5388
6ecb1b2f-c931-49e7-8669-2536c1ba34e0	7	134113314	134282128	107	0.0831
6ecb1b2f-c931-49e7-8669-2536c1ba34e0	7	134282419	134344026	54	0.6065
6ecb1b2f-c931-49e7-8669-2536c1ba34e0	7	134344529	134379533	41	0.8541
6ecb1b2f-c931-49e7-8669-2536c1ba34e0	7	134380286	134461708	83	0.5851
6ecb1b2f-c931-49e7-8669-2536c1ba34e0	7	134463390	142070260	4916	0.0618
6ecb1b2f-c931-49e7-8669-2536c1ba34e0	7	142070569	142092307	30	-0.7218
6ecb1b2f-c931-49e7-8669-2536c1ba34e0	7	142099190	150588016	5050	0.0764
6ecb1b2f-c931-49e7-8669-2536c1ba34e0	7	150588713	150604481	8	-1.2818
6ecb1b2f-c931-49e7-8669-2536c1ba34e0	7	150610834	154598185	2565	0.0574
6ecb1b2f-c931-49e7-8669-2536c1ba34e0	7	154601461	154607903	4	1.3084
6ecb1b2f-c931-49e7-8669-2536c1ba34e0	7	154609120	159034349	3031	0.0365
6ecb1b2f-c931-49e7-8669-2536c1ba34e0	7	159034635	159037105	6	-0.8843
6ecb1b2f-c931-49e7-8669-2536c1ba34e0	7	159039768	159334314	197	0.0089
6ecb1b2f-c931-49e7-8669-2536c1ba34e0	8	81254	2091610	1420	-0.0485
6ecb1b2f-c931-49e7-8669-2536c1ba34e0	8	2091927	2101451	10	-0.8711
6ecb1b2f-c931-49e7-8669-2536c1ba34e0	8	2101646	2131151	45	-0.0125
6ecb1b2f-c931-49e7-8669-2536c1ba34e0	8	2132302	2148837	29	-0.4676
6ecb1b2f-c931-49e7-8669-2536c1ba34e0	8	2149084	4353224	2699	-0.0068
6ecb1b2f-c931-49e7-8669-2536c1ba34e0	8	4353849	5806035	1907	-0.8285
6ecb1b2f-c931-49e7-8669-2536c1ba34e0	8	5810553	5816294	8	-2.5086
6ecb1b2f-c931-49e7-8669-2536c1ba34e0	8	5816404	12323772	4858	-0.8735
6ecb1b2f-c931-49e7-8669-2536c1ba34e0	8	12358500	17288802	4237	-0.7714
6ecb1b2f-c931-49e7-8669-2536c1ba34e0	8	17295348	25116961	6141	-0.8322
6ecb1b2f-c931-49e7-8669-2536c1ba34e0	8	25117007	25126708	23	-1.7458
6ecb1b2f-c931-49e7-8669-2536c1ba34e0	8	25126735	29441452	3090	-0.8395
6ecb1b2f-c931-49e7-8669-2536c1ba34e0	8	29443168	29444880	2	-4.846
6ecb1b2f-c931-49e7-8669-2536c1ba34e0	8	29446563	30672369	782	-0.8114
6ecb1b2f-c931-49e7-8669-2536c1ba34e0	8	30685395	30825582	62	0.0052
6ecb1b2f-c931-49e7-8669-2536c1ba34e0	8	30827477	37149432	3873	-0.7873
6ecb1b2f-c931-49e7-8669-2536c1ba34e0	8	37153829	66168268	16043	0.0215
6ecb1b2f-c931-49e7-8669-2536c1ba34e0	8	66168938	66424926	161	0.4736
6ecb1b2f-c931-49e7-8669-2536c1ba34e0	8	66426482	76848582	6514	0.0254
6ecb1b2f-c931-49e7-8669-2536c1ba34e0	8	76848707	76872218	20	-0.8594
6ecb1b2f-c931-49e7-8669-2536c1ba34e0	8	76878897	80076570	1908	0.0385
6ecb1b2f-c931-49e7-8669-2536c1ba34e0	8	80079078	80089439	8	-0.8622
6ecb1b2f-c931-49e7-8669-2536c1ba34e0	8	80091521	97460643	10329	0.0231
6ecb1b2f-c931-49e7-8669-2536c1ba34e0	8	97464545	103893746	3778	-0.0262
6ecb1b2f-c931-49e7-8669-2536c1ba34e0	8	103893996	106424956	1534	0.0373
6ecb1b2f-c931-49e7-8669-2536c1ba34e0	8	106430300	106434453	7	-0.6553
6ecb1b2f-c931-49e7-8669-2536c1ba34e0	8	106434711	111279265	2905	0.0028
6ecb1b2f-c931-49e7-8669-2536c1ba34e0	8	111282050	111283031	10	-1.428
6ecb1b2f-c931-49e7-8669-2536c1ba34e0	8	111288052	114856928	1999	0.0158
6ecb1b2f-c931-49e7-8669-2536c1ba34e0	8	114859222	121226756	4308	-0.0357
6ecb1b2f-c931-49e7-8669-2536c1ba34e0	8	121226796	122659156	987	-0.0055
6ecb1b2f-c931-49e7-8669-2536c1ba34e0	8	122664175	122879902	171	0.3938
6ecb1b2f-c931-49e7-8669-2536c1ba34e0	8	122883858	133160540	7425	-0.0953
6ecb1b2f-c931-49e7-8669-2536c1ba34e0	8	133160552	133161042	9	0.5746
6ecb1b2f-c931-49e7-8669-2536c1ba34e0	8	133161244	133509645	314	-0.1135
6ecb1b2f-c931-49e7-8669-2536c1ba34e0	8	133510257	133512641	7	-0.7914
6ecb1b2f-c931-49e7-8669-2536c1ba34e0	8	133513379	133928134	360	-0.1226
6ecb1b2f-c931-49e7-8669-2536c1ba34e0	8	133928601	139688691	4750	-0.0725
6ecb1b2f-c931-49e7-8669-2536c1ba34e0	8	139688714	140996836	789	-0.1453
6ecb1b2f-c931-49e7-8669-2536c1ba34e0	8	140996848	142373100	812	-0.2928
6ecb1b2f-c931-49e7-8669-2536c1ba34e0	8	142376005	144910348	871	-0.1171
6ecb1b2f-c931-49e7-8669-2536c1ba34e0	8	144910954	145072769	98	0.0001
6ecb1b2f-c931-49e7-8669-2536c1ba34e0	9	46587	747732	734	-0.0273
6ecb1b2f-c931-49e7-8669-2536c1ba34e0	9	749472	764128	11	-0.7009
6ecb1b2f-c931-49e7-8669-2536c1ba34e0	9	765271	5077997	4489	0.0054
6ecb1b2f-c931-49e7-8669-2536c1ba34e0	9	5078059	5084352	23	0.4482
6ecb1b2f-c931-49e7-8669-2536c1ba34e0	9	5084367	7804131	2296	-0.0055
6ecb1b2f-c931-49e7-8669-2536c1ba34e0	9	7804444	14972085	6141	0.0443
6ecb1b2f-c931-49e7-8669-2536c1ba34e0	9	14975888	22492890	6139	0.0206
6ecb1b2f-c931-49e7-8669-2536c1ba34e0	9	22501914	22502700	2	-3.6281
6ecb1b2f-c931-49e7-8669-2536c1ba34e0	9	22509341	23361807	581	0.0587
6ecb1b2f-c931-49e7-8669-2536c1ba34e0	9	23363117	23373486	8	-2.5025
6ecb1b2f-c931-49e7-8669-2536c1ba34e0	9	23378490	28769190	4086	0.0414
6ecb1b2f-c931-49e7-8669-2536c1ba34e0	9	28769580	28769789	2	1.4843
6ecb1b2f-c931-49e7-8669-2536c1ba34e0	9	28770414	29866362	778	0.0366
6ecb1b2f-c931-49e7-8669-2536c1ba34e0	9	29866597	29867261	2	-1.2789
6ecb1b2f-c931-49e7-8669-2536c1ba34e0	9	29869985	33261075	2459	0.0559
6ecb1b2f-c931-49e7-8669-2536c1ba34e0	9	33266527	39140350	3371	-0.0054
6ecb1b2f-c931-49e7-8669-2536c1ba34e0	9	39146302	39146321	2	-2.0528
6ecb1b2f-c931-49e7-8669-2536c1ba34e0	9	39214987	41635766	126	0.1444
6ecb1b2f-c931-49e7-8669-2536c1ba34e0	9	41639988	41659472	8	-0.6587
6ecb1b2f-c931-49e7-8669-2536c1ba34e0	9	41666811	61405110	99	0.1506
6ecb1b2f-c931-49e7-8669-2536c1ba34e0	9	61520021	61647899	30	-1.3139
6ecb1b2f-c931-49e7-8669-2536c1ba34e0	9	61665362	77154478	6674	0.0267
6ecb1b2f-c931-49e7-8669-2536c1ba34e0	9	77155482	77161432	24	0.4696
6ecb1b2f-c931-49e7-8669-2536c1ba34e0	9	77161448	82749856	3834	0.0257
6ecb1b2f-c931-49e7-8669-2536c1ba34e0	9	82761361	82778402	12	-0.8364
6ecb1b2f-c931-49e7-8669-2536c1ba34e0	9	82783880	88700610	4275	0.0211
6ecb1b2f-c931-49e7-8669-2536c1ba34e0	9	88700989	88701007	2	-1.372
6ecb1b2f-c931-49e7-8669-2536c1ba34e0	9	88705173	95487805	4598	0.0055
6ecb1b2f-c931-49e7-8669-2536c1ba34e0	9	95487916	95487949	2	1.484
6ecb1b2f-c931-49e7-8669-2536c1ba34e0	9	95487988	101285187	3727	0.0177
6ecb1b2f-c931-49e7-8669-2536c1ba34e0	9	101287354	101502258	162	0.5119
6ecb1b2f-c931-49e7-8669-2536c1ba34e0	9	101509360	101995103	367	0.0453
6ecb1b2f-c931-49e7-8669-2536c1ba34e0	9	101997808	101998482	2	-1.4284
6ecb1b2f-c931-49e7-8669-2536c1ba34e0	9	102000309	105133886	2434	0.0491
6ecb1b2f-c931-49e7-8669-2536c1ba34e0	9	105133978	105168203	23	0.4325
6ecb1b2f-c931-49e7-8669-2536c1ba34e0	9	105170605	110173927	3870	0.0267
6ecb1b2f-c931-49e7-8669-2536c1ba34e0	9	110175462	110676641	420	-0.7856
6ecb1b2f-c931-49e7-8669-2536c1ba34e0	9	110683161	120660317	7760	0.0286
6ecb1b2f-c931-49e7-8669-2536c1ba34e0	9	120665184	120743099	42	0.4588
6ecb1b2f-c931-49e7-8669-2536c1ba34e0	9	120750615	121320897	342	-0.0037
6ecb1b2f-c931-49e7-8669-2536c1ba34e0	9	121321670	121354599	29	0.4516
6ecb1b2f-c931-49e7-8669-2536c1ba34e0	9	121359505	128590094	4306	0.0002
6ecb1b2f-c931-49e7-8669-2536c1ba34e0	9	128590974	128763449	51	0.2932
6ecb1b2f-c931-49e7-8669-2536c1ba34e0	9	128764419	133792488	3099	-0.0127
6ecb1b2f-c931-49e7-8669-2536c1ba34e0	9	133800186	134694517	462	0.4773
6ecb1b2f-c931-49e7-8669-2536c1ba34e0	9	134694670	135287879	433	-0.0177
6ecb1b2f-c931-49e7-8669-2536c1ba34e0	9	135288131	135330631	39	0.1946
6ecb1b2f-c931-49e7-8669-2536c1ba34e0	9	135330996	135426913	61	-0.2721
6ecb1b2f-c931-49e7-8669-2536c1ba34e0	9	135427311	138177075	1023	-0.0342
6ecb1b2f-c931-49e7-8669-2536c1ba34e0	9	138177488	138200944	6	0.7269
6ecb1b2f-c931-49e7-8669-2536c1ba34e0	10	45792	3901087	3265	-0.0338
6ecb1b2f-c931-49e7-8669-2536c1ba34e0	10	3904418	3906824	8	-1.1473
6ecb1b2f-c931-49e7-8669-2536c1ba34e0	10	3907101	5205620	1196	0.0029
6ecb1b2f-c931-49e7-8669-2536c1ba34e0	10	5207250	8610263	2965	-0.0363
6ecb1b2f-c931-49e7-8669-2536c1ba34e0	10	8612725	11864084	2634	0.0105
6ecb1b2f-c931-49e7-8669-2536c1ba34e0	10	11867897	11897482	22	0.5572
6ecb1b2f-c931-49e7-8669-2536c1ba34e0	10	11901648	12659943	482	-0.0351
6ecb1b2f-c931-49e7-8669-2536c1ba34e0	10	12660069	12661941	2	-1.8184
6ecb1b2f-c931-49e7-8669-2536c1ba34e0	10	12662192	15008463	2132	-0.0268
6ecb1b2f-c931-49e7-8669-2536c1ba34e0	10	15010498	15010629	2	1.294
6ecb1b2f-c931-49e7-8669-2536c1ba34e0	10	15015796	19220635	3165	-0.0064
6ecb1b2f-c931-49e7-8669-2536c1ba34e0	10	19227273	19228873	4	0.8276
6ecb1b2f-c931-49e7-8669-2536c1ba34e0	10	19229023	19911739	515	0.0061
6ecb1b2f-c931-49e7-8669-2536c1ba34e0	10	19917402	19918471	6	-0.6699
6ecb1b2f-c931-49e7-8669-2536c1ba34e0	10	19918745	24086334	2779	-0.0074
6ecb1b2f-c931-49e7-8669-2536c1ba34e0	10	24088745	24089125	11	-2.2646
6ecb1b2f-c931-49e7-8669-2536c1ba34e0	10	24089979	29293319	3703	-0.0051
6ecb1b2f-c931-49e7-8669-2536c1ba34e0	10	29293518	29297058	2	-1.7919
6ecb1b2f-c931-49e7-8669-2536c1ba34e0	10	29297554	33406111	2943	0.012
6ecb1b2f-c931-49e7-8669-2536c1ba34e0	10	33410745	33460310	41	0.5718
6ecb1b2f-c931-49e7-8669-2536c1ba34e0	10	33463450	44707669	4926	0.0157
6ecb1b2f-c931-49e7-8669-2536c1ba34e0	10	44712577	44712777	2	-1.3533
6ecb1b2f-c931-49e7-8669-2536c1ba34e0	10	44715242	45694079	588	-0.0086
6ecb1b2f-c931-49e7-8669-2536c1ba34e0	10	45711191	46552992	278	-0.1303
6ecb1b2f-c931-49e7-8669-2536c1ba34e0	10	46553370	47379174	292	0.0638
6ecb1b2f-c931-49e7-8669-2536c1ba34e0	10	47379371	47385686	2	-1.3333
6ecb1b2f-c931-49e7-8669-2536c1ba34e0	10	47389005	48084420	37	-0.0453
6ecb1b2f-c931-49e7-8669-2536c1ba34e0	10	48084439	48114825	2	-1.126
6ecb1b2f-c931-49e7-8669-2536c1ba34e0	10	48114838	49568194	1153	0.0155
6ecb1b2f-c931-49e7-8669-2536c1ba34e0	10	49571218	49571599	4	0.9492
6ecb1b2f-c931-49e7-8669-2536c1ba34e0	10	49572447	50287043	266	0.023
6ecb1b2f-c931-49e7-8669-2536c1ba34e0	10	50287088	50344974	43	-0.2159
6ecb1b2f-c931-49e7-8669-2536c1ba34e0	10	50345400	54685856	3386	0.0449
6ecb1b2f-c931-49e7-8669-2536c1ba34e0	10	54693189	54708677	13	1.0912
6ecb1b2f-c931-49e7-8669-2536c1ba34e0	10	54712504	59604357	3483	0.0525
6ecb1b2f-c931-49e7-8669-2536c1ba34e0	10	59604372	59605506	7	-0.8974
6ecb1b2f-c931-49e7-8669-2536c1ba34e0	10	59605724	62017559	1741	0.019
6ecb1b2f-c931-49e7-8669-2536c1ba34e0	10	62019911	62049768	22	-0.8596
6ecb1b2f-c931-49e7-8669-2536c1ba34e0	10	62051011	65545353	2254	0.0374
6ecb1b2f-c931-49e7-8669-2536c1ba34e0	10	65546321	65554672	30	-0.3508
6ecb1b2f-c931-49e7-8669-2536c1ba34e0	10	65554688	70783715	3580	0.0077
6ecb1b2f-c931-49e7-8669-2536c1ba34e0	10	70794626	70795235	4	-1.3387
6ecb1b2f-c931-49e7-8669-2536c1ba34e0	10	70798442	80319924	5938	0.0013
6ecb1b2f-c931-49e7-8669-2536c1ba34e0	10	80320446	80406944	46	0.4291
6ecb1b2f-c931-49e7-8669-2536c1ba34e0	10	80411100	89203331	6284	0.0193
6ecb1b2f-c931-49e7-8669-2536c1ba34e0	10	89203638	89207674	16	-0.4022
6ecb1b2f-c931-49e7-8669-2536c1ba34e0	10	89210870	91502858	1599	0.0246
6ecb1b2f-c931-49e7-8669-2536c1ba34e0	10	91509654	91602068	78	0.5394
6ecb1b2f-c931-49e7-8669-2536c1ba34e0	10	91602870	102397290	6314	0.0096
6ecb1b2f-c931-49e7-8669-2536c1ba34e0	10	102399939	106724611	2841	-0.7894
6ecb1b2f-c931-49e7-8669-2536c1ba34e0	10	106724757	112148302	3898	0.0143
6ecb1b2f-c931-49e7-8669-2536c1ba34e0	10	112148522	112245965	64	0.5238
6ecb1b2f-c931-49e7-8669-2536c1ba34e0	10	112257121	113596964	972	0.0255
6ecb1b2f-c931-49e7-8669-2536c1ba34e0	10	113597104	113722265	105	0.5288
6ecb1b2f-c931-49e7-8669-2536c1ba34e0	10	113729130	130429459	12429	0.0066
6ecb1b2f-c931-49e7-8669-2536c1ba34e0	10	130430374	132104916	1343	-0.073
6ecb1b2f-c931-49e7-8669-2536c1ba34e0	10	132106005	132248919	79	-0.0036
6ecb1b2f-c931-49e7-8669-2536c1ba34e0	10	132258344	132441622	84	0.2881
6ecb1b2f-c931-49e7-8669-2536c1ba34e0	10	132450679	133415637	373	-0.0482
6ecb1b2f-c931-49e7-8669-2536c1ba34e0	10	133416215	133416364	2	-2.3572
6ecb1b2f-c931-49e7-8669-2536c1ba34e0	10	133419150	133654968	147	-0.0283
6ecb1b2f-c931-49e7-8669-2536c1ba34e0	11	198510	4157458	1680	-0.0398
6ecb1b2f-c931-49e7-8669-2536c1ba34e0	11	4157553	5761729	1544	0.0279
6ecb1b2f-c931-49e7-8669-2536c1ba34e0	11	5761746	5791130	42	0.4135
6ecb1b2f-c931-49e7-8669-2536c1ba34e0	11	5794956	13085199	5583	0.0151
6ecb1b2f-c931-49e7-8669-2536c1ba34e0	11	13097761	13208016	128	0.4934
6ecb1b2f-c931-49e7-8669-2536c1ba34e0	11	13209086	18916085	3690	0.0101
6ecb1b2f-c931-49e7-8669-2536c1ba34e0	11	18917623	18940441	50	0.4077
6ecb1b2f-c931-49e7-8669-2536c1ba34e0	11	18940469	19462167	462	0.0037
6ecb1b2f-c931-49e7-8669-2536c1ba34e0	11	19464721	19489619	41	0.6617
6ecb1b2f-c931-49e7-8669-2536c1ba34e0	11	19492004	34592408	10799	0.0294
6ecb1b2f-c931-49e7-8669-2536c1ba34e0	11	34594496	34656782	59	0.4961
6ecb1b2f-c931-49e7-8669-2536c1ba34e0	11	34661220	39344262	3410	0.0179
6ecb1b2f-c931-49e7-8669-2536c1ba34e0	11	39345863	39506078	88	-0.7649
6ecb1b2f-c931-49e7-8669-2536c1ba34e0	11	39516150	47299366	5124	0.0146
6ecb1b2f-c931-49e7-8669-2536c1ba34e0	11	47299434	47962125	278	0.405
6ecb1b2f-c931-49e7-8669-2536c1ba34e0	11	47962640	48398230	240	0.531
6ecb1b2f-c931-49e7-8669-2536c1ba34e0	11	48408848	55608804	1264	0.0298
6ecb1b2f-c931-49e7-8669-2536c1ba34e0	11	55609022	55685533	51	0.7462
6ecb1b2f-c931-49e7-8669-2536c1ba34e0	11	55686100	56052471	272	0.0556
6ecb1b2f-c931-49e7-8669-2536c1ba34e0	11	56054366	56055687	2	1.2567
6ecb1b2f-c931-49e7-8669-2536c1ba34e0	11	56056416	57766617	1048	0.0412
6ecb1b2f-c931-49e7-8669-2536c1ba34e0	11	57774038	57856343	37	0.4856
6ecb1b2f-c931-49e7-8669-2536c1ba34e0	11	57861316	64943560	3793	0.0032
6ecb1b2f-c931-49e7-8669-2536c1ba34e0	11	64944826	64975377	9	0.7848
6ecb1b2f-c931-49e7-8669-2536c1ba34e0	11	64980806	66905608	756	-0.0315
6ecb1b2f-c931-49e7-8669-2536c1ba34e0	11	66905721	67058689	52	0.6251
6ecb1b2f-c931-49e7-8669-2536c1ba34e0	11	67059013	69778408	1303	0.0035
6ecb1b2f-c931-49e7-8669-2536c1ba34e0	11	69779237	70077193	157	0.3352
6ecb1b2f-c931-49e7-8669-2536c1ba34e0	11	70086344	71832965	933	-0.0017
6ecb1b2f-c931-49e7-8669-2536c1ba34e0	11	71838957	71839046	2	-1.502
6ecb1b2f-c931-49e7-8669-2536c1ba34e0	11	71840556	74141503	1084	-0.003
6ecb1b2f-c931-49e7-8669-2536c1ba34e0	11	74144844	75154225	590	0.4989
6ecb1b2f-c931-49e7-8669-2536c1ba34e0	11	75154671	75304694	80	0.0049
6ecb1b2f-c931-49e7-8669-2536c1ba34e0	11	75305789	75307188	2	-1.3563
6ecb1b2f-c931-49e7-8669-2536c1ba34e0	11	75309335	76826070	862	0
6ecb1b2f-c931-49e7-8669-2536c1ba34e0	11	76829639	76857858	26	0.5281
6ecb1b2f-c931-49e7-8669-2536c1ba34e0	11	76858539	86178906	6432	0.0312
6ecb1b2f-c931-49e7-8669-2536c1ba34e0	11	86179277	86187183	13	0.5961
6ecb1b2f-c931-49e7-8669-2536c1ba34e0	11	86187675	92057051	3790	0.0231
6ecb1b2f-c931-49e7-8669-2536c1ba34e0	11	92058256	92058509	2	-1.4241
6ecb1b2f-c931-49e7-8669-2536c1ba34e0	11	92058703	101723653	7301	0.0331
6ecb1b2f-c931-49e7-8669-2536c1ba34e0	11	101727129	101727481	5	0.9814
6ecb1b2f-c931-49e7-8669-2536c1ba34e0	11	101729167	101833022	90	0.065
6ecb1b2f-c931-49e7-8669-2536c1ba34e0	11	101839375	103032337	762	0.5154
6ecb1b2f-c931-49e7-8669-2536c1ba34e0	11	103035787	104905979	1344	0.0266
6ecb1b2f-c931-49e7-8669-2536c1ba34e0	11	104907913	104908012	3	-1.3326
6ecb1b2f-c931-49e7-8669-2536c1ba34e0	11	104908119	110205710	3333	0.0247
6ecb1b2f-c931-49e7-8669-2536c1ba34e0	11	110206819	110237646	18	0.4973
6ecb1b2f-c931-49e7-8669-2536c1ba34e0	11	110240260	134739499	17890	0.0092
6ecb1b2f-c931-49e7-8669-2536c1ba34e0	11	134739663	134739672	2	-2.1918
6ecb1b2f-c931-49e7-8669-2536c1ba34e0	11	134740048	135074876	275	-0.0172
6ecb1b2f-c931-49e7-8669-2536c1ba34e0	12	51460	756804	415	-0.0552
6ecb1b2f-c931-49e7-8669-2536c1ba34e0	12	759943	764863	17	-0.8811
6ecb1b2f-c931-49e7-8669-2536c1ba34e0	12	766188	9244479	5635	-0.0022
6ecb1b2f-c931-49e7-8669-2536c1ba34e0	12	9253127	9282219	14	0.5621
6ecb1b2f-c931-49e7-8669-2536c1ba34e0	12	9282648	9330493	20	0.1066
6ecb1b2f-c931-49e7-8669-2536c1ba34e0	12	9330905	9381287	44	-0.243
6ecb1b2f-c931-49e7-8669-2536c1ba34e0	12	9381549	10415366	676	0.0001
6ecb1b2f-c931-49e7-8669-2536c1ba34e0	12	10418876	10443207	9	0.7402
6ecb1b2f-c931-49e7-8669-2536c1ba34e0	12	10446203	11062773	398	0.0465
6ecb1b2f-c931-49e7-8669-2536c1ba34e0	12	11064250	11088933	12	-1.3181
6ecb1b2f-c931-49e7-8669-2536c1ba34e0	12	11099275	11351157	131	0.0267
6ecb1b2f-c931-49e7-8669-2536c1ba34e0	12	11358643	11390472	31	0.4464
6ecb1b2f-c931-49e7-8669-2536c1ba34e0	12	11399258	13182206	1383	-0.0232
6ecb1b2f-c931-49e7-8669-2536c1ba34e0	12	13183433	20182763	4638	0.0282
6ecb1b2f-c931-49e7-8669-2536c1ba34e0	12	20184251	20184530	2	-1.1795
6ecb1b2f-c931-49e7-8669-2536c1ba34e0	12	20188524	24747153	3064	0.0323
6ecb1b2f-c931-49e7-8669-2536c1ba34e0	12	24753832	24767647	9	-0.1933
6ecb1b2f-c931-49e7-8669-2536c1ba34e0	12	24767732	24775225	7	-0.9963
6ecb1b2f-c931-49e7-8669-2536c1ba34e0	12	24775644	26599632	1515	-0.0013
6ecb1b2f-c931-49e7-8669-2536c1ba34e0	12	26602613	26602870	2	-1.4863
6ecb1b2f-c931-49e7-8669-2536c1ba34e0	12	26603660	30082346	2470	0.0259
6ecb1b2f-c931-49e7-8669-2536c1ba34e0	12	30082488	30090756	26	0.4587
6ecb1b2f-c931-49e7-8669-2536c1ba34e0	12	30090789	31233367	940	0.0309
6ecb1b2f-c931-49e7-8669-2536c1ba34e0	12	31235019	31240528	6	0.7205
6ecb1b2f-c931-49e7-8669-2536c1ba34e0	12	31240813	33129371	1294	-0.0054
6ecb1b2f-c931-49e7-8669-2536c1ba34e0	12	33131530	33565460	299	0.1317
6ecb1b2f-c931-49e7-8669-2536c1ba34e0	12	33565811	34341886	447	0.0259
6ecb1b2f-c931-49e7-8669-2536c1ba34e0	12	34357848	34464258	34	0.4485
6ecb1b2f-c931-49e7-8669-2536c1ba34e0	12	34501874	45506042	4844	0.029
6ecb1b2f-c931-49e7-8669-2536c1ba34e0	12	45510655	45515754	4	-2.3485
6ecb1b2f-c931-49e7-8669-2536c1ba34e0	12	45519509	51870482	3429	0.0036
6ecb1b2f-c931-49e7-8669-2536c1ba34e0	12	51870741	51893465	12	-0.1898
6ecb1b2f-c931-49e7-8669-2536c1ba34e0	12	51894155	51964411	43	0.4112
6ecb1b2f-c931-49e7-8669-2536c1ba34e0	12	51965629	52307183	248	-0.0032
6ecb1b2f-c931-49e7-8669-2536c1ba34e0	12	52308849	52319304	9	-0.2507
6ecb1b2f-c931-49e7-8669-2536c1ba34e0	12	52319946	52320113	4	0.8806
6ecb1b2f-c931-49e7-8669-2536c1ba34e0	12	52320313	53367234	793	0.0169
6ecb1b2f-c931-49e7-8669-2536c1ba34e0	12	53374231	54061345	372	0.4568
6ecb1b2f-c931-49e7-8669-2536c1ba34e0	12	54063911	66563474	7428	0.0227
6ecb1b2f-c931-49e7-8669-2536c1ba34e0	12	66564104	66574521	14	-0.4382
6ecb1b2f-c931-49e7-8669-2536c1ba34e0	12	66574553	69060498	1870	0.0257
6ecb1b2f-c931-49e7-8669-2536c1ba34e0	12	69061093	70107935	738	0.5177
6ecb1b2f-c931-49e7-8669-2536c1ba34e0	12	70108670	70478078	208	0.053
6ecb1b2f-c931-49e7-8669-2536c1ba34e0	12	70478895	70483970	5	-0.7352
6ecb1b2f-c931-49e7-8669-2536c1ba34e0	12	70483985	76016210	3496	0.0485
6ecb1b2f-c931-49e7-8669-2536c1ba34e0	12	76021497	76460094	241	-0.0436
6ecb1b2f-c931-49e7-8669-2536c1ba34e0	12	76461269	92143050	9702	-0.0027
6ecb1b2f-c931-49e7-8669-2536c1ba34e0	12	92149409	99173756	4936	-0.0377
6ecb1b2f-c931-49e7-8669-2536c1ba34e0	12	99174617	100328352	684	0.0195
6ecb1b2f-c931-49e7-8669-2536c1ba34e0	12	100332435	100582618	133	0.8266
6ecb1b2f-c931-49e7-8669-2536c1ba34e0	12	100584346	108515980	5633	-0.0286
6ecb1b2f-c931-49e7-8669-2536c1ba34e0	12	108516777	131242840	15467	-0.0719
6ecb1b2f-c931-49e7-8669-2536c1ba34e0	12	131248112	131292887	59	-0.3695
6ecb1b2f-c931-49e7-8669-2536c1ba34e0	12	131309623	131636170	318	-0.0627
6ecb1b2f-c931-49e7-8669-2536c1ba34e0	12	131648039	131648790	13	-0.7158
6ecb1b2f-c931-49e7-8669-2536c1ba34e0	12	131657925	132911933	425	-0.1458
6ecb1b2f-c931-49e7-8669-2536c1ba34e0	12	132915848	133201603	133	0.0008
6ecb1b2f-c931-49e7-8669-2536c1ba34e0	13	18452809	18744498	71	0.0539
6ecb1b2f-c931-49e7-8669-2536c1ba34e0	13	18794552	18824667	8	-0.6734
6ecb1b2f-c931-49e7-8669-2536c1ba34e0	13	18825840	19971574	652	0.041
6ecb1b2f-c931-49e7-8669-2536c1ba34e0	13	19981672	20195573	116	-0.8391
6ecb1b2f-c931-49e7-8669-2536c1ba34e0	13	20195611	21996019	1196	0.0064
6ecb1b2f-c931-49e7-8669-2536c1ba34e0	13	21996926	22123820	124	-0.8267
6ecb1b2f-c931-49e7-8669-2536c1ba34e0	13	22124366	22518745	320	0.0157
6ecb1b2f-c931-49e7-8669-2536c1ba34e0	13	22522688	22540513	9	0.7313
6ecb1b2f-c931-49e7-8669-2536c1ba34e0	13	22541182	22719934	141	0.0721
6ecb1b2f-c931-49e7-8669-2536c1ba34e0	13	22720106	22757318	27	-0.7633
6ecb1b2f-c931-49e7-8669-2536c1ba34e0	13	22762170	23055071	190	0.0288
6ecb1b2f-c931-49e7-8669-2536c1ba34e0	13	23058539	23059376	12	0.6732
6ecb1b2f-c931-49e7-8669-2536c1ba34e0	13	23064056	32602524	7216	0.0178
6ecb1b2f-c931-49e7-8669-2536c1ba34e0	13	32613034	36379491	2591	-0.7876
6ecb1b2f-c931-49e7-8669-2536c1ba34e0	13	36379762	36380510	2	-2.8895
6ecb1b2f-c931-49e7-8669-2536c1ba34e0	13	36386546	36861013	347	-0.8262
6ecb1b2f-c931-49e7-8669-2536c1ba34e0	13	36862130	36864064	5	-3.1169
6ecb1b2f-c931-49e7-8669-2536c1ba34e0	13	36864860	37501828	424	-0.8055
6ecb1b2f-c931-49e7-8669-2536c1ba34e0	13	37502130	37510406	10	-2.0786
6ecb1b2f-c931-49e7-8669-2536c1ba34e0	13	37510595	38921071	1017	-0.7638
6ecb1b2f-c931-49e7-8669-2536c1ba34e0	13	38921126	38921639	2	-2.5186
6ecb1b2f-c931-49e7-8669-2536c1ba34e0	13	38921672	40350391	1123	-0.7756
6ecb1b2f-c931-49e7-8669-2536c1ba34e0	13	40352517	40413748	64	-0.0495
6ecb1b2f-c931-49e7-8669-2536c1ba34e0	13	40420687	53686389	8332	-0.7902
6ecb1b2f-c931-49e7-8669-2536c1ba34e0	13	53687850	94318229	25541	-0.7207
6ecb1b2f-c931-49e7-8669-2536c1ba34e0	13	94318295	98025776	2319	-0.7696
6ecb1b2f-c931-49e7-8669-2536c1ba34e0	13	98027271	105545822	5832	0.0485
6ecb1b2f-c931-49e7-8669-2536c1ba34e0	13	105546590	105549524	6	-1.0146
6ecb1b2f-c931-49e7-8669-2536c1ba34e0	13	105550314	110726682	4217	0.0391
6ecb1b2f-c931-49e7-8669-2536c1ba34e0	13	110727018	111977955	818	0.183
6ecb1b2f-c931-49e7-8669-2536c1ba34e0	13	111981545	112458352	300	0.4094
6ecb1b2f-c931-49e7-8669-2536c1ba34e0	13	112458649	112469630	5	-0.0941
6ecb1b2f-c931-49e7-8669-2536c1ba34e0	13	112469685	112948692	286	-0.2713
6ecb1b2f-c931-49e7-8669-2536c1ba34e0	13	112952518	114342922	600	-0.5157
6ecb1b2f-c931-49e7-8669-2536c1ba34e0	14	18239283	19795117	88	-0.0763
6ecb1b2f-c931-49e7-8669-2536c1ba34e0	14	19795860	19956767	79	-0.3247
6ecb1b2f-c931-49e7-8669-2536c1ba34e0	14	19957350	30592247	6790	0.0386
6ecb1b2f-c931-49e7-8669-2536c1ba34e0	14	30597075	31532206	471	0.5019
6ecb1b2f-c931-49e7-8669-2536c1ba34e0	14	31537852	40139724	5607	0.0383
6ecb1b2f-c931-49e7-8669-2536c1ba34e0	14	40144718	40147715	2	-3.1258
6ecb1b2f-c931-49e7-8669-2536c1ba34e0	14	40148961	41139155	721	0.0379
6ecb1b2f-c931-49e7-8669-2536c1ba34e0	14	41141293	41160037	6	-0.8913
6ecb1b2f-c931-49e7-8669-2536c1ba34e0	14	41160039	41188146	9	-0.282
6ecb1b2f-c931-49e7-8669-2536c1ba34e0	14	41200899	42385962	761	0.0509
6ecb1b2f-c931-49e7-8669-2536c1ba34e0	14	42386263	42386514	3	-1.4068
6ecb1b2f-c931-49e7-8669-2536c1ba34e0	14	42387773	47783479	3122	0.0595
6ecb1b2f-c931-49e7-8669-2536c1ba34e0	14	47787554	47787918	2	1.3258
6ecb1b2f-c931-49e7-8669-2536c1ba34e0	14	47792835	49426661	973	0.0613
6ecb1b2f-c931-49e7-8669-2536c1ba34e0	14	49427274	68575304	12290	0.014
6ecb1b2f-c931-49e7-8669-2536c1ba34e0	14	68578485	68676967	106	0.5056
6ecb1b2f-c931-49e7-8669-2536c1ba34e0	14	68678247	69545885	560	0.0111
6ecb1b2f-c931-49e7-8669-2536c1ba34e0	14	69546084	69574770	25	-0.505
6ecb1b2f-c931-49e7-8669-2536c1ba34e0	14	69581315	72553744	2034	0.0037
6ecb1b2f-c931-49e7-8669-2536c1ba34e0	14	72554045	72692035	98	0.4482
6ecb1b2f-c931-49e7-8669-2536c1ba34e0	14	72697189	73534419	482	-0.017
6ecb1b2f-c931-49e7-8669-2536c1ba34e0	14	73540003	73968780	211	0.4804
6ecb1b2f-c931-49e7-8669-2536c1ba34e0	14	73972464	74104702	81	0.8074
6ecb1b2f-c931-49e7-8669-2536c1ba34e0	14	74105984	74466073	217	0.4674
6ecb1b2f-c931-49e7-8669-2536c1ba34e0	14	74473226	75115075	345	-0.0174
6ecb1b2f-c931-49e7-8669-2536c1ba34e0	14	75117121	75313186	110	0.7947
6ecb1b2f-c931-49e7-8669-2536c1ba34e0	14	75313300	78593047	2339	-0.0061
6ecb1b2f-c931-49e7-8669-2536c1ba34e0	14	78593591	87634149	6010	0.0435
6ecb1b2f-c931-49e7-8669-2536c1ba34e0	14	87634697	87852495	135	-0.0287
6ecb1b2f-c931-49e7-8669-2536c1ba34e0	14	87857260	87924989	60	0.5427
6ecb1b2f-c931-49e7-8669-2536c1ba34e0	14	87932027	87934312	11	0.1245
6ecb1b2f-c931-49e7-8669-2536c1ba34e0	14	87934727	88043931	95	0.5435
6ecb1b2f-c931-49e7-8669-2536c1ba34e0	14	88044989	98683579	7495	0.0087
6ecb1b2f-c931-49e7-8669-2536c1ba34e0	14	98683873	98684474	5	-0.9666
6ecb1b2f-c931-49e7-8669-2536c1ba34e0	14	98684581	106150166	3695	-0.006
6ecb1b2f-c931-49e7-8669-2536c1ba34e0	14	106154301	106423925	114	0.1967
6ecb1b2f-c931-49e7-8669-2536c1ba34e0	14	106425447	106462169	46	-0.4791
6ecb1b2f-c931-49e7-8669-2536c1ba34e0	14	106462183	106877229	196	0.0097
6ecb1b2f-c931-49e7-8669-2536c1ba34e0	15	19811075	20373168	88	0.1905
6ecb1b2f-c931-49e7-8669-2536c1ba34e0	15	20376198	20381230	12	-0.6281
6ecb1b2f-c931-49e7-8669-2536c1ba34e0	15	20381406	20670989	51	0.1124
6ecb1b2f-c931-49e7-8669-2536c1ba34e0	15	20981071	21005443	6	0.865
6ecb1b2f-c931-49e7-8669-2536c1ba34e0	15	21018354	23643119	531	0.0041
6ecb1b2f-c931-49e7-8669-2536c1ba34e0	15	23648459	23649820	4	1.0275
6ecb1b2f-c931-49e7-8669-2536c1ba34e0	15	23650488	25172311	996	0.0457
6ecb1b2f-c931-49e7-8669-2536c1ba34e0	15	25174845	25188158	9	0.6603
6ecb1b2f-c931-49e7-8669-2536c1ba34e0	15	25188765	27791586	1973	0.0244
6ecb1b2f-c931-49e7-8669-2536c1ba34e0	15	27792891	27794141	3	-1.6662
6ecb1b2f-c931-49e7-8669-2536c1ba34e0	15	27795196	29065791	461	0.0233
6ecb1b2f-c931-49e7-8669-2536c1ba34e0	15	29070011	30013258	652	-0.0782
6ecb1b2f-c931-49e7-8669-2536c1ba34e0	15	30017049	30253290	50	0.0758
6ecb1b2f-c931-49e7-8669-2536c1ba34e0	15	30253522	30281121	5	0.9811
6ecb1b2f-c931-49e7-8669-2536c1ba34e0	15	30284526	34576695	2649	0.0246
6ecb1b2f-c931-49e7-8669-2536c1ba34e0	15	34576808	34692790	102	0.5102
6ecb1b2f-c931-49e7-8669-2536c1ba34e0	15	34693213	34766287	84	0.0272
6ecb1b2f-c931-49e7-8669-2536c1ba34e0	15	34768759	34850945	89	0.5577
6ecb1b2f-c931-49e7-8669-2536c1ba34e0	15	34852964	53315442	11177	0.0247
6ecb1b2f-c931-49e7-8669-2536c1ba34e0	15	53316406	53571728	218	0.3679
6ecb1b2f-c931-49e7-8669-2536c1ba34e0	15	53572480	57380729	2420	0.0267
6ecb1b2f-c931-49e7-8669-2536c1ba34e0	15	57381160	57401386	25	0.3658
6ecb1b2f-c931-49e7-8669-2536c1ba34e0	15	57401723	66419636	6295	0.022
6ecb1b2f-c931-49e7-8669-2536c1ba34e0	15	66423156	74223459	4989	0.0614
6ecb1b2f-c931-49e7-8669-2536c1ba34e0	15	74229889	74741568	233	-0.8327
6ecb1b2f-c931-49e7-8669-2536c1ba34e0	15	74741845	74775175	14	-0.0495
6ecb1b2f-c931-49e7-8669-2536c1ba34e0	15	74777549	75144218	142	-0.7848
6ecb1b2f-c931-49e7-8669-2536c1ba34e0	15	75147439	75966184	276	0.0017
6ecb1b2f-c931-49e7-8669-2536c1ba34e0	15	75968076	76599170	342	-0.8132
6ecb1b2f-c931-49e7-8669-2536c1ba34e0	15	76599286	76602857	12	-2.9024
6ecb1b2f-c931-49e7-8669-2536c1ba34e0	15	76603003	76603434	8	-1.5259
6ecb1b2f-c931-49e7-8669-2536c1ba34e0	15	76609838	77009541	179	-0.7149
6ecb1b2f-c931-49e7-8669-2536c1ba34e0	15	77015060	77015411	3	-4.0716
6ecb1b2f-c931-49e7-8669-2536c1ba34e0	15	77017609	83871965	4189	-0.8078
6ecb1b2f-c931-49e7-8669-2536c1ba34e0	15	83871986	83874798	6	-2.9287
6ecb1b2f-c931-49e7-8669-2536c1ba34e0	15	83878525	96716901	9330	-0.8082
6ecb1b2f-c931-49e7-8669-2536c1ba34e0	15	96718128	96721448	6	-2.8355
6ecb1b2f-c931-49e7-8669-2536c1ba34e0	15	96726551	99957613	2260	-0.7956
6ecb1b2f-c931-49e7-8669-2536c1ba34e0	15	99959160	101636508	1375	-0.9098
6ecb1b2f-c931-49e7-8669-2536c1ba34e0	15	101636921	101880399	136	-0.6605
6ecb1b2f-c931-49e7-8669-2536c1ba34e0	15	101880604	101928837	11	-0.0237
6ecb1b2f-c931-49e7-8669-2536c1ba34e0	16	10777	12016	3	-0.0887
6ecb1b2f-c931-49e7-8669-2536c1ba34e0	16	35827	60872	21	0.6541
6ecb1b2f-c931-49e7-8669-2536c1ba34e0	16	64028	91661	16	-0.0721
6ecb1b2f-c931-49e7-8669-2536c1ba34e0	16	93140	373529	142	0.4636
6ecb1b2f-c931-49e7-8669-2536c1ba34e0	16	380011	601326	89	0.2401
6ecb1b2f-c931-49e7-8669-2536c1ba34e0	16	601407	1477746	199	0.4689
6ecb1b2f-c931-49e7-8669-2536c1ba34e0	16	1479010	1488691	4	-0.6462
6ecb1b2f-c931-49e7-8669-2536c1ba34e0	16	1491537	12555002	8939	0.4832
6ecb1b2f-c931-49e7-8669-2536c1ba34e0	16	12555121	12555138	2	2.4799
6ecb1b2f-c931-49e7-8669-2536c1ba34e0	16	12556390	14843467	1689	0.5121
6ecb1b2f-c931-49e7-8669-2536c1ba34e0	16	14845483	15022400	61	0.1703
6ecb1b2f-c931-49e7-8669-2536c1ba34e0	16	15031584	15990347	410	0.4852
6ecb1b2f-c931-49e7-8669-2536c1ba34e0	16	15991072	16004618	10	-0.3171
6ecb1b2f-c931-49e7-8669-2536c1ba34e0	16	16005302	16587041	191	0.4514
6ecb1b2f-c931-49e7-8669-2536c1ba34e0	16	16602544	16666829	10	-0.2885
6ecb1b2f-c931-49e7-8669-2536c1ba34e0	16	16692214	29078721	7195	0.5023
6ecb1b2f-c931-49e7-8669-2536c1ba34e0	16	29084019	32198778	996	-0.0178
6ecb1b2f-c931-49e7-8669-2536c1ba34e0	16	32295899	32513457	10	-0.6551
6ecb1b2f-c931-49e7-8669-2536c1ba34e0	16	32553191	55761136	6945	0.021
6ecb1b2f-c931-49e7-8669-2536c1ba34e0	16	55762477	55788532	22	-0.7079
6ecb1b2f-c931-49e7-8669-2536c1ba34e0	16	55808442	66581930	7181	0.0286
6ecb1b2f-c931-49e7-8669-2536c1ba34e0	16	66583134	67437901	361	0.4777
6ecb1b2f-c931-49e7-8669-2536c1ba34e0	16	67444348	67903727	166	-0.0427
6ecb1b2f-c931-49e7-8669-2536c1ba34e0	16	67909514	68414009	219	0.499
6ecb1b2f-c931-49e7-8669-2536c1ba34e0	16	68419584	74350360	3134	0.0154
6ecb1b2f-c931-49e7-8669-2536c1ba34e0	16	74363160	74373225	6	0.8259
6ecb1b2f-c931-49e7-8669-2536c1ba34e0	16	74373481	78900618	3963	0.0193
6ecb1b2f-c931-49e7-8669-2536c1ba34e0	16	78901833	78902209	2	-1.6687
6ecb1b2f-c931-49e7-8669-2536c1ba34e0	16	78905621	81175910	2514	0.0071
6ecb1b2f-c931-49e7-8669-2536c1ba34e0	16	81176110	81176687	3	-1.3273
6ecb1b2f-c931-49e7-8669-2536c1ba34e0	16	81177192	82546792	1287	0.02
6ecb1b2f-c931-49e7-8669-2536c1ba34e0	16	82546952	82547264	2	-1.7336
6ecb1b2f-c931-49e7-8669-2536c1ba34e0	16	82547266	83771160	1589	0.007
6ecb1b2f-c931-49e7-8669-2536c1ba34e0	16	83772003	85093377	1160	-0.0623
6ecb1b2f-c931-49e7-8669-2536c1ba34e0	16	85093912	85099170	3	-1.4746
6ecb1b2f-c931-49e7-8669-2536c1ba34e0	16	85102802	85273406	118	-0.0772
6ecb1b2f-c931-49e7-8669-2536c1ba34e0	16	85275193	87841250	2236	-0.0053
6ecb1b2f-c931-49e7-8669-2536c1ba34e0	16	87844662	90096867	961	-0.0945
6ecb1b2f-c931-49e7-8669-2536c1ba34e0	17	150733	332403	109	-0.9389
6ecb1b2f-c931-49e7-8669-2536c1ba34e0	17	333447	353102	8	-3.0169
6ecb1b2f-c931-49e7-8669-2536c1ba34e0	17	354968	7671652	4072	-0.8475
6ecb1b2f-c931-49e7-8669-2536c1ba34e0	17	7674089	7693809	15	-1.9626
6ecb1b2f-c931-49e7-8669-2536c1ba34e0	17	7700029	16819487	6193	-0.8214
6ecb1b2f-c931-49e7-8669-2536c1ba34e0	17	16834846	16838470	4	1.3389
6ecb1b2f-c931-49e7-8669-2536c1ba34e0	17	16853833	18132330	736	-0.8564
6ecb1b2f-c931-49e7-8669-2536c1ba34e0	17	18132758	18139956	2	0.1525
6ecb1b2f-c931-49e7-8669-2536c1ba34e0	17	18140956	18455635	165	1.0412
6ecb1b2f-c931-49e7-8669-2536c1ba34e0	17	18458372	20389632	808	0.4797
6ecb1b2f-c931-49e7-8669-2536c1ba34e0	17	20403746	21445176	385	-0.0212
6ecb1b2f-c931-49e7-8669-2536c1ba34e0	17	21445778	21661661	79	0.5958
6ecb1b2f-c931-49e7-8669-2536c1ba34e0	17	21774057	30307236	1805	0.0059
6ecb1b2f-c931-49e7-8669-2536c1ba34e0	17	30309895	36109315	3740	-0.8254
6ecb1b2f-c931-49e7-8669-2536c1ba34e0	17	36109735	36208249	37	0.5003
6ecb1b2f-c931-49e7-8669-2536c1ba34e0	17	36460442	39608922	1574	-0.8334
6ecb1b2f-c931-49e7-8669-2536c1ba34e0	17	39610186	39832796	155	-0.0686
6ecb1b2f-c931-49e7-8669-2536c1ba34e0	17	39835765	40028417	95	-0.7237
6ecb1b2f-c931-49e7-8669-2536c1ba34e0	17	40029092	40349368	126	-0.0976
6ecb1b2f-c931-49e7-8669-2536c1ba34e0	17	40349454	41223316	538	0.0285
6ecb1b2f-c931-49e7-8669-2536c1ba34e0	17	41223419	41265456	20	-0.1229
6ecb1b2f-c931-49e7-8669-2536c1ba34e0	17	41266762	41274198	23	2.2208
6ecb1b2f-c931-49e7-8669-2536c1ba34e0	17	41274279	42026380	492	0.0005
6ecb1b2f-c931-49e7-8669-2536c1ba34e0	17	42029294	42081018	28	0.4819
6ecb1b2f-c931-49e7-8669-2536c1ba34e0	17	42088282	44855554	1336	-0.0165
6ecb1b2f-c931-49e7-8669-2536c1ba34e0	17	44857326	44985696	76	0.5233
6ecb1b2f-c931-49e7-8669-2536c1ba34e0	17	44986586	46085732	569	-0.0061
6ecb1b2f-c931-49e7-8669-2536c1ba34e0	17	46088437	46169631	69	0.4357
6ecb1b2f-c931-49e7-8669-2536c1ba34e0	17	46169798	46284997	54	0.1771
6ecb1b2f-c931-49e7-8669-2536c1ba34e0	17	46286804	50427888	1955	0.0179
6ecb1b2f-c931-49e7-8669-2536c1ba34e0	17	50428863	57610128	5052	0.0776
6ecb1b2f-c931-49e7-8669-2536c1ba34e0	17	57610972	57611632	2	-2.3972
6ecb1b2f-c931-49e7-8669-2536c1ba34e0	17	57614632	58957666	754	0.0521
6ecb1b2f-c931-49e7-8669-2536c1ba34e0	17	58958109	58998784	18	0.5117
6ecb1b2f-c931-49e7-8669-2536c1ba34e0	17	59002381	61978645	1454	0.071
6ecb1b2f-c931-49e7-8669-2536c1ba34e0	17	61981658	62216885	110	0.5387
6ecb1b2f-c931-49e7-8669-2536c1ba34e0	17	62226084	68684831	3573	0.0514
6ecb1b2f-c931-49e7-8669-2536c1ba34e0	17	68685359	72281433	2700	0.0965
6ecb1b2f-c931-49e7-8669-2536c1ba34e0	17	72281791	82114249	5476	0.0284
6ecb1b2f-c931-49e7-8669-2536c1ba34e0	17	82121559	82879867	356	0.4873
6ecb1b2f-c931-49e7-8669-2536c1ba34e0	17	82887813	83087281	114	-0.0167
6ecb1b2f-c931-49e7-8669-2536c1ba34e0	17	83090856	83091923	2	-0.5485
6ecb1b2f-c931-49e7-8669-2536c1ba34e0	18	48133	4978906	3532	0.0281
6ecb1b2f-c931-49e7-8669-2536c1ba34e0	18	4979613	5000111	10	0.6349
6ecb1b2f-c931-49e7-8669-2536c1ba34e0	18	5000205	5991271	717	0.033
6ecb1b2f-c931-49e7-8669-2536c1ba34e0	18	5991481	6000445	13	-0.4807
6ecb1b2f-c931-49e7-8669-2536c1ba34e0	18	6000712	39384531	17696	0.0257
6ecb1b2f-c931-49e7-8669-2536c1ba34e0	18	39386020	41739153	1559	0.0737
6ecb1b2f-c931-49e7-8669-2536c1ba34e0	18	41745793	49631816	5221	0.0189
6ecb1b2f-c931-49e7-8669-2536c1ba34e0	18	49631956	49673142	32	0.5101
6ecb1b2f-c931-49e7-8669-2536c1ba34e0	18	49673323	49695121	22	0.092
6ecb1b2f-c931-49e7-8669-2536c1ba34e0	18	49695269	49790793	55	0.5288
6ecb1b2f-c931-49e7-8669-2536c1ba34e0	18	49794400	51699827	1484	0.0232
6ecb1b2f-c931-49e7-8669-2536c1ba34e0	18	51707237	51896671	132	0.4916
6ecb1b2f-c931-49e7-8669-2536c1ba34e0	18	51899635	53740196	1297	0.0382
6ecb1b2f-c931-49e7-8669-2536c1ba34e0	18	53740262	53740840	8	0.6968
6ecb1b2f-c931-49e7-8669-2536c1ba34e0	18	53740980	58377221	3038	0.0233
6ecb1b2f-c931-49e7-8669-2536c1ba34e0	18	58379772	58379794	2	-1.7878
6ecb1b2f-c931-49e7-8669-2536c1ba34e0	18	58383251	62337813	2834	0.029
6ecb1b2f-c931-49e7-8669-2536c1ba34e0	18	62337932	62492656	121	0.5104
6ecb1b2f-c931-49e7-8669-2536c1ba34e0	18	62493094	62735662	124	-0.0327
6ecb1b2f-c931-49e7-8669-2536c1ba34e0	18	62738597	65532245	2014	0.0335
6ecb1b2f-c931-49e7-8669-2536c1ba34e0	18	65532281	65545088	32	0.3404
6ecb1b2f-c931-49e7-8669-2536c1ba34e0	18	65545833	65797707	143	0.0298
6ecb1b2f-c931-49e7-8669-2536c1ba34e0	18	65797809	65798337	5	0.8788
6ecb1b2f-c931-49e7-8669-2536c1ba34e0	18	65798702	67285935	1032	0.0684
6ecb1b2f-c931-49e7-8669-2536c1ba34e0	18	67286034	67300797	26	0.4875
6ecb1b2f-c931-49e7-8669-2536c1ba34e0	18	67300944	69079109	1376	0.0538
6ecb1b2f-c931-49e7-8669-2536c1ba34e0	18	69079304	69090472	36	0.4033
6ecb1b2f-c931-49e7-8669-2536c1ba34e0	18	69090513	76315754	5540	0.0333
6ecb1b2f-c931-49e7-8669-2536c1ba34e0	18	76316350	79624561	2295	-0.0168
6ecb1b2f-c931-49e7-8669-2536c1ba34e0	18	79625879	79974563	163	-0.2054
6ecb1b2f-c931-49e7-8669-2536c1ba34e0	18	79976365	80257174	169	0.0048
6ecb1b2f-c931-49e7-8669-2536c1ba34e0	19	90910	255578	4	0.205
6ecb1b2f-c931-49e7-8669-2536c1ba34e0	19	255830	268138	14	1.1375
6ecb1b2f-c931-49e7-8669-2536c1ba34e0	19	276245	753950	129	-0.1074
6ecb1b2f-c931-49e7-8669-2536c1ba34e0	19	756844	896244	23	0.4783
6ecb1b2f-c931-49e7-8669-2536c1ba34e0	19	896499	8541319	2835	-0.0456
6ecb1b2f-c931-49e7-8669-2536c1ba34e0	19	8546010	8691156	72	0.4209
6ecb1b2f-c931-49e7-8669-2536c1ba34e0	19	8691978	18526680	4917	-0.0185
6ecb1b2f-c931-49e7-8669-2536c1ba34e0	19	18529907	18671567	49	0.4293
6ecb1b2f-c931-49e7-8669-2536c1ba34e0	19	18671580	20563384	958	0.0008
6ecb1b2f-c931-49e7-8669-2536c1ba34e0	19	20576271	20582324	3	-1.3484
6ecb1b2f-c931-49e7-8669-2536c1ba34e0	19	20582718	24247735	2111	0.0446
6ecb1b2f-c931-49e7-8669-2536c1ba34e0	19	24250395	24282155	19	-0.5963
6ecb1b2f-c931-49e7-8669-2536c1ba34e0	19	24304880	27881970	174	0.0215
6ecb1b2f-c931-49e7-8669-2536c1ba34e0	19	27882042	27947564	52	0.5098
6ecb1b2f-c931-49e7-8669-2536c1ba34e0	19	27948449	35167825	5162	0.0067
6ecb1b2f-c931-49e7-8669-2536c1ba34e0	19	35172871	35173140	6	0.6736
6ecb1b2f-c931-49e7-8669-2536c1ba34e0	19	35175144	35358420	168	-0.0248
6ecb1b2f-c931-49e7-8669-2536c1ba34e0	19	35364451	35370946	21	-0.5833
6ecb1b2f-c931-49e7-8669-2536c1ba34e0	19	35375842	44729108	4872	-0.0032
6ecb1b2f-c931-49e7-8669-2536c1ba34e0	19	44729652	55796481	5686	-0.0433
6ecb1b2f-c931-49e7-8669-2536c1ba34e0	19	55797784	58586487	1816	-0.005
6ecb1b2f-c931-49e7-8669-2536c1ba34e0	20	80664	1360321	964	-0.703
6ecb1b2f-c931-49e7-8669-2536c1ba34e0	20	1361382	1453723	90	0.0705
6ecb1b2f-c931-49e7-8669-2536c1ba34e0	20	1454723	1580156	139	-0.5897
6ecb1b2f-c931-49e7-8669-2536c1ba34e0	20	1580276	1598475	34	-0.1607
6ecb1b2f-c931-49e7-8669-2536c1ba34e0	20	1599742	5731209	2975	-0.6957
6ecb1b2f-c931-49e7-8669-2536c1ba34e0	20	5735174	6641070	701	1.1165
6ecb1b2f-c931-49e7-8669-2536c1ba34e0	20	6648145	7104633	379	0.5485
6ecb1b2f-c931-49e7-8669-2536c1ba34e0	20	7105081	7547073	349	-0.6564
6ecb1b2f-c931-49e7-8669-2536c1ba34e0	20	7551667	8389043	632	0.61
6ecb1b2f-c931-49e7-8669-2536c1ba34e0	20	8389583	12650073	3380	-0.6633
6ecb1b2f-c931-49e7-8669-2536c1ba34e0	20	12650137	12650157	2	-3.5236
6ecb1b2f-c931-49e7-8669-2536c1ba34e0	20	12651396	15979298	2590	-0.6354
6ecb1b2f-c931-49e7-8669-2536c1ba34e0	20	15979455	15988235	7	-2.9374
6ecb1b2f-c931-49e7-8669-2536c1ba34e0	20	15988345	18441135	2139	-0.6741
6ecb1b2f-c931-49e7-8669-2536c1ba34e0	20	18441200	18444182	2	-2.4798
6ecb1b2f-c931-49e7-8669-2536c1ba34e0	20	18448288	19927131	1235	-0.6826
6ecb1b2f-c931-49e7-8669-2536c1ba34e0	20	19928559	21965936	1366	-0.7908
6ecb1b2f-c931-49e7-8669-2536c1ba34e0	20	21971209	36726605	5627	0.4958
6ecb1b2f-c931-49e7-8669-2536c1ba34e0	20	36727217	37094427	269	0.3679
6ecb1b2f-c931-49e7-8669-2536c1ba34e0	20	37097999	39405820	1445	0.5041
6ecb1b2f-c931-49e7-8669-2536c1ba34e0	20	39410348	39413403	3	-0.6006
6ecb1b2f-c931-49e7-8669-2536c1ba34e0	20	39417485	47362698	5797	0.5099
6ecb1b2f-c931-49e7-8669-2536c1ba34e0	20	47366181	47366836	2	-0.7262
6ecb1b2f-c931-49e7-8669-2536c1ba34e0	20	47369653	47933951	365	0.4806
6ecb1b2f-c931-49e7-8669-2536c1ba34e0	20	47937055	47937319	2	-0.7334
6ecb1b2f-c931-49e7-8669-2536c1ba34e0	20	47938024	48519062	513	0.5116
6ecb1b2f-c931-49e7-8669-2536c1ba34e0	20	48519356	48533224	4	-0.2001
6ecb1b2f-c931-49e7-8669-2536c1ba34e0	20	48533730	49542896	609	0.4771
6ecb1b2f-c931-49e7-8669-2536c1ba34e0	20	49546550	49574154	15	0.8241
6ecb1b2f-c931-49e7-8669-2536c1ba34e0	20	49574399	49578910	4	0.2151
6ecb1b2f-c931-49e7-8669-2536c1ba34e0	20	49579221	49583419	6	0.755
6ecb1b2f-c931-49e7-8669-2536c1ba34e0	20	49583462	49602474	11	0.3047
6ecb1b2f-c931-49e7-8669-2536c1ba34e0	20	49603475	49622075	12	-0.0066
6ecb1b2f-c931-49e7-8669-2536c1ba34e0	20	49623107	49821692	122	0.4486
6ecb1b2f-c931-49e7-8669-2536c1ba34e0	20	49823486	49964587	78	0.856
6ecb1b2f-c931-49e7-8669-2536c1ba34e0	20	49969523	49977042	4	0.1048
6ecb1b2f-c931-49e7-8669-2536c1ba34e0	20	49981986	50662474	493	0.8107
6ecb1b2f-c931-49e7-8669-2536c1ba34e0	20	50663143	63589896	9642	0.5173
6ecb1b2f-c931-49e7-8669-2536c1ba34e0	20	63591105	64324800	311	0.3695
6ecb1b2f-c931-49e7-8669-2536c1ba34e0	21	10354168	10511939	20	0.1355
6ecb1b2f-c931-49e7-8669-2536c1ba34e0	21	10512663	10753316	65	0.5647
6ecb1b2f-c931-49e7-8669-2536c1ba34e0	21	10756733	14118973	288	0.2734
6ecb1b2f-c931-49e7-8669-2536c1ba34e0	21	14121040	28644530	10803	0.3892
6ecb1b2f-c931-49e7-8669-2536c1ba34e0	21	28645176	31864142	2248	0.3596
6ecb1b2f-c931-49e7-8669-2536c1ba34e0	21	31865670	31867735	3	-0.8531
6ecb1b2f-c931-49e7-8669-2536c1ba34e0	21	31879236	43929073	8952	0.3508
6ecb1b2f-c931-49e7-8669-2536c1ba34e0	21	43933567	44066490	79	0.7233
6ecb1b2f-c931-49e7-8669-2536c1ba34e0	21	44070152	46677045	1400	0.3098
6ecb1b2f-c931-49e7-8669-2536c1ba34e0	22	15294547	15825902	34	0.4017
6ecb1b2f-c931-49e7-8669-2536c1ba34e0	22	15825930	17012403	265	0.0376
6ecb1b2f-c931-49e7-8669-2536c1ba34e0	22	17012476	17018618	4	1.0867
6ecb1b2f-c931-49e7-8669-2536c1ba34e0	22	17019000	18392404	829	0.0183
6ecb1b2f-c931-49e7-8669-2536c1ba34e0	22	18547989	18760941	5	0.9873
6ecb1b2f-c931-49e7-8669-2536c1ba34e0	22	18783014	18964032	11	-0.3749
6ecb1b2f-c931-49e7-8669-2536c1ba34e0	22	18966491	19060936	69	0.3986
6ecb1b2f-c931-49e7-8669-2536c1ba34e0	22	19063849	22027436	1764	-0.0095
6ecb1b2f-c931-49e7-8669-2536c1ba34e0	22	22027710	22027946	6	1.0063
6ecb1b2f-c931-49e7-8669-2536c1ba34e0	22	22032036	22131754	155	-0.0404
6ecb1b2f-c931-49e7-8669-2536c1ba34e0	22	22131763	22131875	5	0.8804
6ecb1b2f-c931-49e7-8669-2536c1ba34e0	22	22132159	22685456	445	0.0217
6ecb1b2f-c931-49e7-8669-2536c1ba34e0	22	22688887	22689044	2	-2.6829
6ecb1b2f-c931-49e7-8669-2536c1ba34e0	22	22690773	23576790	565	-0.0052
6ecb1b2f-c931-49e7-8669-2536c1ba34e0	22	23579015	23579394	3	-1.233
6ecb1b2f-c931-49e7-8669-2536c1ba34e0	22	23581570	24118385	328	0.0066
6ecb1b2f-c931-49e7-8669-2536c1ba34e0	22	24120936	24240360	56	0.3016
6ecb1b2f-c931-49e7-8669-2536c1ba34e0	22	24240417	31925603	5545	0.0248
6ecb1b2f-c931-49e7-8669-2536c1ba34e0	22	31925677	31967774	35	0.5606
6ecb1b2f-c931-49e7-8669-2536c1ba34e0	22	31968437	35511833	3068	0.0416
6ecb1b2f-c931-49e7-8669-2536c1ba34e0	22	35512420	35543322	32	0.4728
6ecb1b2f-c931-49e7-8669-2536c1ba34e0	22	35546589	36501035	583	-0.0346
6ecb1b2f-c931-49e7-8669-2536c1ba34e0	22	36513897	37036271	434	0.5251
6ecb1b2f-c931-49e7-8669-2536c1ba34e0	22	37037417	37543463	302	0.9124
6ecb1b2f-c931-49e7-8669-2536c1ba34e0	22	37547292	37721315	72	1.1378
6ecb1b2f-c931-49e7-8669-2536c1ba34e0	22	37722238	37893377	72	0.8922
6ecb1b2f-c931-49e7-8669-2536c1ba34e0	22	37894093	38152582	113	0.5578
6ecb1b2f-c931-49e7-8669-2536c1ba34e0	22	38152946	38237479	52	1.0601
6ecb1b2f-c931-49e7-8669-2536c1ba34e0	22	38238528	42075823	2073	0.4758
6ecb1b2f-c931-49e7-8669-2536c1ba34e0	22	42078449	42501276	220	-0.9169
6ecb1b2f-c931-49e7-8669-2536c1ba34e0	22	42503434	42559782	26	0.0382
6ecb1b2f-c931-49e7-8669-2536c1ba34e0	22	42561282	46292311	2615	-0.8808
6ecb1b2f-c931-49e7-8669-2536c1ba34e0	22	46296006	46334721	30	0.4458
6ecb1b2f-c931-49e7-8669-2536c1ba34e0	22	46344204	50784087	3366	-0.915
6ecb1b2f-c931-49e7-8669-2536c1ba34e0	22	50785567	50796027	3	0.0872
6ecb1b2f-c931-49e7-8669-2536c1ba34e0	X	251810	7074709	3348	0.0355
6ecb1b2f-c931-49e7-8669-2536c1ba34e0	X	7077274	7077691	3	-1.442
6ecb1b2f-c931-49e7-8669-2536c1ba34e0	X	7078691	24747145	11677	0.0239
6ecb1b2f-c931-49e7-8669-2536c1ba34e0	X	24747476	27038472	1397	0.0542
6ecb1b2f-c931-49e7-8669-2536c1ba34e0	X	27043477	27047687	8	-0.7338
6ecb1b2f-c931-49e7-8669-2536c1ba34e0	X	27048393	39241024	7873	0.0571
6ecb1b2f-c931-49e7-8669-2536c1ba34e0	X	39242203	52146437	6460	0.0261
6ecb1b2f-c931-49e7-8669-2536c1ba34e0	X	52150898	78815043	9480	0.0031
6ecb1b2f-c931-49e7-8669-2536c1ba34e0	X	78815338	114087741	18931	0.0326
6ecb1b2f-c931-49e7-8669-2536c1ba34e0	X	114093877	114113752	13	-0.8586
6ecb1b2f-c931-49e7-8669-2536c1ba34e0	X	114114259	131944374	10256	0.0245
6ecb1b2f-c931-49e7-8669-2536c1ba34e0	X	131945455	131955501	3	-1.4986
6ecb1b2f-c931-49e7-8669-2536c1ba34e0	X	131956273	140005638	4447	0.0236
6ecb1b2f-c931-49e7-8669-2536c1ba34e0	X	140008632	140083026	41	0.5243
6ecb1b2f-c931-49e7-8669-2536c1ba34e0	X	140083275	141354584	759	0.0149
6ecb1b2f-c931-49e7-8669-2536c1ba34e0	X	141356084	141754215	161	-0.1293
6ecb1b2f-c931-49e7-8669-2536c1ba34e0	X	141756704	145609388	2675	0.0435
6ecb1b2f-c931-49e7-8669-2536c1ba34e0	X	145610150	145652926	26	-0.85
6ecb1b2f-c931-49e7-8669-2536c1ba34e0	X	145663101	145946530	202	0.0408
6ecb1b2f-c931-49e7-8669-2536c1ba34e0	X	145955592	148599594	1917	-0.8047
6ecb1b2f-c931-49e7-8669-2536c1ba34e0	X	148601831	148601951	2	-3.2468
6ecb1b2f-c931-49e7-8669-2536c1ba34e0	X	148602715	149416883	539	-0.7774
6ecb1b2f-c931-49e7-8669-2536c1ba34e0	X	149418983	149430020	8	-0.2388
6ecb1b2f-c931-49e7-8669-2536c1ba34e0	X	149431280	149431978	4	0.8567
6ecb1b2f-c931-49e7-8669-2536c1ba34e0	X	149441934	151045694	924	-0.0001
6ecb1b2f-c931-49e7-8669-2536c1ba34e0	X	151046198	151046276	2	-1.5184
6ecb1b2f-c931-49e7-8669-2536c1ba34e0	X	151046615	152559039	1014	0.0389
6ecb1b2f-c931-49e7-8669-2536c1ba34e0	X	152559833	153001507	252	-0.088
6ecb1b2f-c931-49e7-8669-2536c1ba34e0	X	153002821	153022615	20	0.1573
6ecb1b2f-c931-49e7-8669-2536c1ba34e0	X	153023626	153033368	13	-0.7189
6ecb1b2f-c931-49e7-8669-2536c1ba34e0	X	153033676	155952689	1139	-0.0253
6ecb1b2f-c931-49e7-8669-2536c1ba34e0	Y	2782397	6249869	785	-2.7224
6ecb1b2f-c931-49e7-8669-2536c1ba34e0	Y	6252391	13478396	2480	-3.178
6ecb1b2f-c931-49e7-8669-2536c1ba34e0	Y	13478462	13482643	3	-7.7959
6ecb1b2f-c931-49e7-8669-2536c1ba34e0	Y	13483009	25692987	3198	-3.1839
6ecb1b2f-c931-49e7-8669-2536c1ba34e0	Y	25968161	56872112	174	-2.7507
