GDC_Aliquot	Chromosome	Start	End	Num_Probes	Segment_Mean
0ddf77d7-a2f7-4784-b327-1242fc43828d	1	62920	86341	11	-0.0126
0ddf77d7-a2f7-4784-b327-1242fc43828d	1	98588	777165	12	0.6996
0ddf77d7-a2f7-4784-b327-1242fc43828d	1	783283	10976177	5511	0.0276
0ddf77d7-a2f7-4784-b327-1242fc43828d	1	10976840	12778601	955	-0.0628
0ddf77d7-a2f7-4784-b327-1242fc43828d	1	12779433	13383455	46	0.319
0ddf77d7-a2f7-4784-b327-1242fc43828d	1	13388993	15823420	1801	-0.0525
0ddf77d7-a2f7-4784-b327-1242fc43828d	1	15827002	15828471	9	0.6965
0ddf77d7-a2f7-4784-b327-1242fc43828d	1	15828515	16525019	296	-0.0376
0ddf77d7-a2f7-4784-b327-1242fc43828d	1	16542868	16679239	32	1.182
0ddf77d7-a2f7-4784-b327-1242fc43828d	1	16679281	16788139	24	-0.1806
0ddf77d7-a2f7-4784-b327-1242fc43828d	1	16855942	16949746	57	0.1919
0ddf77d7-a2f7-4784-b327-1242fc43828d	1	16951445	20909268	2761	-0.056
0ddf77d7-a2f7-4784-b327-1242fc43828d	1	20912566	21372846	219	-0.2783
0ddf77d7-a2f7-4784-b327-1242fc43828d	1	21376715	21464766	43	0.1381
0ddf77d7-a2f7-4784-b327-1242fc43828d	1	21467568	21815733	219	-0.3082
0ddf77d7-a2f7-4784-b327-1242fc43828d	1	21820584	21825701	4	0.4918
0ddf77d7-a2f7-4784-b327-1242fc43828d	1	21833618	21970933	81	-0.362
0ddf77d7-a2f7-4784-b327-1242fc43828d	1	21971792	25256850	1927	-0.0593
0ddf77d7-a2f7-4784-b327-1242fc43828d	1	25266637	25319693	21	0.5362
0ddf77d7-a2f7-4784-b327-1242fc43828d	1	25320198	34626073	4951	-0.0512
0ddf77d7-a2f7-4784-b327-1242fc43828d	1	34637053	34638890	20	-0.5616
0ddf77d7-a2f7-4784-b327-1242fc43828d	1	34648667	72303233	23737	-0.0473
0ddf77d7-a2f7-4784-b327-1242fc43828d	1	72303253	72345450	44	-0.92
0ddf77d7-a2f7-4784-b327-1242fc43828d	1	72345465	74219309	1111	-0.0493
0ddf77d7-a2f7-4784-b327-1242fc43828d	1	74220380	83705276	6183	0.0184
0ddf77d7-a2f7-4784-b327-1242fc43828d	1	83705284	87215601	2341	0.1968
0ddf77d7-a2f7-4784-b327-1242fc43828d	1	87218154	99953916	8149	0.0081
0ddf77d7-a2f7-4784-b327-1242fc43828d	1	99954227	101232950	740	-0.1043
0ddf77d7-a2f7-4784-b327-1242fc43828d	1	101233359	105491310	2433	0.0158
0ddf77d7-a2f7-4784-b327-1242fc43828d	1	105491593	105492316	2	-2.185
0ddf77d7-a2f7-4784-b327-1242fc43828d	1	105492430	112147704	4581	0.0041
0ddf77d7-a2f7-4784-b327-1242fc43828d	1	112153343	112154754	24	0.4432
0ddf77d7-a2f7-4784-b327-1242fc43828d	1	112154768	119566637	4722	0.0108
0ddf77d7-a2f7-4784-b327-1242fc43828d	1	119567888	119802594	196	0.1407
0ddf77d7-a2f7-4784-b327-1242fc43828d	1	119802658	119984772	123	-0.014
0ddf77d7-a2f7-4784-b327-1242fc43828d	1	120002553	121389102	42	0.3055
0ddf77d7-a2f7-4784-b327-1242fc43828d	1	121413668	121573699	68	0.0257
0ddf77d7-a2f7-4784-b327-1242fc43828d	1	121580012	144503864	152	0.3721
0ddf77d7-a2f7-4784-b327-1242fc43828d	1	144932423	149904595	902	0.0816
0ddf77d7-a2f7-4784-b327-1242fc43828d	1	149906351	153366548	2094	0.0213
0ddf77d7-a2f7-4784-b327-1242fc43828d	1	153368173	153371898	3	-1.2582
0ddf77d7-a2f7-4784-b327-1242fc43828d	1	153373787	161770103	4898	0.0064
0ddf77d7-a2f7-4784-b327-1242fc43828d	1	161770624	161995227	158	-0.1506
0ddf77d7-a2f7-4784-b327-1242fc43828d	1	161997370	162534536	462	0.0144
0ddf77d7-a2f7-4784-b327-1242fc43828d	1	162535706	164977498	1904	-0.1308
0ddf77d7-a2f7-4784-b327-1242fc43828d	1	164979042	171785296	5121	0.0078
0ddf77d7-a2f7-4784-b327-1242fc43828d	1	171786349	171972568	148	-0.2077
0ddf77d7-a2f7-4784-b327-1242fc43828d	1	171973348	171973643	2	-3.1635
0ddf77d7-a2f7-4784-b327-1242fc43828d	1	171975278	173224021	813	-0.2316
0ddf77d7-a2f7-4784-b327-1242fc43828d	1	173230047	174826737	822	0.0817
0ddf77d7-a2f7-4784-b327-1242fc43828d	1	174826800	174835884	36	0.3703
0ddf77d7-a2f7-4784-b327-1242fc43828d	1	174835901	175366415	324	0.0898
0ddf77d7-a2f7-4784-b327-1242fc43828d	1	175366523	175370886	3	-1.275
0ddf77d7-a2f7-4784-b327-1242fc43828d	1	175370922	196742057	14279	0.0772
0ddf77d7-a2f7-4784-b327-1242fc43828d	1	196745692	196832525	59	0.4163
0ddf77d7-a2f7-4784-b327-1242fc43828d	1	196832720	222193326	17382	0.0818
0ddf77d7-a2f7-4784-b327-1242fc43828d	1	222201492	222203662	2	-2.6472
0ddf77d7-a2f7-4784-b327-1242fc43828d	1	222208792	227490763	3214	0.0764
0ddf77d7-a2f7-4784-b327-1242fc43828d	1	227492013	227518345	15	-0.0137
0ddf77d7-a2f7-4784-b327-1242fc43828d	1	227518618	228347149	410	-0.2352
0ddf77d7-a2f7-4784-b327-1242fc43828d	1	228347663	228688132	97	-0.0589
0ddf77d7-a2f7-4784-b327-1242fc43828d	1	228690050	229673660	696	-0.2463
0ddf77d7-a2f7-4784-b327-1242fc43828d	1	229675422	229684738	6	0.7604
0ddf77d7-a2f7-4784-b327-1242fc43828d	1	229684784	230269079	452	-0.2346
0ddf77d7-a2f7-4784-b327-1242fc43828d	1	230269895	242960635	9762	0.0082
0ddf77d7-a2f7-4784-b327-1242fc43828d	1	242966050	243119182	30	0.5066
0ddf77d7-a2f7-4784-b327-1242fc43828d	1	243129825	246082474	2028	0.0219
0ddf77d7-a2f7-4784-b327-1242fc43828d	1	246084830	246086337	3	-1.001
0ddf77d7-a2f7-4784-b327-1242fc43828d	1	246089489	246105787	19	0.0721
0ddf77d7-a2f7-4784-b327-1242fc43828d	1	246105958	246109239	3	-1.6646
0ddf77d7-a2f7-4784-b327-1242fc43828d	1	246109339	247037337	582	0.0227
0ddf77d7-a2f7-4784-b327-1242fc43828d	1	247037748	247042658	8	-1.0476
0ddf77d7-a2f7-4784-b327-1242fc43828d	1	247044642	248930189	1079	0.0327
0ddf77d7-a2f7-4784-b327-1242fc43828d	2	12784	3594371	2486	0.0159
0ddf77d7-a2f7-4784-b327-1242fc43828d	2	3595559	3680971	82	-0.2731
0ddf77d7-a2f7-4784-b327-1242fc43828d	2	3684956	3688948	5	-2.3643
0ddf77d7-a2f7-4784-b327-1242fc43828d	2	3694481	4166610	414	-0.2227
0ddf77d7-a2f7-4784-b327-1242fc43828d	2	4168820	4176429	40	0.2295
0ddf77d7-a2f7-4784-b327-1242fc43828d	2	4182472	7471552	2862	-0.2221
0ddf77d7-a2f7-4784-b327-1242fc43828d	2	7471565	7471817	2	-2.9996
0ddf77d7-a2f7-4784-b327-1242fc43828d	2	7471907	7989207	401	-0.2329
0ddf77d7-a2f7-4784-b327-1242fc43828d	2	7990754	7996487	8	-1.447
0ddf77d7-a2f7-4784-b327-1242fc43828d	2	7999793	8426557	341	-0.2324
0ddf77d7-a2f7-4784-b327-1242fc43828d	2	8426755	8427384	3	-1.5383
0ddf77d7-a2f7-4784-b327-1242fc43828d	2	8427502	8830352	289	-0.2457
0ddf77d7-a2f7-4784-b327-1242fc43828d	2	8833179	10667586	1249	-0.0055
0ddf77d7-a2f7-4784-b327-1242fc43828d	2	10669982	18306434	5637	-0.2285
0ddf77d7-a2f7-4784-b327-1242fc43828d	2	18307586	34466002	10240	0.0033
0ddf77d7-a2f7-4784-b327-1242fc43828d	2	34474248	34511990	46	-0.3955
0ddf77d7-a2f7-4784-b327-1242fc43828d	2	34512096	52527330	12992	-0.0018
0ddf77d7-a2f7-4784-b327-1242fc43828d	2	52527342	52554404	39	-1.5893
0ddf77d7-a2f7-4784-b327-1242fc43828d	2	52560811	88848201	22598	0.0023
0ddf77d7-a2f7-4784-b327-1242fc43828d	2	88848342	90191202	249	0.2222
0ddf77d7-a2f7-4784-b327-1242fc43828d	2	90191270	90203210	15	-0.2436
0ddf77d7-a2f7-4784-b327-1242fc43828d	2	90203402	94669081	85	0.3665
0ddf77d7-a2f7-4784-b327-1242fc43828d	2	94675825	97164874	839	0.0409
0ddf77d7-a2f7-4784-b327-1242fc43828d	2	97164886	97211264	25	0.6647
0ddf77d7-a2f7-4784-b327-1242fc43828d	2	97211436	97355911	11	-0.1081
0ddf77d7-a2f7-4784-b327-1242fc43828d	2	97357159	97563117	20	0.6229
0ddf77d7-a2f7-4784-b327-1242fc43828d	2	97570839	131946511	20465	0.0126
0ddf77d7-a2f7-4784-b327-1242fc43828d	2	131951621	132185662	70	0.353
0ddf77d7-a2f7-4784-b327-1242fc43828d	2	132192510	132577488	209	0.0825
0ddf77d7-a2f7-4784-b327-1242fc43828d	2	132580531	241620926	67494	-0.0028
0ddf77d7-a2f7-4784-b327-1242fc43828d	2	241634894	241981891	43	0.3434
0ddf77d7-a2f7-4784-b327-1242fc43828d	2	241982182	242092368	91	0.0599
0ddf77d7-a2f7-4784-b327-1242fc43828d	2	242095460	242147305	24	0.3296
0ddf77d7-a2f7-4784-b327-1242fc43828d	3	20930	10151264	8598	-0.1284
0ddf77d7-a2f7-4784-b327-1242fc43828d	3	10151932	15615340	3888	0.0781
0ddf77d7-a2f7-4784-b327-1242fc43828d	3	15617356	15620225	2	-2.2856
0ddf77d7-a2f7-4784-b327-1242fc43828d	3	15621099	17813005	1375	0.0875
0ddf77d7-a2f7-4784-b327-1242fc43828d	3	17813689	18239579	248	-0.1616
0ddf77d7-a2f7-4784-b327-1242fc43828d	3	18240626	75379832	38531	0.0872
0ddf77d7-a2f7-4784-b327-1242fc43828d	3	75383143	75466940	38	0.4172
0ddf77d7-a2f7-4784-b327-1242fc43828d	3	75478031	75727768	63	0.8025
0ddf77d7-a2f7-4784-b327-1242fc43828d	3	75738966	75853758	31	0.367
0ddf77d7-a2f7-4784-b327-1242fc43828d	3	75863200	125950205	27234	0.0783
0ddf77d7-a2f7-4784-b327-1242fc43828d	3	125954540	125957120	3	-1.5418
0ddf77d7-a2f7-4784-b327-1242fc43828d	3	125961657	130031363	2376	0.0896
0ddf77d7-a2f7-4784-b327-1242fc43828d	3	130035092	130149891	68	0.7473
0ddf77d7-a2f7-4784-b327-1242fc43828d	3	130152692	162807070	20242	0.0871
0ddf77d7-a2f7-4784-b327-1242fc43828d	3	162810842	162822702	10	0.6978
0ddf77d7-a2f7-4784-b327-1242fc43828d	3	162827928	162845719	7	0.0972
0ddf77d7-a2f7-4784-b327-1242fc43828d	3	162846008	162914213	50	-0.2099
0ddf77d7-a2f7-4784-b327-1242fc43828d	3	162914232	186668830	14379	0.0844
0ddf77d7-a2f7-4784-b327-1242fc43828d	3	186668898	186717008	57	0.4264
0ddf77d7-a2f7-4784-b327-1242fc43828d	3	186718815	189642114	2203	0.076
0ddf77d7-a2f7-4784-b327-1242fc43828d	3	189642489	189646849	13	-0.8105
0ddf77d7-a2f7-4784-b327-1242fc43828d	3	189653199	193162684	2495	0.0894
0ddf77d7-a2f7-4784-b327-1242fc43828d	3	193162798	193165114	12	0.7266
0ddf77d7-a2f7-4784-b327-1242fc43828d	3	193168646	193666351	330	0.0985
0ddf77d7-a2f7-4784-b327-1242fc43828d	3	193670042	193678743	2	-1.3747
0ddf77d7-a2f7-4784-b327-1242fc43828d	3	193681499	195559056	1152	0.1087
0ddf77d7-a2f7-4784-b327-1242fc43828d	3	195656271	195747892	44	0.5471
0ddf77d7-a2f7-4784-b327-1242fc43828d	3	195751823	198111467	1147	0.1391
0ddf77d7-a2f7-4784-b327-1242fc43828d	3	198111566	198169114	15	0.696
0ddf77d7-a2f7-4784-b327-1242fc43828d	3	198169131	198169247	3	-0.9437
0ddf77d7-a2f7-4784-b327-1242fc43828d	4	68929	507647	186	0.0619
0ddf77d7-a2f7-4784-b327-1242fc43828d	4	509122	3877891	1382	-0.0071
0ddf77d7-a2f7-4784-b327-1242fc43828d	4	3884081	4174902	75	0.592
0ddf77d7-a2f7-4784-b327-1242fc43828d	4	4175446	9370577	3455	0.0061
0ddf77d7-a2f7-4784-b327-1242fc43828d	4	9374840	9648974	109	0.3578
0ddf77d7-a2f7-4784-b327-1242fc43828d	4	9652366	10227303	502	-0.0006
0ddf77d7-a2f7-4784-b327-1242fc43828d	4	10227493	10229173	14	-0.8643
0ddf77d7-a2f7-4784-b327-1242fc43828d	4	10229188	13940692	2980	0.0078
0ddf77d7-a2f7-4784-b327-1242fc43828d	4	13941230	15120825	970	-0.2177
0ddf77d7-a2f7-4784-b327-1242fc43828d	4	15121515	34777432	13023	0.0009
0ddf77d7-a2f7-4784-b327-1242fc43828d	4	34784878	34817589	35	0.5771
0ddf77d7-a2f7-4784-b327-1242fc43828d	4	34819718	35369593	355	0.0059
0ddf77d7-a2f7-4784-b327-1242fc43828d	4	35374407	35374460	2	-1.3431
0ddf77d7-a2f7-4784-b327-1242fc43828d	4	35374509	36012171	421	-0.0065
0ddf77d7-a2f7-4784-b327-1242fc43828d	4	36012790	36013896	5	-1.3659
0ddf77d7-a2f7-4784-b327-1242fc43828d	4	36015896	43144033	4742	0.0088
0ddf77d7-a2f7-4784-b327-1242fc43828d	4	43144118	43146144	5	-1.4163
0ddf77d7-a2f7-4784-b327-1242fc43828d	4	43146936	49087357	3426	-0.0022
0ddf77d7-a2f7-4784-b327-1242fc43828d	4	49091769	51819878	36	0.7055
0ddf77d7-a2f7-4784-b327-1242fc43828d	4	51820017	68506285	10443	0.0026
0ddf77d7-a2f7-4784-b327-1242fc43828d	4	68509223	68623617	65	-1.2028
0ddf77d7-a2f7-4784-b327-1242fc43828d	4	68639397	69272329	325	0.078
0ddf77d7-a2f7-4784-b327-1242fc43828d	4	69277656	69359132	36	-0.5634
0ddf77d7-a2f7-4784-b327-1242fc43828d	4	69361181	86054070	10428	-0.0013
0ddf77d7-a2f7-4784-b327-1242fc43828d	4	86054941	86058548	18	-0.6203
0ddf77d7-a2f7-4784-b327-1242fc43828d	4	86058611	114043587	16719	-0.0012
0ddf77d7-a2f7-4784-b327-1242fc43828d	4	114047012	152069134	22405	0.0595
0ddf77d7-a2f7-4784-b327-1242fc43828d	4	152069741	152071589	4	-1.2559
0ddf77d7-a2f7-4784-b327-1242fc43828d	4	152072978	189864410	24784	0.0719
0ddf77d7-a2f7-4784-b327-1242fc43828d	4	189870388	190106768	59	0.5642
0ddf77d7-a2f7-4784-b327-1242fc43828d	5	15532	12800777	10174	0.0234
0ddf77d7-a2f7-4784-b327-1242fc43828d	5	12815668	12826538	11	0.7232
0ddf77d7-a2f7-4784-b327-1242fc43828d	5	12833745	17470007	3150	0.0173
0ddf77d7-a2f7-4784-b327-1242fc43828d	5	17472794	17681225	59	0.2723
0ddf77d7-a2f7-4784-b327-1242fc43828d	5	17687224	46161484	17221	0.0132
0ddf77d7-a2f7-4784-b327-1242fc43828d	5	46161516	46271006	28	0.2953
0ddf77d7-a2f7-4784-b327-1242fc43828d	5	46271828	46273400	6	1.1473
0ddf77d7-a2f7-4784-b327-1242fc43828d	5	46278110	46389171	19	0.3278
0ddf77d7-a2f7-4784-b327-1242fc43828d	5	50146124	50751588	224	0.0381
0ddf77d7-a2f7-4784-b327-1242fc43828d	5	50752892	50809684	36	-0.279
0ddf77d7-a2f7-4784-b327-1242fc43828d	5	50809800	52311247	816	-0.1345
0ddf77d7-a2f7-4784-b327-1242fc43828d	5	52317535	56255426	2662	-0.2307
0ddf77d7-a2f7-4784-b327-1242fc43828d	5	56257576	58797188	1912	-0.4829
0ddf77d7-a2f7-4784-b327-1242fc43828d	5	58799735	60542108	1211	-0.2262
0ddf77d7-a2f7-4784-b327-1242fc43828d	5	60545534	62079752	918	-0.1227
0ddf77d7-a2f7-4784-b327-1242fc43828d	5	62082266	63402106	807	0.0154
0ddf77d7-a2f7-4784-b327-1242fc43828d	5	63404424	63605177	110	-0.0771
0ddf77d7-a2f7-4784-b327-1242fc43828d	5	63605237	69571467	3670	-0.2259
0ddf77d7-a2f7-4784-b327-1242fc43828d	5	69779150	69822308	4	1.1732
0ddf77d7-a2f7-4784-b327-1242fc43828d	5	69937600	80276178	5828	-0.2158
0ddf77d7-a2f7-4784-b327-1242fc43828d	5	80280090	156045045	47098	0.0097
0ddf77d7-a2f7-4784-b327-1242fc43828d	5	156045123	156055524	15	0.6401
0ddf77d7-a2f7-4784-b327-1242fc43828d	5	156055539	177771448	14801	0.0114
0ddf77d7-a2f7-4784-b327-1242fc43828d	5	177800550	177805604	3	2.0864
0ddf77d7-a2f7-4784-b327-1242fc43828d	5	177827964	178680821	445	0.0346
0ddf77d7-a2f7-4784-b327-1242fc43828d	5	178682974	178686162	3	-2.1744
0ddf77d7-a2f7-4784-b327-1242fc43828d	5	178691854	179641462	599	0.0265
0ddf77d7-a2f7-4784-b327-1242fc43828d	5	179655472	179659493	8	0.8079
0ddf77d7-a2f7-4784-b327-1242fc43828d	5	179668592	181363319	927	0.0237
0ddf77d7-a2f7-4784-b327-1242fc43828d	6	149661	258265	103	0.155
0ddf77d7-a2f7-4784-b327-1242fc43828d	6	260376	303121	24	0.6411
0ddf77d7-a2f7-4784-b327-1242fc43828d	6	314962	385687	82	0.2368
0ddf77d7-a2f7-4784-b327-1242fc43828d	6	385784	15678493	11961	0.0224
0ddf77d7-a2f7-4784-b327-1242fc43828d	6	15683799	16205068	463	-0.2308
0ddf77d7-a2f7-4784-b327-1242fc43828d	6	16208511	31318528	9673	0.0171
0ddf77d7-a2f7-4784-b327-1242fc43828d	6	31318754	31327629	5	-1.4801
0ddf77d7-a2f7-4784-b327-1242fc43828d	6	31328176	32231462	356	0.1415
0ddf77d7-a2f7-4784-b327-1242fc43828d	6	32231575	52746320	12910	0.0128
0ddf77d7-a2f7-4784-b327-1242fc43828d	6	52746586	52788654	36	0.433
0ddf77d7-a2f7-4784-b327-1242fc43828d	6	52788711	57372382	2944	0.0146
0ddf77d7-a2f7-4784-b327-1242fc43828d	6	57381985	61579685	615	0.1539
0ddf77d7-a2f7-4784-b327-1242fc43828d	6	61584360	67656956	3799	0.0185
0ddf77d7-a2f7-4784-b327-1242fc43828d	6	67657674	73882142	3975	-0.212
0ddf77d7-a2f7-4784-b327-1242fc43828d	6	73882509	73887573	8	-1.5219
0ddf77d7-a2f7-4784-b327-1242fc43828d	6	73887625	76726815	1770	-0.2013
0ddf77d7-a2f7-4784-b327-1242fc43828d	6	76730151	76742972	20	0.2969
0ddf77d7-a2f7-4784-b327-1242fc43828d	6	76743040	78253172	976	-0.2103
0ddf77d7-a2f7-4784-b327-1242fc43828d	6	78259348	78329517	114	-0.6247
0ddf77d7-a2f7-4784-b327-1242fc43828d	6	78331916	92846226	9180	-0.2118
0ddf77d7-a2f7-4784-b327-1242fc43828d	6	92846348	170741917	50424	0.0058
0ddf77d7-a2f7-4784-b327-1242fc43828d	7	43355	79263	32	0.4518
0ddf77d7-a2f7-4784-b327-1242fc43828d	7	81400	1607953	426	-0.1152
0ddf77d7-a2f7-4784-b327-1242fc43828d	7	1608751	6823062	2964	0.1137
0ddf77d7-a2f7-4784-b327-1242fc43828d	7	6824452	7013091	65	0.5327
0ddf77d7-a2f7-4784-b327-1242fc43828d	7	7017623	13945760	5741	0.1015
0ddf77d7-a2f7-4784-b327-1242fc43828d	7	13945841	13951318	2	-1.8953
0ddf77d7-a2f7-4784-b327-1242fc43828d	7	13951348	38244142	18105	0.1007
0ddf77d7-a2f7-4784-b327-1242fc43828d	7	38244598	38365496	135	0.4187
0ddf77d7-a2f7-4784-b327-1242fc43828d	7	38368593	56714729	12553	0.0981
0ddf77d7-a2f7-4784-b327-1242fc43828d	7	56717795	57582684	365	0.204
0ddf77d7-a2f7-4784-b327-1242fc43828d	7	57582768	62997097	256	0.4329
0ddf77d7-a2f7-4784-b327-1242fc43828d	7	63000407	63465455	148	0.2329
0ddf77d7-a2f7-4784-b327-1242fc43828d	7	63500432	63622962	10	0.8674
0ddf77d7-a2f7-4784-b327-1242fc43828d	7	63624175	65477936	837	0.1598
0ddf77d7-a2f7-4784-b327-1242fc43828d	7	65482467	65874904	100	0.7067
0ddf77d7-a2f7-4784-b327-1242fc43828d	7	65882903	65909648	13	0.1872
0ddf77d7-a2f7-4784-b327-1242fc43828d	7	65910115	72523346	3893	0.105
0ddf77d7-a2f7-4784-b327-1242fc43828d	7	72532220	72537797	4	1.0205
0ddf77d7-a2f7-4784-b327-1242fc43828d	7	72538257	72556798	11	0.5067
0ddf77d7-a2f7-4784-b327-1242fc43828d	7	72557787	76424968	1049	0.0748
0ddf77d7-a2f7-4784-b327-1242fc43828d	7	76426530	76894960	153	0.2861
0ddf77d7-a2f7-4784-b327-1242fc43828d	7	76895064	89733217	8243	0.0927
0ddf77d7-a2f7-4784-b327-1242fc43828d	7	89733704	90196294	331	0.2164
0ddf77d7-a2f7-4784-b327-1242fc43828d	7	90196977	97756658	4822	0.0948
0ddf77d7-a2f7-4784-b327-1242fc43828d	7	97766148	97766159	6	1.179
0ddf77d7-a2f7-4784-b327-1242fc43828d	7	97766194	109797700	6619	0.093
0ddf77d7-a2f7-4784-b327-1242fc43828d	7	109797715	109813801	20	0.8844
0ddf77d7-a2f7-4784-b327-1242fc43828d	7	109813853	126404920	10020	0.094
0ddf77d7-a2f7-4784-b327-1242fc43828d	7	126405428	126406822	13	-0.7499
0ddf77d7-a2f7-4784-b327-1242fc43828d	7	126406823	134093896	4697	0.1081
0ddf77d7-a2f7-4784-b327-1242fc43828d	7	134093899	134114444	37	0.8169
0ddf77d7-a2f7-4784-b327-1242fc43828d	7	134121491	135886540	1260	0.1052
0ddf77d7-a2f7-4784-b327-1242fc43828d	7	135887005	135888034	2	1.9416
0ddf77d7-a2f7-4784-b327-1242fc43828d	7	135888492	142063324	3928	0.1081
0ddf77d7-a2f7-4784-b327-1242fc43828d	7	142069843	142090177	29	-0.4184
0ddf77d7-a2f7-4784-b327-1242fc43828d	7	142090279	142433430	275	0.1243
0ddf77d7-a2f7-4784-b327-1242fc43828d	7	142433557	142805387	183	0.3321
0ddf77d7-a2f7-4784-b327-1242fc43828d	7	142805592	144249785	750	0.089
0ddf77d7-a2f7-4784-b327-1242fc43828d	7	144255220	144295437	7	-0.8324
0ddf77d7-a2f7-4784-b327-1242fc43828d	7	144306653	153520093	5633	0.0996
0ddf77d7-a2f7-4784-b327-1242fc43828d	7	153520740	153639357	95	0.3223
0ddf77d7-a2f7-4784-b327-1242fc43828d	7	153639735	159334314	3923	0.1252
0ddf77d7-a2f7-4784-b327-1242fc43828d	8	81254	213414	7	0.3257
0ddf77d7-a2f7-4784-b327-1242fc43828d	8	214984	3303176	2494	-0.1903
0ddf77d7-a2f7-4784-b327-1242fc43828d	8	3303217	3312562	14	-1.0652
0ddf77d7-a2f7-4784-b327-1242fc43828d	8	3313072	7056566	5151	-0.211
0ddf77d7-a2f7-4784-b327-1242fc43828d	8	7057124	8234503	113	0.3092
0ddf77d7-a2f7-4784-b327-1242fc43828d	8	8235660	11910409	3143	-0.2002
0ddf77d7-a2f7-4784-b327-1242fc43828d	8	11911095	11935938	11	0.5514
0ddf77d7-a2f7-4784-b327-1242fc43828d	8	11941175	12130217	60	-0.1753
0ddf77d7-a2f7-4784-b327-1242fc43828d	8	12134008	12697234	80	0.5963
0ddf77d7-a2f7-4784-b327-1242fc43828d	8	12698533	16625444	3675	-0.2077
0ddf77d7-a2f7-4784-b327-1242fc43828d	8	16629022	16631001	2	-2.1138
0ddf77d7-a2f7-4784-b327-1242fc43828d	8	16631151	25114672	6676	-0.2147
0ddf77d7-a2f7-4784-b327-1242fc43828d	8	25116928	25126818	27	0.4538
0ddf77d7-a2f7-4784-b327-1242fc43828d	8	25133589	40914477	10139	-0.2168
0ddf77d7-a2f7-4784-b327-1242fc43828d	8	40920333	40920952	2	-1.9037
0ddf77d7-a2f7-4784-b327-1242fc43828d	8	40926161	43322566	1363	-0.2048
0ddf77d7-a2f7-4784-b327-1242fc43828d	8	43326321	46616026	327	-0.0184
0ddf77d7-a2f7-4784-b327-1242fc43828d	8	46616363	53067761	3719	-0.2062
0ddf77d7-a2f7-4784-b327-1242fc43828d	8	53068090	53086835	15	0.2985
0ddf77d7-a2f7-4784-b327-1242fc43828d	8	53087916	57461716	2866	-0.2107
0ddf77d7-a2f7-4784-b327-1242fc43828d	8	57461738	57465687	9	0.5484
0ddf77d7-a2f7-4784-b327-1242fc43828d	8	57468448	58850861	994	-0.2174
0ddf77d7-a2f7-4784-b327-1242fc43828d	8	58853705	59354754	352	0.0935
0ddf77d7-a2f7-4784-b327-1242fc43828d	8	59355050	59584043	113	-0.1968
0ddf77d7-a2f7-4784-b327-1242fc43828d	8	59585944	65656273	3713	0.0904
0ddf77d7-a2f7-4784-b327-1242fc43828d	8	65659902	66102761	204	-0.1871
0ddf77d7-a2f7-4784-b327-1242fc43828d	8	66108402	66133702	21	0.0877
0ddf77d7-a2f7-4784-b327-1242fc43828d	8	66134356	66651975	304	-0.2148
0ddf77d7-a2f7-4784-b327-1242fc43828d	8	66665435	145072769	49801	0.0882
0ddf77d7-a2f7-4784-b327-1242fc43828d	9	46587	203310	20	0.4562
0ddf77d7-a2f7-4784-b327-1242fc43828d	9	208366	23361807	20377	0.018
0ddf77d7-a2f7-4784-b327-1242fc43828d	9	23363117	23373486	8	-2.145
0ddf77d7-a2f7-4784-b327-1242fc43828d	9	23378490	28793889	4114	0.0098
0ddf77d7-a2f7-4784-b327-1242fc43828d	9	28794378	28795743	4	-1.3448
0ddf77d7-a2f7-4784-b327-1242fc43828d	9	28796457	38771790	6554	0.0097
0ddf77d7-a2f7-4784-b327-1242fc43828d	9	38771834	41473331	145	0.3778
0ddf77d7-a2f7-4784-b327-1242fc43828d	9	41473518	41646850	24	0.9614
0ddf77d7-a2f7-4784-b327-1242fc43828d	9	41659472	63580418	168	0.3753
0ddf77d7-a2f7-4784-b327-1242fc43828d	9	63590317	63590325	5	1.9687
0ddf77d7-a2f7-4784-b327-1242fc43828d	9	63592670	68390662	137	0.4363
0ddf77d7-a2f7-4784-b327-1242fc43828d	9	68391659	138138696	47865	0.1466
0ddf77d7-a2f7-4784-b327-1242fc43828d	9	138151368	138200944	10	0.8061
0ddf77d7-a2f7-4784-b327-1242fc43828d	10	45792	14978418	12701	0.0182
0ddf77d7-a2f7-4784-b327-1242fc43828d	10	14984048	15023676	16	0.5673
0ddf77d7-a2f7-4784-b327-1242fc43828d	10	15024489	24086334	6462	0.0154
0ddf77d7-a2f7-4784-b327-1242fc43828d	10	24088745	24089125	11	1.0911
0ddf77d7-a2f7-4784-b327-1242fc43828d	10	24089979	26936975	1984	0.0021
0ddf77d7-a2f7-4784-b327-1242fc43828d	10	26937062	26941746	14	0.7696
0ddf77d7-a2f7-4784-b327-1242fc43828d	10	26941808	41796971	7864	0.0163
0ddf77d7-a2f7-4784-b327-1242fc43828d	10	41798237	42324502	37	0.7183
0ddf77d7-a2f7-4784-b327-1242fc43828d	10	42324837	65540090	15282	0.0143
0ddf77d7-a2f7-4784-b327-1242fc43828d	10	65540316	65554672	34	0.4939
0ddf77d7-a2f7-4784-b327-1242fc43828d	10	65554688	65598232	45	-0.0905
0ddf77d7-a2f7-4784-b327-1242fc43828d	10	65598235	65602423	5	0.9645
0ddf77d7-a2f7-4784-b327-1242fc43828d	10	65602562	79484771	9161	0.0076
0ddf77d7-a2f7-4784-b327-1242fc43828d	10	79487437	80226035	259	0.1522
0ddf77d7-a2f7-4784-b327-1242fc43828d	10	80234421	113299101	21873	0.0129
0ddf77d7-a2f7-4784-b327-1242fc43828d	10	113301380	133551799	14780	-0.2205
0ddf77d7-a2f7-4784-b327-1242fc43828d	10	133551831	133654968	50	-0.0332
0ddf77d7-a2f7-4784-b327-1242fc43828d	11	198510	3386182	1273	0.0373
0ddf77d7-a2f7-4784-b327-1242fc43828d	11	3386299	3655866	100	0.3019
0ddf77d7-a2f7-4784-b327-1242fc43828d	11	3657216	4234899	368	0.0111
0ddf77d7-a2f7-4784-b327-1242fc43828d	11	4235070	4367675	33	0.3617
0ddf77d7-a2f7-4784-b327-1242fc43828d	11	4368083	4946166	644	0.0193
0ddf77d7-a2f7-4784-b327-1242fc43828d	11	4946420	4954445	28	-1.224
0ddf77d7-a2f7-4784-b327-1242fc43828d	11	4954475	5772353	792	0.0015
0ddf77d7-a2f7-4784-b327-1242fc43828d	11	5773015	5791130	25	-0.7368
0ddf77d7-a2f7-4784-b327-1242fc43828d	11	5794956	25744770	14841	0.0125
0ddf77d7-a2f7-4784-b327-1242fc43828d	11	25749302	27698103	1443	0.2192
0ddf77d7-a2f7-4784-b327-1242fc43828d	11	27698276	46422463	12787	0.0193
0ddf77d7-a2f7-4784-b327-1242fc43828d	11	46426112	46428133	3	-1.8089
0ddf77d7-a2f7-4784-b327-1242fc43828d	11	46434534	48351028	832	0.0074
0ddf77d7-a2f7-4784-b327-1242fc43828d	11	48352939	48870325	183	0.2369
0ddf77d7-a2f7-4784-b327-1242fc43828d	11	48870436	50096159	515	0.0352
0ddf77d7-a2f7-4784-b327-1242fc43828d	11	50101778	54743970	284	0.2339
0ddf77d7-a2f7-4784-b327-1242fc43828d	11	54762035	54766290	3	-1.4336
0ddf77d7-a2f7-4784-b327-1242fc43828d	11	54782119	55343590	128	0.2653
0ddf77d7-a2f7-4784-b327-1242fc43828d	11	55344108	55609206	172	0.0941
0ddf77d7-a2f7-4784-b327-1242fc43828d	11	55610402	55685501	43	-0.3595
0ddf77d7-a2f7-4784-b327-1242fc43828d	11	55685533	55854128	123	0.0035
0ddf77d7-a2f7-4784-b327-1242fc43828d	11	55854296	55886224	17	0.5591
0ddf77d7-a2f7-4784-b327-1242fc43828d	11	55890890	65005073	5027	0.0138
0ddf77d7-a2f7-4784-b327-1242fc43828d	11	65005390	65867819	341	0.1627
0ddf77d7-a2f7-4784-b327-1242fc43828d	11	65868582	67546364	638	0.0051
0ddf77d7-a2f7-4784-b327-1242fc43828d	11	67550364	67981851	140	0.3675
0ddf77d7-a2f7-4784-b327-1242fc43828d	11	67996609	81275763	7805	0.0168
0ddf77d7-a2f7-4784-b327-1242fc43828d	11	81276153	81285683	25	0.4843
0ddf77d7-a2f7-4784-b327-1242fc43828d	11	81286025	81951161	571	0.0209
0ddf77d7-a2f7-4784-b327-1242fc43828d	11	81951604	81951982	3	1.4792
0ddf77d7-a2f7-4784-b327-1242fc43828d	11	81957602	89681629	5118	0.0083
0ddf77d7-a2f7-4784-b327-1242fc43828d	11	89695811	89813759	39	0.3132
0ddf77d7-a2f7-4784-b327-1242fc43828d	11	89814936	89923071	8	-0.5288
0ddf77d7-a2f7-4784-b327-1242fc43828d	11	89962925	92933881	2063	0.0262
0ddf77d7-a2f7-4784-b327-1242fc43828d	11	92934564	92935809	5	-1.0107
0ddf77d7-a2f7-4784-b327-1242fc43828d	11	92936503	107910653	10793	0.0153
0ddf77d7-a2f7-4784-b327-1242fc43828d	11	107913781	107914372	2	-2.9394
0ddf77d7-a2f7-4784-b327-1242fc43828d	11	107916987	125205483	11960	0.0192
0ddf77d7-a2f7-4784-b327-1242fc43828d	11	125205555	125213808	27	-1.0514
0ddf77d7-a2f7-4784-b327-1242fc43828d	11	125218374	135074876	7530	0.0264
0ddf77d7-a2f7-4784-b327-1242fc43828d	12	51460	8249238	5548	0.0295
0ddf77d7-a2f7-4784-b327-1242fc43828d	12	8253044	8432076	66	0.5599
0ddf77d7-a2f7-4784-b327-1242fc43828d	12	8442298	34188303	17808	0.0205
0ddf77d7-a2f7-4784-b327-1242fc43828d	12	34188376	38213562	343	0.2794
0ddf77d7-a2f7-4784-b327-1242fc43828d	12	38214646	40422710	1308	0.0172
0ddf77d7-a2f7-4784-b327-1242fc43828d	12	40422785	40423441	4	1.0139
0ddf77d7-a2f7-4784-b327-1242fc43828d	12	40423713	42879952	1714	0.0007
0ddf77d7-a2f7-4784-b327-1242fc43828d	12	42883066	42887768	2	-1.6247
0ddf77d7-a2f7-4784-b327-1242fc43828d	12	42887825	43256331	250	0.0485
0ddf77d7-a2f7-4784-b327-1242fc43828d	12	43265008	43269496	3	-1.5309
0ddf77d7-a2f7-4784-b327-1242fc43828d	12	43269855	63539183	11949	0.0098
0ddf77d7-a2f7-4784-b327-1242fc43828d	12	63545944	63664426	29	0.3947
0ddf77d7-a2f7-4784-b327-1242fc43828d	12	63665889	72860106	6026	0.0031
0ddf77d7-a2f7-4784-b327-1242fc43828d	12	72860783	72887754	20	0.4171
0ddf77d7-a2f7-4784-b327-1242fc43828d	12	72887814	99402073	16971	0.0053
0ddf77d7-a2f7-4784-b327-1242fc43828d	12	99402408	99404140	16	0.728
0ddf77d7-a2f7-4784-b327-1242fc43828d	12	99404279	128746768	19643	0.0174
0ddf77d7-a2f7-4784-b327-1242fc43828d	12	128747597	128747752	2	-2.114
0ddf77d7-a2f7-4784-b327-1242fc43828d	12	128748000	133201603	3061	0.048
0ddf77d7-a2f7-4784-b327-1242fc43828d	13	18452809	18835707	92	0.3578
0ddf77d7-a2f7-4784-b327-1242fc43828d	13	18842946	23568728	3167	0.0257
0ddf77d7-a2f7-4784-b327-1242fc43828d	13	23574154	23585034	5	0.4539
0ddf77d7-a2f7-4784-b327-1242fc43828d	13	23585386	24539055	814	-0.2216
0ddf77d7-a2f7-4784-b327-1242fc43828d	13	24539332	28633255	3002	0.0915
0ddf77d7-a2f7-4784-b327-1242fc43828d	13	28635045	28635203	2	-1.4649
0ddf77d7-a2f7-4784-b327-1242fc43828d	13	28637272	31903069	2431	0.0882
0ddf77d7-a2f7-4784-b327-1242fc43828d	13	31903889	35107518	2321	-0.2179
0ddf77d7-a2f7-4784-b327-1242fc43828d	13	35111854	37122318	1356	0.0243
0ddf77d7-a2f7-4784-b327-1242fc43828d	13	37125138	37502534	287	-0.2301
0ddf77d7-a2f7-4784-b327-1242fc43828d	13	37504215	37514193	9	0.6569
0ddf77d7-a2f7-4784-b327-1242fc43828d	13	37514237	48957415	8015	-0.2167
0ddf77d7-a2f7-4784-b327-1242fc43828d	13	48959579	48962368	2	-2.5799
0ddf77d7-a2f7-4784-b327-1242fc43828d	13	48963569	70168581	12401	-0.2058
0ddf77d7-a2f7-4784-b327-1242fc43828d	13	70170393	70175852	10	-3.2806
0ddf77d7-a2f7-4784-b327-1242fc43828d	13	70179808	70193261	22	-1.2352
0ddf77d7-a2f7-4784-b327-1242fc43828d	13	70193832	71902850	1069	-0.2039
0ddf77d7-a2f7-4784-b327-1242fc43828d	13	71903417	71905409	2	-2.6381
0ddf77d7-a2f7-4784-b327-1242fc43828d	13	71906311	72749082	672	-0.2275
0ddf77d7-a2f7-4784-b327-1242fc43828d	13	72750108	114342922	28399	0.0107
0ddf77d7-a2f7-4784-b327-1242fc43828d	14	18239283	18976793	27	0.1869
0ddf77d7-a2f7-4784-b327-1242fc43828d	14	19011729	19957350	141	0.6734
0ddf77d7-a2f7-4784-b327-1242fc43828d	14	19957701	20986256	761	-0.0395
0ddf77d7-a2f7-4784-b327-1242fc43828d	14	20986466	20987933	3	-2.4054
0ddf77d7-a2f7-4784-b327-1242fc43828d	14	20992001	21790872	448	-0.0412
0ddf77d7-a2f7-4784-b327-1242fc43828d	14	21791676	22533736	668	0.215
0ddf77d7-a2f7-4784-b327-1242fc43828d	14	22534369	38325335	9933	-0.0301
0ddf77d7-a2f7-4784-b327-1242fc43828d	14	38330250	38331170	10	-0.9776
0ddf77d7-a2f7-4784-b327-1242fc43828d	14	38335052	41141293	1754	-0.0267
0ddf77d7-a2f7-4784-b327-1242fc43828d	14	41141487	41184774	12	-0.6602
0ddf77d7-a2f7-4784-b327-1242fc43828d	14	41188046	43354090	1349	-0.0397
0ddf77d7-a2f7-4784-b327-1242fc43828d	14	43354625	43779976	201	0.5813
0ddf77d7-a2f7-4784-b327-1242fc43828d	14	43781302	61365192	11063	-0.0345
0ddf77d7-a2f7-4784-b327-1242fc43828d	14	61369477	61371990	2	-2.0712
0ddf77d7-a2f7-4784-b327-1242fc43828d	14	61372427	73529070	7822	-0.0317
0ddf77d7-a2f7-4784-b327-1242fc43828d	14	73534419	73583560	19	0.6236
0ddf77d7-a2f7-4784-b327-1242fc43828d	14	73589619	90791431	11337	-0.0303
0ddf77d7-a2f7-4784-b327-1242fc43828d	14	90791520	90791530	2	-1.6475
0ddf77d7-a2f7-4784-b327-1242fc43828d	14	90792689	97836006	4980	-0.0347
0ddf77d7-a2f7-4784-b327-1242fc43828d	14	97836226	97841481	4	-1.278
0ddf77d7-a2f7-4784-b327-1242fc43828d	14	97847396	105520403	4293	-0.0265
0ddf77d7-a2f7-4784-b327-1242fc43828d	14	105521701	106320716	234	0.2407
0ddf77d7-a2f7-4784-b327-1242fc43828d	14	106321086	106346129	8	-0.9042
0ddf77d7-a2f7-4784-b327-1242fc43828d	14	106360014	106877229	274	0.0857
0ddf77d7-a2f7-4784-b327-1242fc43828d	15	19811075	19957492	29	0.6988
0ddf77d7-a2f7-4784-b327-1242fc43828d	15	19958418	28289262	3950	0.0199
0ddf77d7-a2f7-4784-b327-1242fc43828d	15	28294842	29007557	109	0.2902
0ddf77d7-a2f7-4784-b327-1242fc43828d	15	29007655	29119844	81	0.099
0ddf77d7-a2f7-4784-b327-1242fc43828d	15	29123357	29124854	2	-1.8158
0ddf77d7-a2f7-4784-b327-1242fc43828d	15	29125333	30077711	654	0.0656
0ddf77d7-a2f7-4784-b327-1242fc43828d	15	30077828	30842699	116	0.2893
0ddf77d7-a2f7-4784-b327-1242fc43828d	15	30843586	32151854	965	0.0222
0ddf77d7-a2f7-4784-b327-1242fc43828d	15	32179735	32212063	2	1.767
0ddf77d7-a2f7-4784-b327-1242fc43828d	15	32217691	32617778	36	0.2548
0ddf77d7-a2f7-4784-b327-1242fc43828d	15	32621877	34379885	1477	-0.0152
0ddf77d7-a2f7-4784-b327-1242fc43828d	15	34386576	34576695	69	0.2314
0ddf77d7-a2f7-4784-b327-1242fc43828d	15	34576808	40033267	3932	-0.0021
0ddf77d7-a2f7-4784-b327-1242fc43828d	15	40033490	40209792	89	-0.2474
0ddf77d7-a2f7-4784-b327-1242fc43828d	15	40216038	100038210	38542	0.0005
0ddf77d7-a2f7-4784-b327-1242fc43828d	15	100040799	100422970	330	0.1207
0ddf77d7-a2f7-4784-b327-1242fc43828d	15	100423550	101150086	571	-0.0002
0ddf77d7-a2f7-4784-b327-1242fc43828d	15	101150114	101151243	2	-2.7348
0ddf77d7-a2f7-4784-b327-1242fc43828d	15	101153676	101888922	546	0.063
0ddf77d7-a2f7-4784-b327-1242fc43828d	15	101894806	101928837	5	0.5286
0ddf77d7-a2f7-4784-b327-1242fc43828d	16	10777	14686797	11091	0.0278
0ddf77d7-a2f7-4784-b327-1242fc43828d	16	14794738	15022400	69	0.5195
0ddf77d7-a2f7-4784-b327-1242fc43828d	16	15031584	16269368	586	0.0919
0ddf77d7-a2f7-4784-b327-1242fc43828d	16	16419234	16419422	2	-1.5877
0ddf77d7-a2f7-4784-b327-1242fc43828d	16	16419781	21340717	2626	0.0579
0ddf77d7-a2f7-4784-b327-1242fc43828d	16	21348993	21586954	34	0.4006
0ddf77d7-a2f7-4784-b327-1242fc43828d	16	21588178	22430699	358	0.1058
0ddf77d7-a2f7-4784-b327-1242fc43828d	16	22546611	22773883	143	0.2529
0ddf77d7-a2f7-4784-b327-1242fc43828d	16	22774621	31948830	5025	0.0228
0ddf77d7-a2f7-4784-b327-1242fc43828d	16	31954295	35108416	140	0.3079
0ddf77d7-a2f7-4784-b327-1242fc43828d	16	35109140	35225338	82	0.0386
0ddf77d7-a2f7-4784-b327-1242fc43828d	16	35232200	35522700	168	0.6488
0ddf77d7-a2f7-4784-b327-1242fc43828d	16	35526596	55762682	6594	0.02
0ddf77d7-a2f7-4784-b327-1242fc43828d	16	55764310	55764867	3	3.0109
0ddf77d7-a2f7-4784-b327-1242fc43828d	16	55770436	69942576	8725	0.0111
0ddf77d7-a2f7-4784-b327-1242fc43828d	16	69943506	70212436	57	0.3937
0ddf77d7-a2f7-4784-b327-1242fc43828d	16	70212504	75151866	2728	0.0262
0ddf77d7-a2f7-4784-b327-1242fc43828d	16	75152163	75155906	7	-0.7874
0ddf77d7-a2f7-4784-b327-1242fc43828d	16	75156810	77603762	2010	0.0242
0ddf77d7-a2f7-4784-b327-1242fc43828d	16	77605287	77609049	3	-1.4855
0ddf77d7-a2f7-4784-b327-1242fc43828d	16	77609481	77635946	36	0.0179
0ddf77d7-a2f7-4784-b327-1242fc43828d	16	77636260	77638574	9	0.6487
0ddf77d7-a2f7-4784-b327-1242fc43828d	16	77641266	78337711	705	0.0248
0ddf77d7-a2f7-4784-b327-1242fc43828d	16	78338543	78350868	17	0.7087
0ddf77d7-a2f7-4784-b327-1242fc43828d	16	78351104	78915627	749	0.0202
0ddf77d7-a2f7-4784-b327-1242fc43828d	16	78916069	78925396	14	-0.4998
0ddf77d7-a2f7-4784-b327-1242fc43828d	16	78926426	80765976	2091	0.0207
0ddf77d7-a2f7-4784-b327-1242fc43828d	16	80766163	80941750	184	-0.2258
0ddf77d7-a2f7-4784-b327-1242fc43828d	16	80942034	80942464	5	0.9471
0ddf77d7-a2f7-4784-b327-1242fc43828d	16	80945536	90045818	7518	-0.2106
0ddf77d7-a2f7-4784-b327-1242fc43828d	16	90049513	90096867	37	0.0041
0ddf77d7-a2f7-4784-b327-1242fc43828d	17	150733	8041224	4392	0.0184
0ddf77d7-a2f7-4784-b327-1242fc43828d	17	8041291	11123742	2125	-0.2079
0ddf77d7-a2f7-4784-b327-1242fc43828d	17	11124191	21382256	6054	0.1092
0ddf77d7-a2f7-4784-b327-1242fc43828d	17	21383126	27076842	379	0.2363
0ddf77d7-a2f7-4784-b327-1242fc43828d	17	27077023	43384354	8997	0.0878
0ddf77d7-a2f7-4784-b327-1242fc43828d	17	43384705	45461373	1022	-0.2158
0ddf77d7-a2f7-4784-b327-1242fc43828d	17	45472160	46135838	391	0.0527
0ddf77d7-a2f7-4784-b327-1242fc43828d	17	46136346	46707616	100	0.4291
0ddf77d7-a2f7-4784-b327-1242fc43828d	17	46708316	83091923	21546	0.0215
0ddf77d7-a2f7-4784-b327-1242fc43828d	18	48133	190152	41	-0.0258
0ddf77d7-a2f7-4784-b327-1242fc43828d	18	194130	2584810	1798	-0.178
0ddf77d7-a2f7-4784-b327-1242fc43828d	18	2585078	2605415	16	-0.7416
0ddf77d7-a2f7-4784-b327-1242fc43828d	18	2608534	2993336	239	-0.2444
0ddf77d7-a2f7-4784-b327-1242fc43828d	18	2993697	3020635	25	0.1898
0ddf77d7-a2f7-4784-b327-1242fc43828d	18	3025712	5003538	1421	-0.2228
0ddf77d7-a2f7-4784-b327-1242fc43828d	18	5012396	5012918	3	1.2108
0ddf77d7-a2f7-4784-b327-1242fc43828d	18	5013859	12313666	5372	-0.2172
0ddf77d7-a2f7-4784-b327-1242fc43828d	18	12322746	14090994	1099	-0.035
0ddf77d7-a2f7-4784-b327-1242fc43828d	18	14091512	14351151	63	0.3694
0ddf77d7-a2f7-4784-b327-1242fc43828d	18	14351376	15092487	244	0.0749
0ddf77d7-a2f7-4784-b327-1242fc43828d	18	15098542	15396946	60	0.3505
0ddf77d7-a2f7-4784-b327-1242fc43828d	18	15401764	40680506	12378	-0.0347
0ddf77d7-a2f7-4784-b327-1242fc43828d	18	40680516	40685425	15	-0.6578
0ddf77d7-a2f7-4784-b327-1242fc43828d	18	40688060	42769501	1416	-0.0091
0ddf77d7-a2f7-4784-b327-1242fc43828d	18	42770511	42771312	6	-1.1809
0ddf77d7-a2f7-4784-b327-1242fc43828d	18	42773523	55635911	8718	-0.0292
0ddf77d7-a2f7-4784-b327-1242fc43828d	18	55641696	55651357	9	-1.2637
0ddf77d7-a2f7-4784-b327-1242fc43828d	18	55656160	68382213	9011	-0.0226
0ddf77d7-a2f7-4784-b327-1242fc43828d	18	68383854	68387873	2	-1.9141
0ddf77d7-a2f7-4784-b327-1242fc43828d	18	68387888	69075180	537	-0.002
0ddf77d7-a2f7-4784-b327-1242fc43828d	18	69075518	69091484	52	-0.7105
0ddf77d7-a2f7-4784-b327-1242fc43828d	18	69091760	72934727	2768	-0.0294
0ddf77d7-a2f7-4784-b327-1242fc43828d	18	72935074	72935332	2	-2.1617
0ddf77d7-a2f7-4784-b327-1242fc43828d	18	72939360	80257174	5380	-0.0279
0ddf77d7-a2f7-4784-b327-1242fc43828d	19	90910	19834188	8557	0.012
0ddf77d7-a2f7-4784-b327-1242fc43828d	19	19834971	21060689	717	0.1753
0ddf77d7-a2f7-4784-b327-1242fc43828d	19	21061057	24057983	1734	0.0386
0ddf77d7-a2f7-4784-b327-1242fc43828d	19	24058048	27825364	265	0.2225
0ddf77d7-a2f7-4784-b327-1242fc43828d	19	27826435	42711176	9110	0.0139
0ddf77d7-a2f7-4784-b327-1242fc43828d	19	42712819	43263109	227	0.3143
0ddf77d7-a2f7-4784-b327-1242fc43828d	19	43265681	52706243	4863	0.0233
0ddf77d7-a2f7-4784-b327-1242fc43828d	19	52707688	52939636	170	0.2795
0ddf77d7-a2f7-4784-b327-1242fc43828d	19	52940241	53537158	456	0.0758
0ddf77d7-a2f7-4784-b327-1242fc43828d	19	53537278	53847513	209	0.2042
0ddf77d7-a2f7-4784-b327-1242fc43828d	19	53847931	54812586	489	0.0082
0ddf77d7-a2f7-4784-b327-1242fc43828d	19	54815158	54862363	21	0.6239
0ddf77d7-a2f7-4784-b327-1242fc43828d	19	54866553	55771003	437	0.045
0ddf77d7-a2f7-4784-b327-1242fc43828d	19	55771169	55771701	3	-2.3903
0ddf77d7-a2f7-4784-b327-1242fc43828d	19	55774927	58586487	1838	0.0201
0ddf77d7-a2f7-4784-b327-1242fc43828d	20	80664	1571811	1181	0.067
0ddf77d7-a2f7-4784-b327-1242fc43828d	20	1576544	1591557	46	-0.4514
0ddf77d7-a2f7-4784-b327-1242fc43828d	20	1591572	1601446	10	0.1166
0ddf77d7-a2f7-4784-b327-1242fc43828d	20	1601561	1617300	7	0.9892
0ddf77d7-a2f7-4784-b327-1242fc43828d	20	1617460	26229816	18711	0.0252
0ddf77d7-a2f7-4784-b327-1242fc43828d	20	26229983	30417073	86	0.4251
0ddf77d7-a2f7-4784-b327-1242fc43828d	20	31247246	64324800	22306	0.0279
0ddf77d7-a2f7-4784-b327-1242fc43828d	21	10354168	14006460	327	0.2808
0ddf77d7-a2f7-4784-b327-1242fc43828d	21	14007481	37379562	16865	0.0113
0ddf77d7-a2f7-4784-b327-1242fc43828d	21	37381052	38535933	1073	-0.2242
0ddf77d7-a2f7-4784-b327-1242fc43828d	21	38536193	38536597	4	-1.3718
0ddf77d7-a2f7-4784-b327-1242fc43828d	21	38538756	41116405	2237	-0.1879
0ddf77d7-a2f7-4784-b327-1242fc43828d	21	41116418	43374861	1650	0.0679
0ddf77d7-a2f7-4784-b327-1242fc43828d	21	43572694	44088680	292	-0.2332
0ddf77d7-a2f7-4784-b327-1242fc43828d	21	44095664	46677045	1380	0.1049
0ddf77d7-a2f7-4784-b327-1242fc43828d	22	15294547	15484302	11	0.124
0ddf77d7-a2f7-4784-b327-1242fc43828d	22	15570064	16415616	39	0.6073
0ddf77d7-a2f7-4784-b327-1242fc43828d	22	16438092	25608085	5509	0.0796
0ddf77d7-a2f7-4784-b327-1242fc43828d	22	25608282	29421530	3118	0.0149
0ddf77d7-a2f7-4784-b327-1242fc43828d	22	29422395	30045766	352	-0.1949
0ddf77d7-a2f7-4784-b327-1242fc43828d	22	30051345	33793079	2630	0.0188
0ddf77d7-a2f7-4784-b327-1242fc43828d	22	33795133	33796157	5	-0.8665
0ddf77d7-a2f7-4784-b327-1242fc43828d	22	33797245	38974327	3580	0.0166
0ddf77d7-a2f7-4784-b327-1242fc43828d	22	38974344	38975424	3	-1.1481
0ddf77d7-a2f7-4784-b327-1242fc43828d	22	38975824	41781449	1480	0.0027
0ddf77d7-a2f7-4784-b327-1242fc43828d	22	41782350	41784151	8	-0.9424
0ddf77d7-a2f7-4784-b327-1242fc43828d	22	41791127	49135976	5555	0.0124
0ddf77d7-a2f7-4784-b327-1242fc43828d	22	49136099	50796027	974	0.0831
0ddf77d7-a2f7-4784-b327-1242fc43828d	X	251810	2854543	144	0.1452
0ddf77d7-a2f7-4784-b327-1242fc43828d	X	2856437	2856568	2	-4.9739
0ddf77d7-a2f7-4784-b327-1242fc43828d	X	2857835	31026920	18770	0.0091
0ddf77d7-a2f7-4784-b327-1242fc43828d	X	31027934	31029911	4	-4.0787
0ddf77d7-a2f7-4784-b327-1242fc43828d	X	31034233	33016577	1505	-0.003
0ddf77d7-a2f7-4784-b327-1242fc43828d	X	33016740	33016865	2	-5.5718
0ddf77d7-a2f7-4784-b327-1242fc43828d	X	33016900	88795760	25527	0.0283
0ddf77d7-a2f7-4784-b327-1242fc43828d	X	88797128	88797597	2	-4.0649
0ddf77d7-a2f7-4784-b327-1242fc43828d	X	88798158	104013669	7603	0.0187
0ddf77d7-a2f7-4784-b327-1242fc43828d	X	104013761	104013971	2	-5.2785
0ddf77d7-a2f7-4784-b327-1242fc43828d	X	104015581	155952689	29744	0.0217
0ddf77d7-a2f7-4784-b327-1242fc43828d	Y	2782397	9332936	2228	-0.9026
0ddf77d7-a2f7-4784-b327-1242fc43828d	Y	9334069	9553097	22	-0.2026
0ddf77d7-a2f7-4784-b327-1242fc43828d	Y	9553467	20052335	3493	-0.9342
0ddf77d7-a2f7-4784-b327-1242fc43828d	Y	20052619	20304197	8	0.1115
0ddf77d7-a2f7-4784-b327-1242fc43828d	Y	20327471	56872112	888	-0.8696
