GDC_Aliquot	Chromosome	Start	End	Num_Probes	Segment_Mean
7d3181c9-e370-4462-9a2b-472a7648e966	1	62920	4830065	1846	-0.033
7d3181c9-e370-4462-9a2b-472a7648e966	1	4831543	4834084	3	-2.1497
7d3181c9-e370-4462-9a2b-472a7648e966	1	4834890	12799264	4633	0.0011
7d3181c9-e370-4462-9a2b-472a7648e966	1	12802105	12802116	3	-1.1563
7d3181c9-e370-4462-9a2b-472a7648e966	1	12802195	12832455	16	-0.013
7d3181c9-e370-4462-9a2b-472a7648e966	1	12850124	12922922	8	-0.722
7d3181c9-e370-4462-9a2b-472a7648e966	1	13012913	13119897	5	0.209
7d3181c9-e370-4462-9a2b-472a7648e966	1	13270143	13326062	3	-1.6996
7d3181c9-e370-4462-9a2b-472a7648e966	1	13338980	16542868	2112	0.007
7d3181c9-e370-4462-9a2b-472a7648e966	1	16544783	16877002	60	-0.3562
7d3181c9-e370-4462-9a2b-472a7648e966	1	16883108	25256138	5301	0.0031
7d3181c9-e370-4462-9a2b-472a7648e966	1	25256188	25320198	26	-0.564
7d3181c9-e370-4462-9a2b-472a7648e966	1	25320253	37433067	6462	0.0037
7d3181c9-e370-4462-9a2b-472a7648e966	1	37434572	37455082	7	-1.0467
7d3181c9-e370-4462-9a2b-472a7648e966	1	37455442	105476614	43224	0.0051
7d3181c9-e370-4462-9a2b-472a7648e966	1	105476688	105479753	15	1.1298
7d3181c9-e370-4462-9a2b-472a7648e966	1	105481433	109690352	2634	0.0081
7d3181c9-e370-4462-9a2b-472a7648e966	1	109690415	109697556	12	-1.7336
7d3181c9-e370-4462-9a2b-472a7648e966	1	109702376	152790502	9782	0.0052
7d3181c9-e370-4462-9a2b-472a7648e966	1	152790514	152796224	20	-0.6147
7d3181c9-e370-4462-9a2b-472a7648e966	1	152801429	169247699	11275	0.0037
7d3181c9-e370-4462-9a2b-472a7648e966	1	169264736	169272528	6	-2.1923
7d3181c9-e370-4462-9a2b-472a7648e966	1	169273163	248446755	53797	0.0082
7d3181c9-e370-4462-9a2b-472a7648e966	1	248447206	248463796	7	-1.1715
7d3181c9-e370-4462-9a2b-472a7648e966	1	248467495	248524514	10	-0.2116
7d3181c9-e370-4462-9a2b-472a7648e966	1	248524544	248633912	42	0.4195
7d3181c9-e370-4462-9a2b-472a7648e966	1	248645563	248930189	141	-0.0225
7d3181c9-e370-4462-9a2b-472a7648e966	2	12784	52512079	37093	0.0091
7d3181c9-e370-4462-9a2b-472a7648e966	2	52514599	52567004	52	0.4553
7d3181c9-e370-4462-9a2b-472a7648e966	2	52568919	146107615	53203	0.0057
7d3181c9-e370-4462-9a2b-472a7648e966	2	146107675	146109366	16	1.2314
7d3181c9-e370-4462-9a2b-472a7648e966	2	146120238	207490231	36937	0.0086
7d3181c9-e370-4462-9a2b-472a7648e966	2	207490454	207494612	16	-3.4651
7d3181c9-e370-4462-9a2b-472a7648e966	2	207494752	232328858	15823	0.0037
7d3181c9-e370-4462-9a2b-472a7648e966	2	232339649	232384486	50	-0.3535
7d3181c9-e370-4462-9a2b-472a7648e966	2	232384532	242147305	6173	-0.0037
7d3181c9-e370-4462-9a2b-472a7648e966	3	20930	2781392	2411	0.0925
7d3181c9-e370-4462-9a2b-472a7648e966	3	2782874	21690585	13804	0.0099
7d3181c9-e370-4462-9a2b-472a7648e966	3	21690594	22171206	499	0.1159
7d3181c9-e370-4462-9a2b-472a7648e966	3	22172071	59950078	23791	0.0053
7d3181c9-e370-4462-9a2b-472a7648e966	3	59950772	61035828	1220	0.092
7d3181c9-e370-4462-9a2b-472a7648e966	3	61035854	68697013	6018	-0.0005
7d3181c9-e370-4462-9a2b-472a7648e966	3	68697108	68698262	14	-1.6161
7d3181c9-e370-4462-9a2b-472a7648e966	3	68699607	84053071	9607	0.0025
7d3181c9-e370-4462-9a2b-472a7648e966	3	84056282	84057015	2	-3.5352
7d3181c9-e370-4462-9a2b-472a7648e966	3	84061816	99225754	6299	0.0154
7d3181c9-e370-4462-9a2b-472a7648e966	3	99225775	99230577	33	-0.6822
7d3181c9-e370-4462-9a2b-472a7648e966	3	99232120	125717394	16231	0.0066
7d3181c9-e370-4462-9a2b-472a7648e966	3	125724765	125747704	10	-1.1341
7d3181c9-e370-4462-9a2b-472a7648e966	3	125750578	130068356	2467	0.0012
7d3181c9-e370-4462-9a2b-472a7648e966	3	130070627	130201415	59	-0.3239
7d3181c9-e370-4462-9a2b-472a7648e966	3	130202376	146722710	10382	-0.0016
7d3181c9-e370-4462-9a2b-472a7648e966	3	146724726	147757604	547	0.0922
7d3181c9-e370-4462-9a2b-472a7648e966	3	147758085	162794951	9279	0.0051
7d3181c9-e370-4462-9a2b-472a7648e966	3	162795304	162807070	10	0.8306
7d3181c9-e370-4462-9a2b-472a7648e966	3	162810842	162822702	10	-0.9106
7d3181c9-e370-4462-9a2b-472a7648e966	3	162827928	162908207	48	0.6141
7d3181c9-e370-4462-9a2b-472a7648e966	3	162908784	165800983	1658	0.0221
7d3181c9-e370-4462-9a2b-472a7648e966	3	165801187	166150015	199	0.168
7d3181c9-e370-4462-9a2b-472a7648e966	3	166162696	173458868	4443	0.0081
7d3181c9-e370-4462-9a2b-472a7648e966	3	173458963	173829842	268	0.1636
7d3181c9-e370-4462-9a2b-472a7648e966	3	173832823	175360729	1080	0.008
7d3181c9-e370-4462-9a2b-472a7648e966	3	175362803	175363536	7	-0.9377
7d3181c9-e370-4462-9a2b-472a7648e966	3	175368999	175372453	10	-0.184
7d3181c9-e370-4462-9a2b-472a7648e966	3	175373237	175965825	378	0.1224
7d3181c9-e370-4462-9a2b-472a7648e966	3	175966471	186677324	6354	0.0097
7d3181c9-e370-4462-9a2b-472a7648e966	3	186677534	186677783	8	-0.8935
7d3181c9-e370-4462-9a2b-472a7648e966	3	186678447	193160173	4750	0.0148
7d3181c9-e370-4462-9a2b-472a7648e966	3	193160256	193165114	18	-1.7287
7d3181c9-e370-4462-9a2b-472a7648e966	3	193168646	198169247	2690	-0.0005
7d3181c9-e370-4462-9a2b-472a7648e966	4	68929	34777382	22691	0.0037
7d3181c9-e370-4462-9a2b-472a7648e966	4	34777403	34828250	42	-0.8329
7d3181c9-e370-4462-9a2b-472a7648e966	4	34828291	38992567	2983	0.006
7d3181c9-e370-4462-9a2b-472a7648e966	4	38993095	39003180	2	-1.8385
7d3181c9-e370-4462-9a2b-472a7648e966	4	39003981	40698556	892	0.0204
7d3181c9-e370-4462-9a2b-472a7648e966	4	40701994	40702175	3	-1.5516
7d3181c9-e370-4462-9a2b-472a7648e966	4	40702670	49087357	5076	0.0254
7d3181c9-e370-4462-9a2b-472a7648e966	4	49091769	49656206	32	-0.4493
7d3181c9-e370-4462-9a2b-472a7648e966	4	49656595	61071220	6056	0.0089
7d3181c9-e370-4462-9a2b-472a7648e966	4	61075217	61076234	2	1.7117
7d3181c9-e370-4462-9a2b-472a7648e966	4	61079968	63828222	1501	0.0171
7d3181c9-e370-4462-9a2b-472a7648e966	4	63831751	63850713	29	-0.3589
7d3181c9-e370-4462-9a2b-472a7648e966	4	63851308	68354665	2849	0.0255
7d3181c9-e370-4462-9a2b-472a7648e966	4	68361130	68391041	4	1.1845
7d3181c9-e370-4462-9a2b-472a7648e966	4	68394355	68478894	17	0.0805
7d3181c9-e370-4462-9a2b-472a7648e966	4	68494770	68530748	15	-2.0388
7d3181c9-e370-4462-9a2b-472a7648e966	4	68544506	68548225	8	-0.4449
7d3181c9-e370-4462-9a2b-472a7648e966	4	68554305	68620261	45	-1.9646
7d3181c9-e370-4462-9a2b-472a7648e966	4	68623617	69257792	314	0.0744
7d3181c9-e370-4462-9a2b-472a7648e966	4	69261926	69366081	54	-0.7654
7d3181c9-e370-4462-9a2b-472a7648e966	4	69366304	107130343	22882	0.0064
7d3181c9-e370-4462-9a2b-472a7648e966	4	107144594	107157215	42	-0.5276
7d3181c9-e370-4462-9a2b-472a7648e966	4	107157258	114252544	4399	0.007
7d3181c9-e370-4462-9a2b-472a7648e966	4	114254167	114261019	23	-1.7697
7d3181c9-e370-4462-9a2b-472a7648e966	4	114263073	154881396	24028	0.0097
7d3181c9-e370-4462-9a2b-472a7648e966	4	154881853	154881926	3	-3.715
7d3181c9-e370-4462-9a2b-472a7648e966	4	154882047	156035480	838	0.0015
7d3181c9-e370-4462-9a2b-472a7648e966	4	156046823	156052053	16	-0.6177
7d3181c9-e370-4462-9a2b-472a7648e966	4	156053545	171448195	9746	0.015
7d3181c9-e370-4462-9a2b-472a7648e966	4	171453733	171456625	12	-0.8625
7d3181c9-e370-4462-9a2b-472a7648e966	4	171459220	190106768	12483	0.0256
7d3181c9-e370-4462-9a2b-472a7648e966	5	15532	733497	322	-0.074
7d3181c9-e370-4462-9a2b-472a7648e966	5	741924	825538	30	-1.2413
7d3181c9-e370-4462-9a2b-472a7648e966	5	833513	12800777	9824	0.0024
7d3181c9-e370-4462-9a2b-472a7648e966	5	12815668	13169467	107	0.2381
7d3181c9-e370-4462-9a2b-472a7648e966	5	13173552	20458253	4856	0.0156
7d3181c9-e370-4462-9a2b-472a7648e966	5	20458409	20458544	3	-1.8107
7d3181c9-e370-4462-9a2b-472a7648e966	5	20458689	21449167	552	0.0235
7d3181c9-e370-4462-9a2b-472a7648e966	5	21451091	21451889	4	1.3007
7d3181c9-e370-4462-9a2b-472a7648e966	5	21452329	27605934	3585	0.0092
7d3181c9-e370-4462-9a2b-472a7648e966	5	27607964	27632193	13	-0.9697
7d3181c9-e370-4462-9a2b-472a7648e966	5	27638650	45401715	11078	0.0112
7d3181c9-e370-4462-9a2b-472a7648e966	5	45408423	50823006	565	0.093
7d3181c9-e370-4462-9a2b-472a7648e966	5	50825402	58025819	4787	0.0053
7d3181c9-e370-4462-9a2b-472a7648e966	5	58030200	58037706	32	1.8615
7d3181c9-e370-4462-9a2b-472a7648e966	5	58042530	99155237	23720	0.0092
7d3181c9-e370-4462-9a2b-472a7648e966	5	99155827	100156412	585	0.1269
7d3181c9-e370-4462-9a2b-472a7648e966	5	100160190	156049762	35938	0.0097
7d3181c9-e370-4462-9a2b-472a7648e966	5	156049910	156055719	13	-0.8574
7d3181c9-e370-4462-9a2b-472a7648e966	5	156068240	180947523	16575	0.0007
7d3181c9-e370-4462-9a2b-472a7648e966	5	180951710	180990614	16	0.7484
7d3181c9-e370-4462-9a2b-472a7648e966	5	180990660	181363319	172	0.027
7d3181c9-e370-4462-9a2b-472a7648e966	6	149661	29869295	21638	0.0059
7d3181c9-e370-4462-9a2b-472a7648e966	6	29869410	29907031	24	-1.1921
7d3181c9-e370-4462-9a2b-472a7648e966	6	29909182	30096785	107	0.0379
7d3181c9-e370-4462-9a2b-472a7648e966	6	30097080	30097639	3	-1.2437
7d3181c9-e370-4462-9a2b-472a7648e966	6	30097798	31380423	600	0.0289
7d3181c9-e370-4462-9a2b-472a7648e966	6	31380693	31380871	3	1.4445
7d3181c9-e370-4462-9a2b-472a7648e966	6	31383258	32463515	447	0.0431
7d3181c9-e370-4462-9a2b-472a7648e966	6	32463775	32827255	199	0.2892
7d3181c9-e370-4462-9a2b-472a7648e966	6	32829843	50915215	11340	0.0056
7d3181c9-e370-4462-9a2b-472a7648e966	6	50915587	50924975	3	-1.5623
7d3181c9-e370-4462-9a2b-472a7648e966	6	50925015	64627049	6433	0.0065
7d3181c9-e370-4462-9a2b-472a7648e966	6	64637651	64639099	2	-2.4694
7d3181c9-e370-4462-9a2b-472a7648e966	6	64640883	73882142	6155	0.0171
7d3181c9-e370-4462-9a2b-472a7648e966	6	73882509	73887573	8	0.9769
7d3181c9-e370-4462-9a2b-472a7648e966	6	73887625	76305231	1471	0.0071
7d3181c9-e370-4462-9a2b-472a7648e966	6	76307183	76307209	3	1.1852
7d3181c9-e370-4462-9a2b-472a7648e966	6	76307276	78259348	1295	0.0335
7d3181c9-e370-4462-9a2b-472a7648e966	6	78259388	78325223	108	-0.4382
7d3181c9-e370-4462-9a2b-472a7648e966	6	78325310	93758123	9891	0.012
7d3181c9-e370-4462-9a2b-472a7648e966	6	93758766	94970302	794	0.1204
7d3181c9-e370-4462-9a2b-472a7648e966	6	95386776	103286941	4782	0.0073
7d3181c9-e370-4462-9a2b-472a7648e966	6	103286950	103314186	48	0.8875
7d3181c9-e370-4462-9a2b-472a7648e966	6	103317795	170741917	44139	0.0075
7d3181c9-e370-4462-9a2b-472a7648e966	7	43355	88573556	54344	0.0121
7d3181c9-e370-4462-9a2b-472a7648e966	7	88573634	90043826	986	0.1312
7d3181c9-e370-4462-9a2b-472a7648e966	7	90044362	109793720	11543	0.0054
7d3181c9-e370-4462-9a2b-472a7648e966	7	109793728	109814172	39	0.4749
7d3181c9-e370-4462-9a2b-472a7648e966	7	109814214	142069880	19959	0.0087
7d3181c9-e370-4462-9a2b-472a7648e966	7	142069891	142092307	32	-0.9089
7d3181c9-e370-4462-9a2b-472a7648e966	7	142099190	156472592	9136	0.007
7d3181c9-e370-4462-9a2b-472a7648e966	7	156472643	156472881	2	-1.8276
7d3181c9-e370-4462-9a2b-472a7648e966	7	156474771	156592980	89	-0.0224
7d3181c9-e370-4462-9a2b-472a7648e966	7	156599096	156601485	4	-1.4125
7d3181c9-e370-4462-9a2b-472a7648e966	7	156602214	159334314	1624	-0.0055
7d3181c9-e370-4462-9a2b-472a7648e966	8	81254	644944	322	0.0106
7d3181c9-e370-4462-9a2b-472a7648e966	8	644973	663620	19	-0.6966
7d3181c9-e370-4462-9a2b-472a7648e966	8	667625	2679484	1509	0.0226
7d3181c9-e370-4462-9a2b-472a7648e966	8	2682544	2697541	19	0.7279
7d3181c9-e370-4462-9a2b-472a7648e966	8	2698630	5410551	3683	0.0259
7d3181c9-e370-4462-9a2b-472a7648e966	8	5412018	6152050	983	0.1147
7d3181c9-e370-4462-9a2b-472a7648e966	8	6152472	6969240	1083	0.0122
7d3181c9-e370-4462-9a2b-472a7648e966	8	6969479	6980411	8	-1.1974
7d3181c9-e370-4462-9a2b-472a7648e966	8	6982183	7358233	100	-0.0353
7d3181c9-e370-4462-9a2b-472a7648e966	8	7358321	7359530	6	0.9106
7d3181c9-e370-4462-9a2b-472a7648e966	8	7360232	8085660	43	-0.0777
7d3181c9-e370-4462-9a2b-472a7648e966	8	8101440	8110806	4	-1.6129
7d3181c9-e370-4462-9a2b-472a7648e966	8	8120447	12143614	3225	0.0214
7d3181c9-e370-4462-9a2b-472a7648e966	8	12176798	12519969	38	-0.6634
7d3181c9-e370-4462-9a2b-472a7648e966	8	12545544	16404738	3528	0.0231
7d3181c9-e370-4462-9a2b-472a7648e966	8	16404755	16417152	26	-0.9074
7d3181c9-e370-4462-9a2b-472a7648e966	8	16421186	111282417	57924	0.0077
7d3181c9-e370-4462-9a2b-472a7648e966	8	111282441	111283016	5	-2.4584
7d3181c9-e370-4462-9a2b-472a7648e966	8	111283031	114622258	1823	0.008
7d3181c9-e370-4462-9a2b-472a7648e966	8	114622325	114629502	34	-0.6776
7d3181c9-e370-4462-9a2b-472a7648e966	8	114638468	134987976	14640	0.0073
7d3181c9-e370-4462-9a2b-472a7648e966	8	134988235	134996210	6	-1.167
7d3181c9-e370-4462-9a2b-472a7648e966	8	134997251	141332583	4812	0.004
7d3181c9-e370-4462-9a2b-472a7648e966	8	141336652	141560745	109	-0.1805
7d3181c9-e370-4462-9a2b-472a7648e966	8	141560942	141561074	2	-2.3959
7d3181c9-e370-4462-9a2b-472a7648e966	8	141561123	142056317	331	-0.0559
7d3181c9-e370-4462-9a2b-472a7648e966	8	142057348	142060608	3	-2.4762
7d3181c9-e370-4462-9a2b-472a7648e966	8	142064144	145072769	1123	-0.0454
7d3181c9-e370-4462-9a2b-472a7648e966	9	46587	9294594	8865	0.0167
7d3181c9-e370-4462-9a2b-472a7648e966	9	9294996	12521813	2795	0.0855
7d3181c9-e370-4462-9a2b-472a7648e966	9	12521826	23361807	8754	0.003
7d3181c9-e370-4462-9a2b-472a7648e966	9	23363117	23380447	11	0.8249
7d3181c9-e370-4462-9a2b-472a7648e966	9	23380836	28042990	3530	0.0157
7d3181c9-e370-4462-9a2b-472a7648e966	9	28043166	30726193	1922	0.0707
7d3181c9-e370-4462-9a2b-472a7648e966	9	30728209	41639988	5374	0.0037
7d3181c9-e370-4462-9a2b-472a7648e966	9	41644133	41741096	12	-0.5734
7d3181c9-e370-4462-9a2b-472a7648e966	9	41741113	42265987	27	0.1339
7d3181c9-e370-4462-9a2b-472a7648e966	9	42279025	42574420	12	0.7437
7d3181c9-e370-4462-9a2b-472a7648e966	9	42585140	42727685	14	-0.9659
7d3181c9-e370-4462-9a2b-472a7648e966	9	42729302	68384471	249	-0.1866
7d3181c9-e370-4462-9a2b-472a7648e966	9	68388042	77154478	6494	0.0117
7d3181c9-e370-4462-9a2b-472a7648e966	9	77155482	77162488	29	0.7907
7d3181c9-e370-4462-9a2b-472a7648e966	9	77171212	138200944	41332	0.0028
7d3181c9-e370-4462-9a2b-472a7648e966	10	45792	26934974	21164	0.0053
7d3181c9-e370-4462-9a2b-472a7648e966	10	26936975	26938836	8	-1.3141
7d3181c9-e370-4462-9a2b-472a7648e966	10	26939421	30957581	3022	0.0026
7d3181c9-e370-4462-9a2b-472a7648e966	10	30962405	30962893	12	-0.6901
7d3181c9-e370-4462-9a2b-472a7648e966	10	30962956	46657149	7475	-0.0034
7d3181c9-e370-4462-9a2b-472a7648e966	10	46693480	46836986	10	-1.3316
7d3181c9-e370-4462-9a2b-472a7648e966	10	46898735	133654968	58869	0.0092
7d3181c9-e370-4462-9a2b-472a7648e966	11	198510	4217176	1729	-0.0187
7d3181c9-e370-4462-9a2b-472a7648e966	11	4217824	4314648	26	-0.712
7d3181c9-e370-4462-9a2b-472a7648e966	11	4314837	4949137	663	0.0092
7d3181c9-e370-4462-9a2b-472a7648e966	11	4950775	4961931	27	0.512
7d3181c9-e370-4462-9a2b-472a7648e966	11	4965777	5772353	790	0.003
7d3181c9-e370-4462-9a2b-472a7648e966	11	5773015	5787909	22	-0.7929
7d3181c9-e370-4462-9a2b-472a7648e966	11	5788108	18919309	9401	-0.0003
7d3181c9-e370-4462-9a2b-472a7648e966	11	18919323	18940375	45	0.3983
7d3181c9-e370-4462-9a2b-472a7648e966	11	18940441	48576870	20561	0.0065
7d3181c9-e370-4462-9a2b-472a7648e966	11	48579882	48581124	2	-1.6272
7d3181c9-e370-4462-9a2b-472a7648e966	11	48584766	50340173	724	0.037
7d3181c9-e370-4462-9a2b-472a7648e966	11	50340912	56381300	983	0.0999
7d3181c9-e370-4462-9a2b-472a7648e966	11	56381546	84752014	16004	0.0043
7d3181c9-e370-4462-9a2b-472a7648e966	11	84752036	84755239	2	-2.0136
7d3181c9-e370-4462-9a2b-472a7648e966	11	84757883	86178906	941	0.0142
7d3181c9-e370-4462-9a2b-472a7648e966	11	86179277	86187779	15	-1.0551
7d3181c9-e370-4462-9a2b-472a7648e966	11	86188770	98280934	8353	0.0095
7d3181c9-e370-4462-9a2b-472a7648e966	11	98280949	98429774	98	0.2126
7d3181c9-e370-4462-9a2b-472a7648e966	11	98430004	135074876	26357	0.0045
7d3181c9-e370-4462-9a2b-472a7648e966	12	51460	756804	415	-0.0381
7d3181c9-e370-4462-9a2b-472a7648e966	12	759943	764338	16	-0.7176
7d3181c9-e370-4462-9a2b-472a7648e966	12	764778	8404097	5158	-0.0001
7d3181c9-e370-4462-9a2b-472a7648e966	12	8405892	8428232	16	-0.7662
7d3181c9-e370-4462-9a2b-472a7648e966	12	8428347	9575696	582	-0.0041
7d3181c9-e370-4462-9a2b-472a7648e966	12	9582373	9582374	2	-1.4162
7d3181c9-e370-4462-9a2b-472a7648e966	12	9583090	11061546	1030	0.0187
7d3181c9-e370-4462-9a2b-472a7648e966	12	11062773	11074314	7	-0.8518
7d3181c9-e370-4462-9a2b-472a7648e966	12	11078856	11358644	139	0.07
7d3181c9-e370-4462-9a2b-472a7648e966	12	11359558	11399258	30	-0.7331
7d3181c9-e370-4462-9a2b-472a7648e966	12	11399668	33132119	15359	0.0028
7d3181c9-e370-4462-9a2b-472a7648e966	12	33136024	34156850	657	0.1069
7d3181c9-e370-4462-9a2b-472a7648e966	12	34159654	99398036	38638	0.0048
7d3181c9-e370-4462-9a2b-472a7648e966	12	99401515	99404956	31	-0.5917
7d3181c9-e370-4462-9a2b-472a7648e966	12	99409315	133201603	22689	0.002
7d3181c9-e370-4462-9a2b-472a7648e966	13	18452809	18623776	19	-0.6868
7d3181c9-e370-4462-9a2b-472a7648e966	13	18631944	18741033	50	-0.0249
7d3181c9-e370-4462-9a2b-472a7648e966	13	18744226	18824667	10	-0.9522
7d3181c9-e370-4462-9a2b-472a7648e966	13	18825840	23055048	2775	0.0098
7d3181c9-e370-4462-9a2b-472a7648e966	13	23055071	23073661	28	-0.3534
7d3181c9-e370-4462-9a2b-472a7648e966	13	23077486	35792945	9361	0.0067
7d3181c9-e370-4462-9a2b-472a7648e966	13	35794101	35796174	3	-1.6335
7d3181c9-e370-4462-9a2b-472a7648e966	13	35796215	37496998	1226	0.0037
7d3181c9-e370-4462-9a2b-472a7648e966	13	37497899	37501828	4	-1.0193
7d3181c9-e370-4462-9a2b-472a7648e966	13	37502130	37510620	12	-2.8816
7d3181c9-e370-4462-9a2b-472a7648e966	13	37514193	69813854	20183	0.0152
7d3181c9-e370-4462-9a2b-472a7648e966	13	69815320	69823114	4	-1.4927
7d3181c9-e370-4462-9a2b-472a7648e966	13	69823252	92734133	14883	0.0076
7d3181c9-e370-4462-9a2b-472a7648e966	13	92736728	92737195	2	-2.5765
7d3181c9-e370-4462-9a2b-472a7648e966	13	92738713	114342922	15537	0.0071
7d3181c9-e370-4462-9a2b-472a7648e966	14	18239283	19049265	31	-0.1275
7d3181c9-e370-4462-9a2b-472a7648e966	14	19078442	19955213	135	-0.4113
7d3181c9-e370-4462-9a2b-472a7648e966	14	19956767	22264519	1656	0.0243
7d3181c9-e370-4462-9a2b-472a7648e966	14	22264595	22264736	2	-1.8087
7d3181c9-e370-4462-9a2b-472a7648e966	14	22264894	68784198	29290	0.0049
7d3181c9-e370-4462-9a2b-472a7648e966	14	68792160	68796624	2	-1.7863
7d3181c9-e370-4462-9a2b-472a7648e966	14	68796882	73534419	3097	-0.0023
7d3181c9-e370-4462-9a2b-472a7648e966	14	73540003	73563211	10	0.8669
7d3181c9-e370-4462-9a2b-472a7648e966	14	73564027	82834478	6096	-0.0009
7d3181c9-e370-4462-9a2b-472a7648e966	14	82834764	82835658	2	-2.1632
7d3181c9-e370-4462-9a2b-472a7648e966	14	82837989	105505557	14511	0.0039
7d3181c9-e370-4462-9a2b-472a7648e966	14	105514370	106300266	226	-0.2058
7d3181c9-e370-4462-9a2b-472a7648e966	14	106300707	106877229	293	0.0551
7d3181c9-e370-4462-9a2b-472a7648e966	15	19811075	20060725	52	-0.0516
7d3181c9-e370-4462-9a2b-472a7648e966	15	20062609	22413894	157	0.5672
7d3181c9-e370-4462-9a2b-472a7648e966	15	22455811	24429604	991	-0.0066
7d3181c9-e370-4462-9a2b-472a7648e966	15	24429740	24480146	34	-0.6884
7d3181c9-e370-4462-9a2b-472a7648e966	15	24482084	30077828	3592	0.0048
7d3181c9-e370-4462-9a2b-472a7648e966	15	30094208	30633402	41	-1.0073
7d3181c9-e370-4462-9a2b-472a7648e966	15	30638297	57789074	17110	0.0033
7d3181c9-e370-4462-9a2b-472a7648e966	15	57789648	57791230	3	-1.8112
7d3181c9-e370-4462-9a2b-472a7648e966	15	57796193	65521764	5363	0.012
7d3181c9-e370-4462-9a2b-472a7648e966	15	65524604	65526049	3	-2.9746
7d3181c9-e370-4462-9a2b-472a7648e966	15	65530196	76586021	6534	0.0041
7d3181c9-e370-4462-9a2b-472a7648e966	15	76598900	76603432	20	0.7717
7d3181c9-e370-4462-9a2b-472a7648e966	15	76603433	101928837	17595	-0.0006
7d3181c9-e370-4462-9a2b-472a7648e966	16	10777	19933041	13455	-0.0004
7d3181c9-e370-4462-9a2b-472a7648e966	16	19934328	19958932	30	-1.0446
7d3181c9-e370-4462-9a2b-472a7648e966	16	19959168	75093984	24920	0.0012
7d3181c9-e370-4462-9a2b-472a7648e966	16	75095977	75096271	2	-2.3698
7d3181c9-e370-4462-9a2b-472a7648e966	16	75100774	78337711	2798	0.0123
7d3181c9-e370-4462-9a2b-472a7648e966	16	78338543	78350841	15	-2.9778
7d3181c9-e370-4462-9a2b-472a7648e966	16	78350868	90096867	10599	-0.0027
7d3181c9-e370-4462-9a2b-472a7648e966	17	150733	14229461	8887	0.0037
7d3181c9-e370-4462-9a2b-472a7648e966	17	14231324	14754327	456	0.1044
7d3181c9-e370-4462-9a2b-472a7648e966	17	14756397	18452078	2034	0.0125
7d3181c9-e370-4462-9a2b-472a7648e966	17	18455632	18550123	24	-2.064
7d3181c9-e370-4462-9a2b-472a7648e966	17	18561272	41265456	9391	0.0077
7d3181c9-e370-4462-9a2b-472a7648e966	17	41266762	41274279	24	1.077
7d3181c9-e370-4462-9a2b-472a7648e966	17	41276472	52920896	6215	0.0008
7d3181c9-e370-4462-9a2b-472a7648e966	17	52923596	53232116	200	0.1356
7d3181c9-e370-4462-9a2b-472a7648e966	17	53232210	83091923	17740	-0.0038
7d3181c9-e370-4462-9a2b-472a7648e966	18	48133	40680516	22770	0.0069
7d3181c9-e370-4462-9a2b-472a7648e966	18	40680526	40688060	15	0.9761
7d3181c9-e370-4462-9a2b-472a7648e966	18	40689534	42476604	1216	0.0225
7d3181c9-e370-4462-9a2b-472a7648e966	18	42476636	42478430	25	-0.7833
7d3181c9-e370-4462-9a2b-472a7648e966	18	42480972	71431555	20121	0.0074
7d3181c9-e370-4462-9a2b-472a7648e966	18	71431588	73601774	1713	0.1176
7d3181c9-e370-4462-9a2b-472a7648e966	18	73603061	80119477	4753	0.0015
7d3181c9-e370-4462-9a2b-472a7648e966	18	80119835	80124685	2	-1.9845
7d3181c9-e370-4462-9a2b-472a7648e966	18	80126942	80257174	79	-0.0176
7d3181c9-e370-4462-9a2b-472a7648e966	19	90910	42782612	20381	0.0009
7d3181c9-e370-4462-9a2b-472a7648e966	19	42783304	42878962	38	0.4721
7d3181c9-e370-4462-9a2b-472a7648e966	19	42879062	53009562	5253	-0.0079
7d3181c9-e370-4462-9a2b-472a7648e966	19	53010259	53043602	24	0.5424
7d3181c9-e370-4462-9a2b-472a7648e966	19	53044108	54815158	1076	0.0107
7d3181c9-e370-4462-9a2b-472a7648e966	19	54819199	54823756	5	-1.6823
7d3181c9-e370-4462-9a2b-472a7648e966	19	54824051	55771003	451	-0.0136
7d3181c9-e370-4462-9a2b-472a7648e966	19	55771169	55771701	3	-3.3186
7d3181c9-e370-4462-9a2b-472a7648e966	19	55774927	58586487	1836	-0.0203
7d3181c9-e370-4462-9a2b-472a7648e966	20	80664	80907	8	-0.8281
7d3181c9-e370-4462-9a2b-472a7648e966	20	80941	1580934	1194	-0.0124
7d3181c9-e370-4462-9a2b-472a7648e966	20	1581021	1613203	39	-0.839
7d3181c9-e370-4462-9a2b-472a7648e966	20	1613247	63085149	40618	0.0062
7d3181c9-e370-4462-9a2b-472a7648e966	20	63085763	64324800	474	-0.1161
7d3181c9-e370-4462-9a2b-472a7648e966	21	10354168	46677045	23832	0.0046
7d3181c9-e370-4462-9a2b-472a7648e966	22	15294547	25310951	5226	-0.0147
7d3181c9-e370-4462-9a2b-472a7648e966	22	25315890	25325827	11	-0.8858
7d3181c9-e370-4462-9a2b-472a7648e966	22	25325879	42517914	11890	-0.0012
7d3181c9-e370-4462-9a2b-472a7648e966	22	42518968	42559782	18	-0.5403
7d3181c9-e370-4462-9a2b-472a7648e966	22	42561282	50796027	6082	0.0006
7d3181c9-e370-4462-9a2b-472a7648e966	X	251810	24993111	15121	0.0119
7d3181c9-e370-4462-9a2b-472a7648e966	X	24993257	24993494	2	-4.2154
7d3181c9-e370-4462-9a2b-472a7648e966	X	24993890	103999203	38434	0.0169
7d3181c9-e370-4462-9a2b-472a7648e966	X	104003417	104013971	18	0.885
7d3181c9-e370-4462-9a2b-472a7648e966	X	104015581	104016362	8	0.124
7d3181c9-e370-4462-9a2b-472a7648e966	X	104021983	104050707	30	0.9593
7d3181c9-e370-4462-9a2b-472a7648e966	X	104050744	121625468	9620	0.0131
7d3181c9-e370-4462-9a2b-472a7648e966	X	121626426	121629402	2	-5.4024
7d3181c9-e370-4462-9a2b-472a7648e966	X	121629577	155952689	20059	0.0088
7d3181c9-e370-4462-9a2b-472a7648e966	Y	2782397	56872112	6639	-0.9105
