GDC_Aliquot	Chromosome	Start	End	Num_Probes	Segment_Mean
299de794-ec9b-44cc-b2e0-8a3709eabf4d	1	62920	16679483	8679	0.0062
299de794-ec9b-44cc-b2e0-8a3709eabf4d	1	16685961	16721984	9	0.6959
299de794-ec9b-44cc-b2e0-8a3709eabf4d	1	16766762	16785682	11	-0.1033
299de794-ec9b-44cc-b2e0-8a3709eabf4d	1	16787932	16935752	58	0.6539
299de794-ec9b-44cc-b2e0-8a3709eabf4d	1	16949746	54624527	21287	0.0069
299de794-ec9b-44cc-b2e0-8a3709eabf4d	1	54627618	54628716	2	-2.0918
299de794-ec9b-44cc-b2e0-8a3709eabf4d	1	54630777	64961923	7932	0.0026
299de794-ec9b-44cc-b2e0-8a3709eabf4d	1	64963532	64964291	7	-0.6697
299de794-ec9b-44cc-b2e0-8a3709eabf4d	1	64969380	72323042	4807	0.0061
299de794-ec9b-44cc-b2e0-8a3709eabf4d	1	72323161	72345465	27	-0.5403
299de794-ec9b-44cc-b2e0-8a3709eabf4d	1	72346221	112147704	25568	0.0084
299de794-ec9b-44cc-b2e0-8a3709eabf4d	1	112153343	112154768	25	-2.1284
299de794-ec9b-44cc-b2e0-8a3709eabf4d	1	112163334	120385535	5063	0.0082
299de794-ec9b-44cc-b2e0-8a3709eabf4d	1	120414592	120885477	3	0.7352
299de794-ec9b-44cc-b2e0-8a3709eabf4d	1	120954128	121705338	96	0.0909
299de794-ec9b-44cc-b2e0-8a3709eabf4d	1	143459641	143547196	9	0.5367
299de794-ec9b-44cc-b2e0-8a3709eabf4d	1	143547211	143748012	89	0.1296
299de794-ec9b-44cc-b2e0-8a3709eabf4d	1	143748074	143754062	15	0.5159
299de794-ec9b-44cc-b2e0-8a3709eabf4d	1	143754077	226425248	51984	0.0067
299de794-ec9b-44cc-b2e0-8a3709eabf4d	1	226425532	226425698	2	-2.1391
299de794-ec9b-44cc-b2e0-8a3709eabf4d	1	226428251	245273498	13566	0.0007
299de794-ec9b-44cc-b2e0-8a3709eabf4d	1	245275905	245279235	5	-1.0358
299de794-ec9b-44cc-b2e0-8a3709eabf4d	1	245282597	248633912	2209	0.0209
299de794-ec9b-44cc-b2e0-8a3709eabf4d	1	248645563	248645808	2	-1.8031
299de794-ec9b-44cc-b2e0-8a3709eabf4d	1	248646068	248930189	139	0.0435
299de794-ec9b-44cc-b2e0-8a3709eabf4d	2	12784	3680971	2568	0.0048
299de794-ec9b-44cc-b2e0-8a3709eabf4d	2	3684956	3688948	5	-0.9643
299de794-ec9b-44cc-b2e0-8a3709eabf4d	2	3694481	34017173	21151	0.0086
299de794-ec9b-44cc-b2e0-8a3709eabf4d	2	34017717	34274343	240	0.6364
299de794-ec9b-44cc-b2e0-8a3709eabf4d	2	34277139	35742970	1043	0.0325
299de794-ec9b-44cc-b2e0-8a3709eabf4d	2	35750907	35762850	7	-1.7721
299de794-ec9b-44cc-b2e0-8a3709eabf4d	2	35762881	52527330	12127	0.0087
299de794-ec9b-44cc-b2e0-8a3709eabf4d	2	52527342	52554404	39	-2.7459
299de794-ec9b-44cc-b2e0-8a3709eabf4d	2	52560811	87074984	21993	0.011
299de794-ec9b-44cc-b2e0-8a3709eabf4d	2	87079825	87117615	9	-0.2753
299de794-ec9b-44cc-b2e0-8a3709eabf4d	2	87134049	87696853	115	0.5543
299de794-ec9b-44cc-b2e0-8a3709eabf4d	2	87725148	95050220	970	0.0286
299de794-ec9b-44cc-b2e0-8a3709eabf4d	2	95065229	95071934	6	-0.7843
299de794-ec9b-44cc-b2e0-8a3709eabf4d	2	95072306	122719438	15833	0.0062
299de794-ec9b-44cc-b2e0-8a3709eabf4d	2	122722323	122724665	8	-2.3364
299de794-ec9b-44cc-b2e0-8a3709eabf4d	2	122726077	134454009	7134	0.0235
299de794-ec9b-44cc-b2e0-8a3709eabf4d	2	134454671	134455248	4	-0.9712
299de794-ec9b-44cc-b2e0-8a3709eabf4d	2	134455685	146104517	7187	0.0069
299de794-ec9b-44cc-b2e0-8a3709eabf4d	2	146106836	146109366	24	-1.75
299de794-ec9b-44cc-b2e0-8a3709eabf4d	2	146120238	193823021	28869	0.0041
299de794-ec9b-44cc-b2e0-8a3709eabf4d	2	193825580	193829074	2	1.3738
299de794-ec9b-44cc-b2e0-8a3709eabf4d	2	193837590	242147305	30196	0.0071
299de794-ec9b-44cc-b2e0-8a3709eabf4d	3	20930	16197556	12896	0.0176
299de794-ec9b-44cc-b2e0-8a3709eabf4d	3	16199049	16199672	6	-3.773
299de794-ec9b-44cc-b2e0-8a3709eabf4d	3	16199818	22520368	4133	0.0064
299de794-ec9b-44cc-b2e0-8a3709eabf4d	3	22520529	22521102	6	-0.7346
299de794-ec9b-44cc-b2e0-8a3709eabf4d	3	22521928	22678735	105	0.0129
299de794-ec9b-44cc-b2e0-8a3709eabf4d	3	22678829	22681577	4	-0.9303
299de794-ec9b-44cc-b2e0-8a3709eabf4d	3	22681610	31461468	6396	0.0048
299de794-ec9b-44cc-b2e0-8a3709eabf4d	3	31461540	31462228	4	-1.7157
299de794-ec9b-44cc-b2e0-8a3709eabf4d	3	31463464	36633435	3247	0.0091
299de794-ec9b-44cc-b2e0-8a3709eabf4d	3	36635655	36635994	2	1.2263
299de794-ec9b-44cc-b2e0-8a3709eabf4d	3	36638791	41384385	3193	0.0036
299de794-ec9b-44cc-b2e0-8a3709eabf4d	3	41386178	41386655	2	-1.2883
299de794-ec9b-44cc-b2e0-8a3709eabf4d	3	41387267	41554063	99	0.014
299de794-ec9b-44cc-b2e0-8a3709eabf4d	3	41558280	41558836	4	-0.839
299de794-ec9b-44cc-b2e0-8a3709eabf4d	3	41562962	47437019	3401	0.0029
299de794-ec9b-44cc-b2e0-8a3709eabf4d	3	47450332	47455724	3	0.9824
299de794-ec9b-44cc-b2e0-8a3709eabf4d	3	47463359	59725191	6806	0.001
299de794-ec9b-44cc-b2e0-8a3709eabf4d	3	59725291	61059420	1494	0.0521
299de794-ec9b-44cc-b2e0-8a3709eabf4d	3	61059876	80383223	13675	0.0044
299de794-ec9b-44cc-b2e0-8a3709eabf4d	3	80387646	80388124	2	-1.2554
299de794-ec9b-44cc-b2e0-8a3709eabf4d	3	80388436	82059630	941	-0.0109
299de794-ec9b-44cc-b2e0-8a3709eabf4d	3	82062201	82064038	3	-0.9034
299de794-ec9b-44cc-b2e0-8a3709eabf4d	3	82064741	82815398	427	0.004
299de794-ec9b-44cc-b2e0-8a3709eabf4d	3	82823628	82823892	6	-0.736
299de794-ec9b-44cc-b2e0-8a3709eabf4d	3	82831894	95830195	5061	0.0069
299de794-ec9b-44cc-b2e0-8a3709eabf4d	3	95830412	95832603	2	-1.4249
299de794-ec9b-44cc-b2e0-8a3709eabf4d	3	95833797	104193197	4646	0.0111
299de794-ec9b-44cc-b2e0-8a3709eabf4d	3	104194587	104195913	2	-1.5043
299de794-ec9b-44cc-b2e0-8a3709eabf4d	3	104195983	128710537	15297	0.0068
299de794-ec9b-44cc-b2e0-8a3709eabf4d	3	128711771	128712082	3	-1.1355
299de794-ec9b-44cc-b2e0-8a3709eabf4d	3	128714553	130047743	606	-0.002
299de794-ec9b-44cc-b2e0-8a3709eabf4d	3	130057015	130087393	36	0.3929
299de794-ec9b-44cc-b2e0-8a3709eabf4d	3	130088081	136300257	4030	0.0072
299de794-ec9b-44cc-b2e0-8a3709eabf4d	3	136304109	136306584	2	-2.4641
299de794-ec9b-44cc-b2e0-8a3709eabf4d	3	136319699	162490631	16033	0.0096
299de794-ec9b-44cc-b2e0-8a3709eabf4d	3	162498841	162506045	23	-0.7757
299de794-ec9b-44cc-b2e0-8a3709eabf4d	3	162506177	162509171	8	-0.3143
299de794-ec9b-44cc-b2e0-8a3709eabf4d	3	162518746	162790480	171	0.014
299de794-ec9b-44cc-b2e0-8a3709eabf4d	3	162794869	162898127	64	-1.2649
299de794-ec9b-44cc-b2e0-8a3709eabf4d	3	162906054	189642965	16675	0.0096
299de794-ec9b-44cc-b2e0-8a3709eabf4d	3	189645889	189646849	11	-3.2333
299de794-ec9b-44cc-b2e0-8a3709eabf4d	3	189653199	193160173	2494	0.0153
299de794-ec9b-44cc-b2e0-8a3709eabf4d	3	193160256	193163053	10	-0.5001
299de794-ec9b-44cc-b2e0-8a3709eabf4d	3	193164615	195663809	1494	-0.0055
299de794-ec9b-44cc-b2e0-8a3709eabf4d	3	195673928	195730018	32	0.369
299de794-ec9b-44cc-b2e0-8a3709eabf4d	3	195733825	198169247	1176	0.0205
299de794-ec9b-44cc-b2e0-8a3709eabf4d	4	68929	3884081	1569	-0.0045
299de794-ec9b-44cc-b2e0-8a3709eabf4d	4	3896017	4091837	50	0.2582
299de794-ec9b-44cc-b2e0-8a3709eabf4d	4	4093722	8722817	3482	0.0028
299de794-ec9b-44cc-b2e0-8a3709eabf4d	4	9370577	9430168	45	0.4951
299de794-ec9b-44cc-b2e0-8a3709eabf4d	4	9430272	9444321	9	-0.4819
299de794-ec9b-44cc-b2e0-8a3709eabf4d	4	9445117	9484440	12	0.9562
299de794-ec9b-44cc-b2e0-8a3709eabf4d	4	9494650	10221792	541	0.0219
299de794-ec9b-44cc-b2e0-8a3709eabf4d	4	10222004	10232590	28	0.9846
299de794-ec9b-44cc-b2e0-8a3709eabf4d	4	10232642	15190720	3998	0.0025
299de794-ec9b-44cc-b2e0-8a3709eabf4d	4	15191250	15191498	3	-1.3324
299de794-ec9b-44cc-b2e0-8a3709eabf4d	4	15194715	19086782	2727	0.0053
299de794-ec9b-44cc-b2e0-8a3709eabf4d	4	19086936	19122609	36	-1.1437
299de794-ec9b-44cc-b2e0-8a3709eabf4d	4	19125286	21370946	1453	0.0065
299de794-ec9b-44cc-b2e0-8a3709eabf4d	4	21370961	21371022	3	1.3299
299de794-ec9b-44cc-b2e0-8a3709eabf4d	4	21375114	63827261	25354	0.007
299de794-ec9b-44cc-b2e0-8a3709eabf4d	4	63828222	63832110	7	-0.6551
299de794-ec9b-44cc-b2e0-8a3709eabf4d	4	63839438	63840033	13	-0.1957
299de794-ec9b-44cc-b2e0-8a3709eabf4d	4	63841863	63842540	8	-0.8151
299de794-ec9b-44cc-b2e0-8a3709eabf4d	4	63850713	68378716	2852	0.0032
299de794-ec9b-44cc-b2e0-8a3709eabf4d	4	68389352	68422424	10	-1.3198
299de794-ec9b-44cc-b2e0-8a3709eabf4d	4	68429081	68478894	9	0.001
299de794-ec9b-44cc-b2e0-8a3709eabf4d	4	68494770	68639397	69	-0.5766
299de794-ec9b-44cc-b2e0-8a3709eabf4d	4	68640616	68655691	2	0.3185
299de794-ec9b-44cc-b2e0-8a3709eabf4d	4	68663241	68686026	4	-1.8431
299de794-ec9b-44cc-b2e0-8a3709eabf4d	4	68725894	69132665	249	0.0294
299de794-ec9b-44cc-b2e0-8a3709eabf4d	4	69135846	69428422	143	0.166
299de794-ec9b-44cc-b2e0-8a3709eabf4d	4	69428887	114252544	27296	0.0044
299de794-ec9b-44cc-b2e0-8a3709eabf4d	4	114254167	114263073	24	0.7073
299de794-ec9b-44cc-b2e0-8a3709eabf4d	4	114263096	115244948	610	0.0082
299de794-ec9b-44cc-b2e0-8a3709eabf4d	4	115251455	115254098	11	-0.8616
299de794-ec9b-44cc-b2e0-8a3709eabf4d	4	115254152	115259214	15	-0.3536
299de794-ec9b-44cc-b2e0-8a3709eabf4d	4	115259399	154881396	23398	0.003
299de794-ec9b-44cc-b2e0-8a3709eabf4d	4	154881853	154881905	2	-2.4382
299de794-ec9b-44cc-b2e0-8a3709eabf4d	4	154881926	156047028	841	-0.0001
299de794-ec9b-44cc-b2e0-8a3709eabf4d	4	156047131	156047146	2	1.3093
299de794-ec9b-44cc-b2e0-8a3709eabf4d	4	156047321	160958989	3076	-0.0042
299de794-ec9b-44cc-b2e0-8a3709eabf4d	4	160959045	160963806	20	-0.6901
299de794-ec9b-44cc-b2e0-8a3709eabf4d	4	160963815	171448195	6666	0.0042
299de794-ec9b-44cc-b2e0-8a3709eabf4d	4	171453733	171456625	12	0.9924
299de794-ec9b-44cc-b2e0-8a3709eabf4d	4	171459220	182647519	7531	0.0108
299de794-ec9b-44cc-b2e0-8a3709eabf4d	4	182650187	182651199	3	-1.0514
299de794-ec9b-44cc-b2e0-8a3709eabf4d	4	182651237	188515761	4018	0.0178
299de794-ec9b-44cc-b2e0-8a3709eabf4d	4	188515932	188516256	8	-0.9184
299de794-ec9b-44cc-b2e0-8a3709eabf4d	4	188518718	188565354	43	0.0985
299de794-ec9b-44cc-b2e0-8a3709eabf4d	4	188566644	188566986	3	-1.7062
299de794-ec9b-44cc-b2e0-8a3709eabf4d	4	188566999	190106768	879	0.0407
299de794-ec9b-44cc-b2e0-8a3709eabf4d	5	15532	733497	322	0.0089
299de794-ec9b-44cc-b2e0-8a3709eabf4d	5	741924	808932	16	-0.3648
299de794-ec9b-44cc-b2e0-8a3709eabf4d	5	817735	825192	13	-1.2605
299de794-ec9b-44cc-b2e0-8a3709eabf4d	5	825538	46271828	30318	0.0055
299de794-ec9b-44cc-b2e0-8a3709eabf4d	5	46272419	46273400	5	-2.3184
299de794-ec9b-44cc-b2e0-8a3709eabf4d	5	46278110	58033288	5079	0.0147
299de794-ec9b-44cc-b2e0-8a3709eabf4d	5	58033703	58037128	25	-0.353
299de794-ec9b-44cc-b2e0-8a3709eabf4d	5	58037466	98537448	23374	0.0053
299de794-ec9b-44cc-b2e0-8a3709eabf4d	5	98539024	100746651	1269	0.0583
299de794-ec9b-44cc-b2e0-8a3709eabf4d	5	100746666	104515520	2194	0.0088
299de794-ec9b-44cc-b2e0-8a3709eabf4d	5	104524672	104524903	4	-1.4078
299de794-ec9b-44cc-b2e0-8a3709eabf4d	5	104525348	106744754	1306	0.0083
299de794-ec9b-44cc-b2e0-8a3709eabf4d	5	106744817	106928028	149	0.1298
299de794-ec9b-44cc-b2e0-8a3709eabf4d	5	106929424	154188175	30703	0.0038
299de794-ec9b-44cc-b2e0-8a3709eabf4d	5	154193531	154194378	3	1.0262
299de794-ec9b-44cc-b2e0-8a3709eabf4d	5	154195212	177771448	16093	0.0026
299de794-ec9b-44cc-b2e0-8a3709eabf4d	5	177800550	177805604	3	1.8277
299de794-ec9b-44cc-b2e0-8a3709eabf4d	5	177827964	180951888	1797	0.005
299de794-ec9b-44cc-b2e0-8a3709eabf4d	5	180953203	181006225	18	-0.8382
299de794-ec9b-44cc-b2e0-8a3709eabf4d	5	181006264	181363319	169	-0.002
299de794-ec9b-44cc-b2e0-8a3709eabf4d	6	149661	303017	126	0.0057
299de794-ec9b-44cc-b2e0-8a3709eabf4d	6	303121	379015	74	-0.3842
299de794-ec9b-44cc-b2e0-8a3709eabf4d	6	380821	32485152	22642	0.0086
299de794-ec9b-44cc-b2e0-8a3709eabf4d	6	32486498	32486746	2	-1.5906
299de794-ec9b-44cc-b2e0-8a3709eabf4d	6	32488906	32656527	55	0.0437
299de794-ec9b-44cc-b2e0-8a3709eabf4d	6	32656814	32658841	5	-1.8653
299de794-ec9b-44cc-b2e0-8a3709eabf4d	6	32682835	48963228	10391	0.003
299de794-ec9b-44cc-b2e0-8a3709eabf4d	6	48964092	48967338	3	-1.0252
299de794-ec9b-44cc-b2e0-8a3709eabf4d	6	48967442	57975319	5340	0.0028
299de794-ec9b-44cc-b2e0-8a3709eabf4d	6	57977452	61603245	587	0.0803
299de794-ec9b-44cc-b2e0-8a3709eabf4d	6	61607085	66328153	2752	0.0097
299de794-ec9b-44cc-b2e0-8a3709eabf4d	6	66331020	66333342	8	-0.671
299de794-ec9b-44cc-b2e0-8a3709eabf4d	6	66333465	73882142	5012	0.0105
299de794-ec9b-44cc-b2e0-8a3709eabf4d	6	73882509	73891694	10	0.8768
299de794-ec9b-44cc-b2e0-8a3709eabf4d	6	73893839	75925657	1239	0.0122
299de794-ec9b-44cc-b2e0-8a3709eabf4d	6	75926200	75926420	2	-1.2947
299de794-ec9b-44cc-b2e0-8a3709eabf4d	6	75928895	85992372	6453	0.0073
299de794-ec9b-44cc-b2e0-8a3709eabf4d	6	85996191	85996204	2	-1.5714
299de794-ec9b-44cc-b2e0-8a3709eabf4d	6	85998530	92767006	4326	0.0009
299de794-ec9b-44cc-b2e0-8a3709eabf4d	6	92767320	92770334	2	-1.1866
299de794-ec9b-44cc-b2e0-8a3709eabf4d	6	92770743	93804556	783	-0.0096
299de794-ec9b-44cc-b2e0-8a3709eabf4d	6	93808399	95393356	768	0.0706
299de794-ec9b-44cc-b2e0-8a3709eabf4d	6	95393618	113900791	11497	-0.0005
299de794-ec9b-44cc-b2e0-8a3709eabf4d	6	113903677	113903852	2	-2.4717
299de794-ec9b-44cc-b2e0-8a3709eabf4d	6	113904647	143511463	18527	0.0046
299de794-ec9b-44cc-b2e0-8a3709eabf4d	6	143511689	143513413	4	-0.9102
299de794-ec9b-44cc-b2e0-8a3709eabf4d	6	143513503	153636235	7050	0.0074
299de794-ec9b-44cc-b2e0-8a3709eabf4d	6	153639651	153640284	2	-3.2632
299de794-ec9b-44cc-b2e0-8a3709eabf4d	6	153640764	154046988	297	0.013
299de794-ec9b-44cc-b2e0-8a3709eabf4d	6	154047032	154047412	2	-1.9294
299de794-ec9b-44cc-b2e0-8a3709eabf4d	6	154047651	167187860	9510	0.0041
299de794-ec9b-44cc-b2e0-8a3709eabf4d	6	167194108	167199775	3	1.2082
299de794-ec9b-44cc-b2e0-8a3709eabf4d	6	167200616	168134835	379	-0.001
299de794-ec9b-44cc-b2e0-8a3709eabf4d	6	168136807	168139846	3	-1.2465
299de794-ec9b-44cc-b2e0-8a3709eabf4d	6	168141217	170741917	1721	0.0075
299de794-ec9b-44cc-b2e0-8a3709eabf4d	7	43355	148300	90	0.0088
299de794-ec9b-44cc-b2e0-8a3709eabf4d	7	155066	158626	10	-0.9721
299de794-ec9b-44cc-b2e0-8a3709eabf4d	7	161442	4634827	2417	0.0136
299de794-ec9b-44cc-b2e0-8a3709eabf4d	7	4644145	4644243	3	-1.0548
299de794-ec9b-44cc-b2e0-8a3709eabf4d	7	4645497	13939831	6692	0.0206
299de794-ec9b-44cc-b2e0-8a3709eabf4d	7	13940600	13940991	5	-1.006
299de794-ec9b-44cc-b2e0-8a3709eabf4d	7	13942460	16130033	1774	0.0144
299de794-ec9b-44cc-b2e0-8a3709eabf4d	7	16131935	16132634	2	1.3558
299de794-ec9b-44cc-b2e0-8a3709eabf4d	7	16137216	17050494	736	0.0266
299de794-ec9b-44cc-b2e0-8a3709eabf4d	7	17054199	17056704	9	-1.1076
299de794-ec9b-44cc-b2e0-8a3709eabf4d	7	17059426	38258234	15627	0.0104
299de794-ec9b-44cc-b2e0-8a3709eabf4d	7	38258721	38339129	113	-0.3086
299de794-ec9b-44cc-b2e0-8a3709eabf4d	7	38342370	46577238	5272	0.007
299de794-ec9b-44cc-b2e0-8a3709eabf4d	7	46577928	46578120	3	-1.1894
299de794-ec9b-44cc-b2e0-8a3709eabf4d	7	46580160	46713282	112	0.0562
299de794-ec9b-44cc-b2e0-8a3709eabf4d	7	46713431	55909236	6830	-0.0026
299de794-ec9b-44cc-b2e0-8a3709eabf4d	7	55915137	65539576	1984	0.0388
299de794-ec9b-44cc-b2e0-8a3709eabf4d	7	65560736	65561579	2	-2.2832
299de794-ec9b-44cc-b2e0-8a3709eabf4d	7	65586825	70955452	2925	0.0146
299de794-ec9b-44cc-b2e0-8a3709eabf4d	7	70958264	70961155	2	-2.208
299de794-ec9b-44cc-b2e0-8a3709eabf4d	7	70963257	76514506	2140	0.006
299de794-ec9b-44cc-b2e0-8a3709eabf4d	7	76514522	77174714	195	0.1232
299de794-ec9b-44cc-b2e0-8a3709eabf4d	7	77175162	86604868	6326	0.0045
299de794-ec9b-44cc-b2e0-8a3709eabf4d	7	86605569	86615167	8	-1.0639
299de794-ec9b-44cc-b2e0-8a3709eabf4d	7	86615738	88738641	1225	0.0058
299de794-ec9b-44cc-b2e0-8a3709eabf4d	7	88738903	90197414	978	0.0816
299de794-ec9b-44cc-b2e0-8a3709eabf4d	7	90207467	109793741	11435	0.0008
299de794-ec9b-44cc-b2e0-8a3709eabf4d	7	109797035	109797042	6	-1.5845
299de794-ec9b-44cc-b2e0-8a3709eabf4d	7	109797043	109797715	9	-0.8826
299de794-ec9b-44cc-b2e0-8a3709eabf4d	7	109797717	109801155	9	-0.011
299de794-ec9b-44cc-b2e0-8a3709eabf4d	7	109801187	109813853	11	-1.9561
299de794-ec9b-44cc-b2e0-8a3709eabf4d	7	109813925	126404920	10025	0.0106
299de794-ec9b-44cc-b2e0-8a3709eabf4d	7	126405428	126406822	13	-1.0782
299de794-ec9b-44cc-b2e0-8a3709eabf4d	7	126406823	134093896	4696	0.0038
299de794-ec9b-44cc-b2e0-8a3709eabf4d	7	134093899	134113790	34	0.4452
299de794-ec9b-44cc-b2e0-8a3709eabf4d	7	134113805	142063324	5197	0.0001
299de794-ec9b-44cc-b2e0-8a3709eabf4d	7	142069843	142099190	35	-0.7739
299de794-ec9b-44cc-b2e0-8a3709eabf4d	7	142099360	142504387	323	0.002
299de794-ec9b-44cc-b2e0-8a3709eabf4d	7	142505207	142756299	98	-0.1793
299de794-ec9b-44cc-b2e0-8a3709eabf4d	7	142756725	153445978	6340	0.0099
299de794-ec9b-44cc-b2e0-8a3709eabf4d	7	153449557	153450132	5	-1.0724
299de794-ec9b-44cc-b2e0-8a3709eabf4d	7	153450432	159334314	4095	0.0019
299de794-ec9b-44cc-b2e0-8a3709eabf4d	8	81254	212832	6	-0.2191
299de794-ec9b-44cc-b2e0-8a3709eabf4d	8	213414	644973	318	0.0381
299de794-ec9b-44cc-b2e0-8a3709eabf4d	8	645220	645875	6	-0.9759
299de794-ec9b-44cc-b2e0-8a3709eabf4d	8	645892	645908	2	-3.7876
299de794-ec9b-44cc-b2e0-8a3709eabf4d	8	656117	2075446	1073	-0.0052
299de794-ec9b-44cc-b2e0-8a3709eabf4d	8	2077588	2077853	2	-1.4541
299de794-ec9b-44cc-b2e0-8a3709eabf4d	8	2079552	6975846	6230	0.0246
299de794-ec9b-44cc-b2e0-8a3709eabf4d	8	6980411	6982183	2	-1.3669
299de794-ec9b-44cc-b2e0-8a3709eabf4d	8	6982775	7414835	114	0.0263
299de794-ec9b-44cc-b2e0-8a3709eabf4d	8	7422376	7886542	19	-0.6454
299de794-ec9b-44cc-b2e0-8a3709eabf4d	8	7888457	7890177	4	0.9045
299de794-ec9b-44cc-b2e0-8a3709eabf4d	8	7919608	7930163	2	-2.3222
299de794-ec9b-44cc-b2e0-8a3709eabf4d	8	7930192	11152608	2582	0.0144
299de794-ec9b-44cc-b2e0-8a3709eabf4d	8	11153220	11153316	3	1.2906
299de794-ec9b-44cc-b2e0-8a3709eabf4d	8	11153662	25113973	11108	0.005
299de794-ec9b-44cc-b2e0-8a3709eabf4d	8	25114126	25134261	39	0.3528
299de794-ec9b-44cc-b2e0-8a3709eabf4d	8	25134279	39373140	9007	-0.0018
299de794-ec9b-44cc-b2e0-8a3709eabf4d	8	39378084	39526605	55	0.765
299de794-ec9b-44cc-b2e0-8a3709eabf4d	8	39527181	71300130	17899	0.0049
299de794-ec9b-44cc-b2e0-8a3709eabf4d	8	71303076	71304364	8	-0.6483
299de794-ec9b-44cc-b2e0-8a3709eabf4d	8	71307628	80917906	5961	0.0065
299de794-ec9b-44cc-b2e0-8a3709eabf4d	8	80923012	80923456	2	-1.6591
299de794-ec9b-44cc-b2e0-8a3709eabf4d	8	80923629	83729223	1636	0.001
299de794-ec9b-44cc-b2e0-8a3709eabf4d	8	83731577	83744679	7	-0.7911
299de794-ec9b-44cc-b2e0-8a3709eabf4d	8	83745439	93846285	5746	-0.0001
299de794-ec9b-44cc-b2e0-8a3709eabf4d	8	93851593	93892970	35	-1.1269
299de794-ec9b-44cc-b2e0-8a3709eabf4d	8	93894998	111282441	10710	0.005
299de794-ec9b-44cc-b2e0-8a3709eabf4d	8	111282809	111283031	5	0.8621
299de794-ec9b-44cc-b2e0-8a3709eabf4d	8	111288052	111983421	349	0.0177
299de794-ec9b-44cc-b2e0-8a3709eabf4d	8	111983454	111983672	5	-0.7837
299de794-ec9b-44cc-b2e0-8a3709eabf4d	8	111983691	145072769	22560	0.0059
299de794-ec9b-44cc-b2e0-8a3709eabf4d	9	46587	602857	507	0.0448
299de794-ec9b-44cc-b2e0-8a3709eabf4d	9	602903	606961	5	0.8644
299de794-ec9b-44cc-b2e0-8a3709eabf4d	9	607307	20799777	18091	0.0144
299de794-ec9b-44cc-b2e0-8a3709eabf4d	9	20801655	20804675	6	-0.982
299de794-ec9b-44cc-b2e0-8a3709eabf4d	9	20807211	23361807	1815	0.0112
299de794-ec9b-44cc-b2e0-8a3709eabf4d	9	23363117	23373486	8	-2.1583
299de794-ec9b-44cc-b2e0-8a3709eabf4d	9	23378490	28636100	3978	0.0016
299de794-ec9b-44cc-b2e0-8a3709eabf4d	9	28643384	28725110	85	-1.1211
299de794-ec9b-44cc-b2e0-8a3709eabf4d	9	28734250	40712794	6696	0.0086
299de794-ec9b-44cc-b2e0-8a3709eabf4d	9	40723126	61520021	187	0.1931
299de794-ec9b-44cc-b2e0-8a3709eabf4d	9	61521913	61647899	29	0.613
299de794-ec9b-44cc-b2e0-8a3709eabf4d	9	61665362	63580418	38	0.0976
299de794-ec9b-44cc-b2e0-8a3709eabf4d	9	63590317	63590325	5	1.3744
299de794-ec9b-44cc-b2e0-8a3709eabf4d	9	63592670	65947360	87	0.1738
299de794-ec9b-44cc-b2e0-8a3709eabf4d	9	66007200	69108626	681	-0.0085
299de794-ec9b-44cc-b2e0-8a3709eabf4d	9	69110518	69127809	9	0.2426
299de794-ec9b-44cc-b2e0-8a3709eabf4d	9	69131137	69162288	26	0.5784
299de794-ec9b-44cc-b2e0-8a3709eabf4d	9	69166392	91618855	16201	0.0032
299de794-ec9b-44cc-b2e0-8a3709eabf4d	9	91619279	91631019	6	-0.8821
299de794-ec9b-44cc-b2e0-8a3709eabf4d	9	91631162	98542066	4316	0.0003
299de794-ec9b-44cc-b2e0-8a3709eabf4d	9	98547988	98550614	2	-1.3502
299de794-ec9b-44cc-b2e0-8a3709eabf4d	9	98551774	108188097	6954	0.0049
299de794-ec9b-44cc-b2e0-8a3709eabf4d	9	108188387	108193008	6	-0.7158
299de794-ec9b-44cc-b2e0-8a3709eabf4d	9	108193084	110262162	1748	-0.0012
299de794-ec9b-44cc-b2e0-8a3709eabf4d	9	110262509	110265889	2	-2.2259
299de794-ec9b-44cc-b2e0-8a3709eabf4d	9	110270151	133061625	15604	0.0018
299de794-ec9b-44cc-b2e0-8a3709eabf4d	9	133067827	133090275	11	0.6187
299de794-ec9b-44cc-b2e0-8a3709eabf4d	9	133092215	137358495	1991	-0.001
299de794-ec9b-44cc-b2e0-8a3709eabf4d	9	137361190	137361381	2	2.1384
299de794-ec9b-44cc-b2e0-8a3709eabf4d	9	137378551	138200944	406	-0.0056
299de794-ec9b-44cc-b2e0-8a3709eabf4d	10	45792	45761333	31433	0.0064
299de794-ec9b-44cc-b2e0-8a3709eabf4d	10	45798061	45936113	4	-0.864
299de794-ec9b-44cc-b2e0-8a3709eabf4d	10	45998155	46606240	275	0.0306
299de794-ec9b-44cc-b2e0-8a3709eabf4d	10	46617422	47002596	19	0.4377
299de794-ec9b-44cc-b2e0-8a3709eabf4d	10	47008590	65546518	12690	0.0107
299de794-ec9b-44cc-b2e0-8a3709eabf4d	10	65548165	65554672	27	0.7822
299de794-ec9b-44cc-b2e0-8a3709eabf4d	10	65554688	69515737	2546	0.0057
299de794-ec9b-44cc-b2e0-8a3709eabf4d	10	69522716	69523086	5	-1.4282
299de794-ec9b-44cc-b2e0-8a3709eabf4d	10	69531858	79624118	6682	-0.001
299de794-ec9b-44cc-b2e0-8a3709eabf4d	10	79624128	79625643	3	-1.8961
299de794-ec9b-44cc-b2e0-8a3709eabf4d	10	79625693	79737848	10	-0.3932
299de794-ec9b-44cc-b2e0-8a3709eabf4d	10	79747269	83172480	2431	0.0076
299de794-ec9b-44cc-b2e0-8a3709eabf4d	10	83178447	83179480	4	-1.0244
299de794-ec9b-44cc-b2e0-8a3709eabf4d	10	83180357	99019620	10408	0.0022
299de794-ec9b-44cc-b2e0-8a3709eabf4d	10	99020772	99050834	23	0.3594
299de794-ec9b-44cc-b2e0-8a3709eabf4d	10	99052093	122564250	16217	0.0065
299de794-ec9b-44cc-b2e0-8a3709eabf4d	10	122574497	122598210	9	0.8032
299de794-ec9b-44cc-b2e0-8a3709eabf4d	10	122623497	133654968	7898	0.0028
299de794-ec9b-44cc-b2e0-8a3709eabf4d	11	198510	4217824	1739	-0.0014
299de794-ec9b-44cc-b2e0-8a3709eabf4d	11	4228783	4298484	23	-0.6412
299de794-ec9b-44cc-b2e0-8a3709eabf4d	11	4306942	4945831	654	0.0188
299de794-ec9b-44cc-b2e0-8a3709eabf4d	11	4946000	4946420	4	-0.6202
299de794-ec9b-44cc-b2e0-8a3709eabf4d	11	4947280	4955042	30	1.304
299de794-ec9b-44cc-b2e0-8a3709eabf4d	11	4955781	5776383	798	-0.0049
299de794-ec9b-44cc-b2e0-8a3709eabf4d	11	5776398	5787909	18	-0.4992
299de794-ec9b-44cc-b2e0-8a3709eabf4d	11	5788108	42791601	26639	0.0047
299de794-ec9b-44cc-b2e0-8a3709eabf4d	11	42794936	42796489	2	-3.0775
299de794-ec9b-44cc-b2e0-8a3709eabf4d	11	42799053	47917543	3062	-0.0022
299de794-ec9b-44cc-b2e0-8a3709eabf4d	11	47919373	47919516	2	-1.1669
299de794-ec9b-44cc-b2e0-8a3709eabf4d	11	47921506	48486822	295	0.009
299de794-ec9b-44cc-b2e0-8a3709eabf4d	11	48489367	48892092	141	0.1353
299de794-ec9b-44cc-b2e0-8a3709eabf4d	11	48907090	48943181	7	0.7103
299de794-ec9b-44cc-b2e0-8a3709eabf4d	11	48945251	49088271	67	0.117
299de794-ec9b-44cc-b2e0-8a3709eabf4d	11	49089915	49737304	279	-0.0025
299de794-ec9b-44cc-b2e0-8a3709eabf4d	11	49737435	49739136	7	-0.9125
299de794-ec9b-44cc-b2e0-8a3709eabf4d	11	49744609	80256469	14045	0.0067
299de794-ec9b-44cc-b2e0-8a3709eabf4d	11	80256504	80256520	2	-2.5801
299de794-ec9b-44cc-b2e0-8a3709eabf4d	11	80256642	81187159	762	0.0092
299de794-ec9b-44cc-b2e0-8a3709eabf4d	11	81190405	81190526	2	-1.2185
299de794-ec9b-44cc-b2e0-8a3709eabf4d	11	81191689	81787763	545	0.0178
299de794-ec9b-44cc-b2e0-8a3709eabf4d	11	81792426	81806116	11	-0.7049
299de794-ec9b-44cc-b2e0-8a3709eabf4d	11	81811590	135074876	37708	0.0042
299de794-ec9b-44cc-b2e0-8a3709eabf4d	12	51460	652394	361	0.0306
299de794-ec9b-44cc-b2e0-8a3709eabf4d	12	657831	659956	5	-1.3906
299de794-ec9b-44cc-b2e0-8a3709eabf4d	12	661008	3150925	1623	0.0078
299de794-ec9b-44cc-b2e0-8a3709eabf4d	12	3151792	3152393	2	-1.8894
299de794-ec9b-44cc-b2e0-8a3709eabf4d	12	3156813	8289689	3569	0.0057
299de794-ec9b-44cc-b2e0-8a3709eabf4d	12	8296516	8296621	2	1.4901
299de794-ec9b-44cc-b2e0-8a3709eabf4d	12	8300870	33141726	17222	0.0107
299de794-ec9b-44cc-b2e0-8a3709eabf4d	12	33148472	33154440	27	-0.5582
299de794-ec9b-44cc-b2e0-8a3709eabf4d	12	33155426	33235894	46	0.1104
299de794-ec9b-44cc-b2e0-8a3709eabf4d	12	33237809	33242207	3	-3.2558
299de794-ec9b-44cc-b2e0-8a3709eabf4d	12	33242483	33480664	174	0.0032
299de794-ec9b-44cc-b2e0-8a3709eabf4d	12	33484651	38664054	1026	0.0739
299de794-ec9b-44cc-b2e0-8a3709eabf4d	12	38664806	70478078	19503	0.0068
299de794-ec9b-44cc-b2e0-8a3709eabf4d	12	70478895	70484247	9	-0.8255
299de794-ec9b-44cc-b2e0-8a3709eabf4d	12	70485605	71097725	467	0.0189
299de794-ec9b-44cc-b2e0-8a3709eabf4d	12	71105261	71116475	12	0.5767
299de794-ec9b-44cc-b2e0-8a3709eabf4d	12	71127747	74727538	2113	0.0111
299de794-ec9b-44cc-b2e0-8a3709eabf4d	12	74728217	74728536	2	1.3153
299de794-ec9b-44cc-b2e0-8a3709eabf4d	12	74728958	80427856	3741	0.0011
299de794-ec9b-44cc-b2e0-8a3709eabf4d	12	80431395	80432310	2	-2.6299
299de794-ec9b-44cc-b2e0-8a3709eabf4d	12	80433815	80434333	2	-7.8048
299de794-ec9b-44cc-b2e0-8a3709eabf4d	12	80434938	133201603	34925	0.0074
299de794-ec9b-44cc-b2e0-8a3709eabf4d	13	18452809	52520664	23395	0.0047
299de794-ec9b-44cc-b2e0-8a3709eabf4d	13	52523849	52531650	3	-2.115
299de794-ec9b-44cc-b2e0-8a3709eabf4d	13	52543744	114342922	40748	0.0032
299de794-ec9b-44cc-b2e0-8a3709eabf4d	14	18239283	19289821	45	0.3961
299de794-ec9b-44cc-b2e0-8a3709eabf4d	14	19294457	19326853	4	-0.5405
299de794-ec9b-44cc-b2e0-8a3709eabf4d	14	19367655	19949382	110	0.2067
299de794-ec9b-44cc-b2e0-8a3709eabf4d	14	19949702	21940575	1379	0.0108
299de794-ec9b-44cc-b2e0-8a3709eabf4d	14	21940619	22502607	480	-0.2993
299de794-ec9b-44cc-b2e0-8a3709eabf4d	14	22505269	41139155	11742	0.001
299de794-ec9b-44cc-b2e0-8a3709eabf4d	14	41141293	41188146	15	-0.7985
299de794-ec9b-44cc-b2e0-8a3709eabf4d	14	41200899	106258891	41315	0.0026
299de794-ec9b-44cc-b2e0-8a3709eabf4d	14	106260759	106266761	6	0.9691
299de794-ec9b-44cc-b2e0-8a3709eabf4d	14	106266923	106877229	309	0.0531
299de794-ec9b-44cc-b2e0-8a3709eabf4d	15	19811075	20011702	46	0.0763
299de794-ec9b-44cc-b2e0-8a3709eabf4d	15	20026653	22483983	165	0.6329
299de794-ec9b-44cc-b2e0-8a3709eabf4d	15	22572323	24429740	990	0.0191
299de794-ec9b-44cc-b2e0-8a3709eabf4d	15	24429986	24473449	32	-0.4712
299de794-ec9b-44cc-b2e0-8a3709eabf4d	15	24480146	76598900	32676	0.005
299de794-ec9b-44cc-b2e0-8a3709eabf4d	15	76599170	76603434	21	0.9958
299de794-ec9b-44cc-b2e0-8a3709eabf4d	15	76609838	83871429	4412	0.008
299de794-ec9b-44cc-b2e0-8a3709eabf4d	15	83871965	83874798	7	-0.7972
299de794-ec9b-44cc-b2e0-8a3709eabf4d	15	83878525	101928837	13197	0.0072
299de794-ec9b-44cc-b2e0-8a3709eabf4d	16	10777	21356685	14385	0.0171
299de794-ec9b-44cc-b2e0-8a3709eabf4d	16	21361279	21582313	27	0.3629
299de794-ec9b-44cc-b2e0-8a3709eabf4d	16	21584992	22430699	360	0.0207
299de794-ec9b-44cc-b2e0-8a3709eabf4d	16	22546611	22699421	73	0.2982
299de794-ec9b-44cc-b2e0-8a3709eabf4d	16	22701658	55761039	12088	0.0069
299de794-ec9b-44cc-b2e0-8a3709eabf4d	16	55761136	55788532	23	-0.3427
299de794-ec9b-44cc-b2e0-8a3709eabf4d	16	55808442	55834527	14	0.3824
299de794-ec9b-44cc-b2e0-8a3709eabf4d	16	55836505	58909081	1874	0.0035
299de794-ec9b-44cc-b2e0-8a3709eabf4d	16	58913571	58914327	3	-4.5399
299de794-ec9b-44cc-b2e0-8a3709eabf4d	16	58921751	78338949	12396	0.0075
299de794-ec9b-44cc-b2e0-8a3709eabf4d	16	78339440	78350841	13	0.4942
299de794-ec9b-44cc-b2e0-8a3709eabf4d	16	78350868	83855218	6234	0.0164
299de794-ec9b-44cc-b2e0-8a3709eabf4d	16	83856075	83858164	4	-0.9245
299de794-ec9b-44cc-b2e0-8a3709eabf4d	16	83858313	90096867	4383	0.001
299de794-ec9b-44cc-b2e0-8a3709eabf4d	17	150733	18414080	11392	0.0093
299de794-ec9b-44cc-b2e0-8a3709eabf4d	17	18452078	18529764	19	0.6338
299de794-ec9b-44cc-b2e0-8a3709eabf4d	17	18537646	36109315	6841	0.0115
299de794-ec9b-44cc-b2e0-8a3709eabf4d	17	36109735	36208249	37	0.4866
299de794-ec9b-44cc-b2e0-8a3709eabf4d	17	36460442	41265456	2523	0.0129
299de794-ec9b-44cc-b2e0-8a3709eabf4d	17	41266762	41274279	24	1.2427
299de794-ec9b-44cc-b2e0-8a3709eabf4d	17	41276472	43354897	1104	0.0074
299de794-ec9b-44cc-b2e0-8a3709eabf4d	17	43361222	43362553	3	-0.971
299de794-ec9b-44cc-b2e0-8a3709eabf4d	17	43366336	46286804	1513	0.0078
299de794-ec9b-44cc-b2e0-8a3709eabf4d	17	46323701	46571001	6	0.8462
299de794-ec9b-44cc-b2e0-8a3709eabf4d	17	46664059	78453175	19335	0.0066
299de794-ec9b-44cc-b2e0-8a3709eabf4d	17	78453396	78454069	2	-1.6158
299de794-ec9b-44cc-b2e0-8a3709eabf4d	17	78456702	83091923	2235	-0.0001
299de794-ec9b-44cc-b2e0-8a3709eabf4d	18	48133	53997831	31946	0.0062
299de794-ec9b-44cc-b2e0-8a3709eabf4d	18	53998472	53998782	3	-1.4798
299de794-ec9b-44cc-b2e0-8a3709eabf4d	18	54001998	56930820	1771	0.0016
299de794-ec9b-44cc-b2e0-8a3709eabf4d	18	56931641	56931889	3	-1.2052
299de794-ec9b-44cc-b2e0-8a3709eabf4d	18	56933265	58724079	1321	0.0104
299de794-ec9b-44cc-b2e0-8a3709eabf4d	18	58726561	58728776	2	-3.0839
299de794-ec9b-44cc-b2e0-8a3709eabf4d	18	58739856	63641061	3582	0.0031
299de794-ec9b-44cc-b2e0-8a3709eabf4d	18	63646569	63656542	9	-1.0825
299de794-ec9b-44cc-b2e0-8a3709eabf4d	18	63664376	67286412	2497	0.0166
299de794-ec9b-44cc-b2e0-8a3709eabf4d	18	67291970	67300028	21	-0.7542
299de794-ec9b-44cc-b2e0-8a3709eabf4d	18	67300481	74253731	5308	0.022
299de794-ec9b-44cc-b2e0-8a3709eabf4d	18	74257438	74257584	3	1.1065
299de794-ec9b-44cc-b2e0-8a3709eabf4d	18	74261394	78284718	3161	-0.0032
299de794-ec9b-44cc-b2e0-8a3709eabf4d	18	78289115	78295908	9	-1.1159
299de794-ec9b-44cc-b2e0-8a3709eabf4d	18	78298134	80257174	1102	-0.0076
299de794-ec9b-44cc-b2e0-8a3709eabf4d	19	90910	20434075	8932	0.0082
299de794-ec9b-44cc-b2e0-8a3709eabf4d	19	20434315	20543816	67	0.2033
299de794-ec9b-44cc-b2e0-8a3709eabf4d	19	20553547	20582324	13	-0.4694
299de794-ec9b-44cc-b2e0-8a3709eabf4d	19	20582718	22085531	850	0.0177
299de794-ec9b-44cc-b2e0-8a3709eabf4d	19	22086347	22087290	2	-2.2709
299de794-ec9b-44cc-b2e0-8a3709eabf4d	19	22087414	35358420	6845	0.0067
299de794-ec9b-44cc-b2e0-8a3709eabf4d	19	35364451	35370946	21	-0.6079
299de794-ec9b-44cc-b2e0-8a3709eabf4d	19	35375842	43198881	3867	0.0075
299de794-ec9b-44cc-b2e0-8a3709eabf4d	19	43199352	43232018	16	-0.5227
299de794-ec9b-44cc-b2e0-8a3709eabf4d	19	43232107	51639099	4152	0.0019
299de794-ec9b-44cc-b2e0-8a3709eabf4d	19	51639362	51644944	10	1.0111
299de794-ec9b-44cc-b2e0-8a3709eabf4d	19	51651652	55770704	2492	0.0105
299de794-ec9b-44cc-b2e0-8a3709eabf4d	19	55771003	55771701	4	-0.9024
299de794-ec9b-44cc-b2e0-8a3709eabf4d	19	55774927	58586487	1839	0.003
299de794-ec9b-44cc-b2e0-8a3709eabf4d	20	80664	1580353	1203	0.0196
299de794-ec9b-44cc-b2e0-8a3709eabf4d	20	1580934	1613247	41	-0.6508
299de794-ec9b-44cc-b2e0-8a3709eabf4d	20	1617300	64324800	41136	0.0049
299de794-ec9b-44cc-b2e0-8a3709eabf4d	21	10354168	10559033	53	0.1201
299de794-ec9b-44cc-b2e0-8a3709eabf4d	21	10568903	13224711	67	-0.2176
299de794-ec9b-44cc-b2e0-8a3709eabf4d	21	13227761	13424192	94	0.0588
299de794-ec9b-44cc-b2e0-8a3709eabf4d	21	13424314	13428524	2	1.8776
299de794-ec9b-44cc-b2e0-8a3709eabf4d	21	13428532	46677045	23645	0.0037
299de794-ec9b-44cc-b2e0-8a3709eabf4d	22	15294547	25323217	5240	0.0258
299de794-ec9b-44cc-b2e0-8a3709eabf4d	22	25323321	25323946	2	-2.4072
299de794-ec9b-44cc-b2e0-8a3709eabf4d	22	25325796	31381621	4538	0.0099
299de794-ec9b-44cc-b2e0-8a3709eabf4d	22	31382595	31384583	2	-1.4991
299de794-ec9b-44cc-b2e0-8a3709eabf4d	22	31388932	38955461	5452	0.0061
299de794-ec9b-44cc-b2e0-8a3709eabf4d	22	38967614	38967995	6	-0.6469
299de794-ec9b-44cc-b2e0-8a3709eabf4d	22	38969353	38969594	4	0.2637
299de794-ec9b-44cc-b2e0-8a3709eabf4d	22	38969616	38979302	14	-0.7952
299de794-ec9b-44cc-b2e0-8a3709eabf4d	22	38993700	50796027	8013	0.0054
299de794-ec9b-44cc-b2e0-8a3709eabf4d	X	251810	39212625	24269	0.0158
299de794-ec9b-44cc-b2e0-8a3709eabf4d	X	39219237	39219774	2	-3.2668
299de794-ec9b-44cc-b2e0-8a3709eabf4d	X	39219999	105336174	30128	0.0184
299de794-ec9b-44cc-b2e0-8a3709eabf4d	X	105337239	105339871	2	-4.6621
299de794-ec9b-44cc-b2e0-8a3709eabf4d	X	105342655	155952689	29087	0.0112
299de794-ec9b-44cc-b2e0-8a3709eabf4d	Y	2782397	56872112	6639	-1.0141
