GDC_Aliquot	Chromosome	Start	End	Num_Probes	Segment_Mean
9d9b36bf-4c98-4190-8cf2-a8f339c9ecb2	1	62920	266187	17	-0.215
9d9b36bf-4c98-4190-8cf2-a8f339c9ecb2	1	462795	462894	2	1.4362
9d9b36bf-4c98-4190-8cf2-a8f339c9ecb2	1	599171	1946351	302	-0.014
9d9b36bf-4c98-4190-8cf2-a8f339c9ecb2	1	1948516	1956930	3	-1.0307
9d9b36bf-4c98-4190-8cf2-a8f339c9ecb2	1	1958678	16855942	8369	0.0112
9d9b36bf-4c98-4190-8cf2-a8f339c9ecb2	1	16863509	16949746	56	-0.4264
9d9b36bf-4c98-4190-8cf2-a8f339c9ecb2	1	16951445	25256850	5258	0.0128
9d9b36bf-4c98-4190-8cf2-a8f339c9ecb2	1	25266637	25320455	24	0.5325
9d9b36bf-4c98-4190-8cf2-a8f339c9ecb2	1	25336819	34626073	4946	0.0065
9d9b36bf-4c98-4190-8cf2-a8f339c9ecb2	1	34637053	34648667	21	-0.734
9d9b36bf-4c98-4190-8cf2-a8f339c9ecb2	1	34649941	43460097	4980	0.0176
9d9b36bf-4c98-4190-8cf2-a8f339c9ecb2	1	43460183	43460634	3	-1.2742
9d9b36bf-4c98-4190-8cf2-a8f339c9ecb2	1	43469526	48379809	2754	0.0142
9d9b36bf-4c98-4190-8cf2-a8f339c9ecb2	1	48380713	48387957	2	-1.1025
9d9b36bf-4c98-4190-8cf2-a8f339c9ecb2	1	48390486	51165433	1402	0.0223
9d9b36bf-4c98-4190-8cf2-a8f339c9ecb2	1	51167935	51169885	2	-1.4518
9d9b36bf-4c98-4190-8cf2-a8f339c9ecb2	1	51174641	72284670	14587	0.0187
9d9b36bf-4c98-4190-8cf2-a8f339c9ecb2	1	72290430	72336821	42	0.339
9d9b36bf-4c98-4190-8cf2-a8f339c9ecb2	1	72338895	87246072	9674	0.0229
9d9b36bf-4c98-4190-8cf2-a8f339c9ecb2	1	87246573	87249532	2	-1.4721
9d9b36bf-4c98-4190-8cf2-a8f339c9ecb2	1	87253005	91695400	2986	0.0242
9d9b36bf-4c98-4190-8cf2-a8f339c9ecb2	1	91696434	91697227	2	-1.2615
9d9b36bf-4c98-4190-8cf2-a8f339c9ecb2	1	91698335	105476583	8265	0.0209
9d9b36bf-4c98-4190-8cf2-a8f339c9ecb2	1	105476614	105479753	16	0.8383
9d9b36bf-4c98-4190-8cf2-a8f339c9ecb2	1	105481433	106860013	921	0.029
9d9b36bf-4c98-4190-8cf2-a8f339c9ecb2	1	106860406	106860580	4	-1.0497
9d9b36bf-4c98-4190-8cf2-a8f339c9ecb2	1	106860607	109690352	1706	0.0236
9d9b36bf-4c98-4190-8cf2-a8f339c9ecb2	1	109690415	109697556	12	-1.711
9d9b36bf-4c98-4190-8cf2-a8f339c9ecb2	1	109702376	112147704	1949	0.0026
9d9b36bf-4c98-4190-8cf2-a8f339c9ecb2	1	112153343	112154234	14	0.482
9d9b36bf-4c98-4190-8cf2-a8f339c9ecb2	1	112154251	143714499	5260	0.0258
9d9b36bf-4c98-4190-8cf2-a8f339c9ecb2	1	143714665	143754062	19	0.4195
9d9b36bf-4c98-4190-8cf2-a8f339c9ecb2	1	143754077	150977586	1422	-0.0043
9d9b36bf-4c98-4190-8cf2-a8f339c9ecb2	1	150978606	150994271	6	-0.7752
9d9b36bf-4c98-4190-8cf2-a8f339c9ecb2	1	150995224	152583051	898	0.021
9d9b36bf-4c98-4190-8cf2-a8f339c9ecb2	1	152583230	152613762	31	-1.9626
9d9b36bf-4c98-4190-8cf2-a8f339c9ecb2	1	152613802	152789570	175	0.0101
9d9b36bf-4c98-4190-8cf2-a8f339c9ecb2	1	152789781	152796224	32	-0.467
9d9b36bf-4c98-4190-8cf2-a8f339c9ecb2	1	152801429	169247699	11265	0.0184
9d9b36bf-4c98-4190-8cf2-a8f339c9ecb2	1	169264736	169272528	7	-2.1938
9d9b36bf-4c98-4190-8cf2-a8f339c9ecb2	1	169273163	174827267	3517	0.0191
9d9b36bf-4c98-4190-8cf2-a8f339c9ecb2	1	174827418	174832716	17	-0.7574
9d9b36bf-4c98-4190-8cf2-a8f339c9ecb2	1	174832734	194479104	13174	0.0201
9d9b36bf-4c98-4190-8cf2-a8f339c9ecb2	1	194482281	194485888	2	-2.2583
9d9b36bf-4c98-4190-8cf2-a8f339c9ecb2	1	194487886	196745743	1448	0.0223
9d9b36bf-4c98-4190-8cf2-a8f339c9ecb2	1	196758720	196762956	4	1.183
9d9b36bf-4c98-4190-8cf2-a8f339c9ecb2	1	196769493	196788990	31	0.2259
9d9b36bf-4c98-4190-8cf2-a8f339c9ecb2	1	196789019	196802150	8	0.7989
9d9b36bf-4c98-4190-8cf2-a8f339c9ecb2	1	196820098	209897717	8790	0.0194
9d9b36bf-4c98-4190-8cf2-a8f339c9ecb2	1	209908268	209908720	2	-1.7507
9d9b36bf-4c98-4190-8cf2-a8f339c9ecb2	1	209910639	236307359	17921	0.0184
9d9b36bf-4c98-4190-8cf2-a8f339c9ecb2	1	236310997	236327446	12	-0.9331
9d9b36bf-4c98-4190-8cf2-a8f339c9ecb2	1	236332915	248546369	8880	0.0153
9d9b36bf-4c98-4190-8cf2-a8f339c9ecb2	1	248550567	248646068	38	-0.7208
9d9b36bf-4c98-4190-8cf2-a8f339c9ecb2	1	248661836	248930189	138	-0.021
9d9b36bf-4c98-4190-8cf2-a8f339c9ecb2	2	12784	30033728	21178	0.0232
9d9b36bf-4c98-4190-8cf2-a8f339c9ecb2	2	30038394	34295406	2788	-0.0934
9d9b36bf-4c98-4190-8cf2-a8f339c9ecb2	2	34298911	34300513	2	-2.0904
9d9b36bf-4c98-4190-8cf2-a8f339c9ecb2	2	34300900	34427804	84	-0.104
9d9b36bf-4c98-4190-8cf2-a8f339c9ecb2	2	34434869	34438376	4	0.6052
9d9b36bf-4c98-4190-8cf2-a8f339c9ecb2	2	34438862	34501629	46	0.0876
9d9b36bf-4c98-4190-8cf2-a8f339c9ecb2	2	34501950	34511990	7	0.5132
9d9b36bf-4c98-4190-8cf2-a8f339c9ecb2	2	34512096	35750907	870	-0.0843
9d9b36bf-4c98-4190-8cf2-a8f339c9ecb2	2	35752724	35762850	6	-1.8967
9d9b36bf-4c98-4190-8cf2-a8f339c9ecb2	2	35762881	51634095	11553	-0.0828
9d9b36bf-4c98-4190-8cf2-a8f339c9ecb2	2	51637892	52038525	248	0.0407
9d9b36bf-4c98-4190-8cf2-a8f339c9ecb2	2	52039769	52046762	2	-1.4198
9d9b36bf-4c98-4190-8cf2-a8f339c9ecb2	2	52047691	52527330	314	0.0354
9d9b36bf-4c98-4190-8cf2-a8f339c9ecb2	2	52527342	52563002	41	-0.3061
9d9b36bf-4c98-4190-8cf2-a8f339c9ecb2	2	52563355	53188501	527	-0.0147
9d9b36bf-4c98-4190-8cf2-a8f339c9ecb2	2	53189117	55323410	1601	-0.0928
9d9b36bf-4c98-4190-8cf2-a8f339c9ecb2	2	55330983	60511926	3508	0.0338
9d9b36bf-4c98-4190-8cf2-a8f339c9ecb2	2	60512402	63661297	1494	-0.092
9d9b36bf-4c98-4190-8cf2-a8f339c9ecb2	2	63665206	69957976	4357	0.0291
9d9b36bf-4c98-4190-8cf2-a8f339c9ecb2	2	69959549	70937008	635	-0.0794
9d9b36bf-4c98-4190-8cf2-a8f339c9ecb2	2	70937626	71570046	422	0.0178
9d9b36bf-4c98-4190-8cf2-a8f339c9ecb2	2	71570247	72119912	348	-0.0869
9d9b36bf-4c98-4190-8cf2-a8f339c9ecb2	2	72124955	87060478	9074	0.0273
9d9b36bf-4c98-4190-8cf2-a8f339c9ecb2	2	87070167	87082140	5	-0.9831
9d9b36bf-4c98-4190-8cf2-a8f339c9ecb2	2	87082711	87211079	29	0.0289
9d9b36bf-4c98-4190-8cf2-a8f339c9ecb2	2	87218694	87218834	2	-1.4368
9d9b36bf-4c98-4190-8cf2-a8f339c9ecb2	2	87221597	89265460	741	0.0226
9d9b36bf-4c98-4190-8cf2-a8f339c9ecb2	2	89268711	90262403	136	-0.8831
9d9b36bf-4c98-4190-8cf2-a8f339c9ecb2	2	90281849	99028009	1736	0.0162
9d9b36bf-4c98-4190-8cf2-a8f339c9ecb2	2	99030719	99687256	337	-0.0884
9d9b36bf-4c98-4190-8cf2-a8f339c9ecb2	2	99688605	100147663	307	0.0418
9d9b36bf-4c98-4190-8cf2-a8f339c9ecb2	2	100148035	102922596	1870	-0.0884
9d9b36bf-4c98-4190-8cf2-a8f339c9ecb2	2	102922973	104810386	1153	0.0317
9d9b36bf-4c98-4190-8cf2-a8f339c9ecb2	2	104811627	106258041	1109	-0.0858
9d9b36bf-4c98-4190-8cf2-a8f339c9ecb2	2	106258193	106268901	14	0.4029
9d9b36bf-4c98-4190-8cf2-a8f339c9ecb2	2	106270799	106900682	362	-0.0726
9d9b36bf-4c98-4190-8cf2-a8f339c9ecb2	2	106900773	107487851	414	0.0265
9d9b36bf-4c98-4190-8cf2-a8f339c9ecb2	2	107489999	110672722	1420	-0.0922
9d9b36bf-4c98-4190-8cf2-a8f339c9ecb2	2	110675029	133113944	13411	0.0228
9d9b36bf-4c98-4190-8cf2-a8f339c9ecb2	2	133114914	153582876	12805	-0.077
9d9b36bf-4c98-4190-8cf2-a8f339c9ecb2	2	153583639	154425193	501	0.0427
9d9b36bf-4c98-4190-8cf2-a8f339c9ecb2	2	154425285	155427303	548	-0.0838
9d9b36bf-4c98-4190-8cf2-a8f339c9ecb2	2	155428096	156347696	536	0.0226
9d9b36bf-4c98-4190-8cf2-a8f339c9ecb2	2	156353627	185719234	18125	-0.0821
9d9b36bf-4c98-4190-8cf2-a8f339c9ecb2	2	185720568	186141054	238	0.0382
9d9b36bf-4c98-4190-8cf2-a8f339c9ecb2	2	186143575	191627394	3136	-0.0714
9d9b36bf-4c98-4190-8cf2-a8f339c9ecb2	2	191627833	207490231	9238	0.0264
9d9b36bf-4c98-4190-8cf2-a8f339c9ecb2	2	207490454	207494612	16	-0.9539
9d9b36bf-4c98-4190-8cf2-a8f339c9ecb2	2	207494752	212525963	3208	0.0282
9d9b36bf-4c98-4190-8cf2-a8f339c9ecb2	2	212527011	212527671	2	-1.281
9d9b36bf-4c98-4190-8cf2-a8f339c9ecb2	2	212528004	238446677	16807	0.0268
9d9b36bf-4c98-4190-8cf2-a8f339c9ecb2	2	238446813	239364778	557	-0.0958
9d9b36bf-4c98-4190-8cf2-a8f339c9ecb2	2	239365251	242147305	1490	0.0095
9d9b36bf-4c98-4190-8cf2-a8f339c9ecb2	3	20930	6604856	5805	0.0212
9d9b36bf-4c98-4190-8cf2-a8f339c9ecb2	3	6609441	6611645	23	-0.6526
9d9b36bf-4c98-4190-8cf2-a8f339c9ecb2	3	6613391	25696742	13578	0.0251
9d9b36bf-4c98-4190-8cf2-a8f339c9ecb2	3	25702977	25703869	2	-2.5973
9d9b36bf-4c98-4190-8cf2-a8f339c9ecb2	3	25704534	68697013	28328	0.0149
9d9b36bf-4c98-4190-8cf2-a8f339c9ecb2	3	68697108	68698262	14	1.0915
9d9b36bf-4c98-4190-8cf2-a8f339c9ecb2	3	68699607	82059630	8594	0.0209
9d9b36bf-4c98-4190-8cf2-a8f339c9ecb2	3	82062201	82064038	3	-1.7005
9d9b36bf-4c98-4190-8cf2-a8f339c9ecb2	3	82064741	95737262	5444	0.0269
9d9b36bf-4c98-4190-8cf2-a8f339c9ecb2	3	95748036	95749266	2	-2.8259
9d9b36bf-4c98-4190-8cf2-a8f339c9ecb2	3	95749836	95781111	19	0.1184
9d9b36bf-4c98-4190-8cf2-a8f339c9ecb2	3	95781594	95787783	3	-0.9723
9d9b36bf-4c98-4190-8cf2-a8f339c9ecb2	3	95789820	99218940	1820	0.0188
9d9b36bf-4c98-4190-8cf2-a8f339c9ecb2	3	99225614	99230470	37	-0.3796
9d9b36bf-4c98-4190-8cf2-a8f339c9ecb2	3	99230577	130044855	18690	0.0194
9d9b36bf-4c98-4190-8cf2-a8f339c9ecb2	3	130047743	130087393	37	-1.8073
9d9b36bf-4c98-4190-8cf2-a8f339c9ecb2	3	130088081	150810915	12845	0.0225
9d9b36bf-4c98-4190-8cf2-a8f339c9ecb2	3	150812165	150812953	2	-1.2512
9d9b36bf-4c98-4190-8cf2-a8f339c9ecb2	3	150813207	162996729	7542	0.022
9d9b36bf-4c98-4190-8cf2-a8f339c9ecb2	3	162999939	163001774	2	1.3725
9d9b36bf-4c98-4190-8cf2-a8f339c9ecb2	3	163008371	163941164	506	0.0276
9d9b36bf-4c98-4190-8cf2-a8f339c9ecb2	3	163941168	163944509	5	-0.6975
9d9b36bf-4c98-4190-8cf2-a8f339c9ecb2	3	163944558	169012392	2854	0.028
9d9b36bf-4c98-4190-8cf2-a8f339c9ecb2	3	169015614	169020840	2	-2.2671
9d9b36bf-4c98-4190-8cf2-a8f339c9ecb2	3	169022039	193160113	15701	0.0222
9d9b36bf-4c98-4190-8cf2-a8f339c9ecb2	3	193160173	193165114	19	-1.3082
9d9b36bf-4c98-4190-8cf2-a8f339c9ecb2	3	193168646	194913859	1158	0.0123
9d9b36bf-4c98-4190-8cf2-a8f339c9ecb2	3	194920587	194921116	5	-0.7269
9d9b36bf-4c98-4190-8cf2-a8f339c9ecb2	3	194921751	195558822	317	0.0045
9d9b36bf-4c98-4190-8cf2-a8f339c9ecb2	3	195559056	195720051	26	-0.8541
9d9b36bf-4c98-4190-8cf2-a8f339c9ecb2	3	195728637	198169247	1183	0.0146
9d9b36bf-4c98-4190-8cf2-a8f339c9ecb2	4	68929	3258874	1274	0.0155
9d9b36bf-4c98-4190-8cf2-a8f339c9ecb2	4	3261411	4024541	321	-0.0676
9d9b36bf-4c98-4190-8cf2-a8f339c9ecb2	4	4025062	7100870	2355	0.023
9d9b36bf-4c98-4190-8cf2-a8f339c9ecb2	4	7100991	7108096	3	-0.8016
9d9b36bf-4c98-4190-8cf2-a8f339c9ecb2	4	7112629	7349903	203	0.0184
9d9b36bf-4c98-4190-8cf2-a8f339c9ecb2	4	7350322	7641145	270	-0.1205
9d9b36bf-4c98-4190-8cf2-a8f339c9ecb2	4	7644189	9455251	726	0.0185
9d9b36bf-4c98-4190-8cf2-a8f339c9ecb2	4	9459504	9477699	6	-1.0253
9d9b36bf-4c98-4190-8cf2-a8f339c9ecb2	4	9484440	10208766	537	0.0226
9d9b36bf-4c98-4190-8cf2-a8f339c9ecb2	4	10221792	10229874	28	2.4951
9d9b36bf-4c98-4190-8cf2-a8f339c9ecb2	4	10232590	10389091	177	-0.0023
9d9b36bf-4c98-4190-8cf2-a8f339c9ecb2	4	10390730	10401094	17	-0.665
9d9b36bf-4c98-4190-8cf2-a8f339c9ecb2	4	10401122	25548168	10996	0.018
9d9b36bf-4c98-4190-8cf2-a8f339c9ecb2	4	25548493	29123777	2326	-0.086
9d9b36bf-4c98-4190-8cf2-a8f339c9ecb2	4	29123791	34784878	3449	0.0164
9d9b36bf-4c98-4190-8cf2-a8f339c9ecb2	4	34785333	34828382	42	-0.3862
9d9b36bf-4c98-4190-8cf2-a8f339c9ecb2	4	34830196	38610181	2686	0.019
9d9b36bf-4c98-4190-8cf2-a8f339c9ecb2	4	38610661	38613462	3	-0.8402
9d9b36bf-4c98-4190-8cf2-a8f339c9ecb2	4	38614789	40564857	1096	0.0274
9d9b36bf-4c98-4190-8cf2-a8f339c9ecb2	4	40567950	40573234	3	-0.7299
9d9b36bf-4c98-4190-8cf2-a8f339c9ecb2	4	40576995	40698556	81	-0.0101
9d9b36bf-4c98-4190-8cf2-a8f339c9ecb2	4	40701994	40702175	3	-1.7939
9d9b36bf-4c98-4190-8cf2-a8f339c9ecb2	4	40702670	62802116	12088	0.0199
9d9b36bf-4c98-4190-8cf2-a8f339c9ecb2	4	62804218	62805944	8	-0.562
9d9b36bf-4c98-4190-8cf2-a8f339c9ecb2	4	62813912	63828222	556	0.0338
9d9b36bf-4c98-4190-8cf2-a8f339c9ecb2	4	63831751	63842540	28	-0.5973
9d9b36bf-4c98-4190-8cf2-a8f339c9ecb2	4	63850713	68418873	2854	0.0244
9d9b36bf-4c98-4190-8cf2-a8f339c9ecb2	4	68422420	68422424	3	-1.9209
9d9b36bf-4c98-4190-8cf2-a8f339c9ecb2	4	68429081	68506285	12	0.1251
9d9b36bf-4c98-4190-8cf2-a8f339c9ecb2	4	68509223	68729873	76	0.4308
9d9b36bf-4c98-4190-8cf2-a8f339c9ecb2	4	68730873	69254604	299	0.0229
9d9b36bf-4c98-4190-8cf2-a8f339c9ecb2	4	69254981	69255175	2	-1.3216
9d9b36bf-4c98-4190-8cf2-a8f339c9ecb2	4	69255532	69366081	57	0.2473
9d9b36bf-4c98-4190-8cf2-a8f339c9ecb2	4	69366304	90363792	13097	0.0185
9d9b36bf-4c98-4190-8cf2-a8f339c9ecb2	4	90366001	90370365	9	-0.6739
9d9b36bf-4c98-4190-8cf2-a8f339c9ecb2	4	90373217	97432453	4185	0.0245
9d9b36bf-4c98-4190-8cf2-a8f339c9ecb2	4	97436283	97437154	2	-1.1597
9d9b36bf-4c98-4190-8cf2-a8f339c9ecb2	4	97439635	114252544	9999	0.0213
9d9b36bf-4c98-4190-8cf2-a8f339c9ecb2	4	114254167	114261019	23	0.6919
9d9b36bf-4c98-4190-8cf2-a8f339c9ecb2	4	114263073	137163953	13224	0.0213
9d9b36bf-4c98-4190-8cf2-a8f339c9ecb2	4	137168393	137172260	17	-0.6137
9d9b36bf-4c98-4190-8cf2-a8f339c9ecb2	4	137173804	171448195	21365	0.0211
9d9b36bf-4c98-4190-8cf2-a8f339c9ecb2	4	171453733	171456625	12	-1.1762
9d9b36bf-4c98-4190-8cf2-a8f339c9ecb2	4	171459220	190106768	12467	0.0259
9d9b36bf-4c98-4190-8cf2-a8f339c9ecb2	5	15532	12540804	10043	0.0138
9d9b36bf-4c98-4190-8cf2-a8f339c9ecb2	5	12543258	12659518	74	-0.8217
9d9b36bf-4c98-4190-8cf2-a8f339c9ecb2	5	12669435	46271828	20522	0.0214
9d9b36bf-4c98-4190-8cf2-a8f339c9ecb2	5	46272419	46273400	5	-2.4045
9d9b36bf-4c98-4190-8cf2-a8f339c9ecb2	5	46278110	53449528	1978	0.0329
9d9b36bf-4c98-4190-8cf2-a8f339c9ecb2	5	53450054	55865025	1564	-0.109
9d9b36bf-4c98-4190-8cf2-a8f339c9ecb2	5	55865274	57060251	905	-0.2127
9d9b36bf-4c98-4190-8cf2-a8f339c9ecb2	5	57062225	58030453	625	-0.0851
9d9b36bf-4c98-4190-8cf2-a8f339c9ecb2	5	58033288	58034306	9	-0.8785
9d9b36bf-4c98-4190-8cf2-a8f339c9ecb2	5	58034492	63451440	3568	-0.0838
9d9b36bf-4c98-4190-8cf2-a8f339c9ecb2	5	63453820	63651480	103	0.0985
9d9b36bf-4c98-4190-8cf2-a8f339c9ecb2	5	63652457	69571467	3637	-0.0853
9d9b36bf-4c98-4190-8cf2-a8f339c9ecb2	5	69779150	69822308	4	1.1119
9d9b36bf-4c98-4190-8cf2-a8f339c9ecb2	5	69937600	71095358	19	0.2517
9d9b36bf-4c98-4190-8cf2-a8f339c9ecb2	5	71095426	74726010	2280	-0.0915
9d9b36bf-4c98-4190-8cf2-a8f339c9ecb2	5	74728104	84753949	6188	0.017
9d9b36bf-4c98-4190-8cf2-a8f339c9ecb2	5	84757397	84797632	21	-0.9323
9d9b36bf-4c98-4190-8cf2-a8f339c9ecb2	5	84803584	86819561	1129	0.0351
9d9b36bf-4c98-4190-8cf2-a8f339c9ecb2	5	86820504	86825812	3	-0.9888
9d9b36bf-4c98-4190-8cf2-a8f339c9ecb2	5	86826950	94468112	3982	0.0205
9d9b36bf-4c98-4190-8cf2-a8f339c9ecb2	5	94470453	104515520	5884	-0.0718
9d9b36bf-4c98-4190-8cf2-a8f339c9ecb2	5	104524672	104524847	3	-1.5513
9d9b36bf-4c98-4190-8cf2-a8f339c9ecb2	5	104524903	111524422	4463	-0.0777
9d9b36bf-4c98-4190-8cf2-a8f339c9ecb2	5	111529481	119322832	5750	0.0197
9d9b36bf-4c98-4190-8cf2-a8f339c9ecb2	5	119323036	120671637	862	-0.0917
9d9b36bf-4c98-4190-8cf2-a8f339c9ecb2	5	120673756	126552023	3947	0.0318
9d9b36bf-4c98-4190-8cf2-a8f339c9ecb2	5	126552431	127856545	720	-0.0963
9d9b36bf-4c98-4190-8cf2-a8f339c9ecb2	5	127860374	129659452	1083	-0.0221
9d9b36bf-4c98-4190-8cf2-a8f339c9ecb2	5	129660093	130676267	545	-0.1001
9d9b36bf-4c98-4190-8cf2-a8f339c9ecb2	5	130676906	130839414	74	0.0532
9d9b36bf-4c98-4190-8cf2-a8f339c9ecb2	5	130841027	131149040	160	-0.0938
9d9b36bf-4c98-4190-8cf2-a8f339c9ecb2	5	131149233	140839137	5585	0.0154
9d9b36bf-4c98-4190-8cf2-a8f339c9ecb2	5	140844251	140864171	13	-2.1633
9d9b36bf-4c98-4190-8cf2-a8f339c9ecb2	5	140872578	150750522	6524	0.0204
9d9b36bf-4c98-4190-8cf2-a8f339c9ecb2	5	150750604	150819676	39	-0.13
9d9b36bf-4c98-4190-8cf2-a8f339c9ecb2	5	150822643	150839042	9	-0.8275
9d9b36bf-4c98-4190-8cf2-a8f339c9ecb2	5	150843825	151560816	530	-0.0876
9d9b36bf-4c98-4190-8cf2-a8f339c9ecb2	5	151562618	152134610	432	0.0089
9d9b36bf-4c98-4190-8cf2-a8f339c9ecb2	5	152135825	152138739	13	-0.632
9d9b36bf-4c98-4190-8cf2-a8f339c9ecb2	5	152138790	181363319	19447	0.0169
9d9b36bf-4c98-4190-8cf2-a8f339c9ecb2	6	149661	246178	88	-0.0462
9d9b36bf-4c98-4190-8cf2-a8f339c9ecb2	6	247528	254283	13	0.0608
9d9b36bf-4c98-4190-8cf2-a8f339c9ecb2	6	257353	294725	22	0.46
9d9b36bf-4c98-4190-8cf2-a8f339c9ecb2	6	294837	21823747	16548	0.0157
9d9b36bf-4c98-4190-8cf2-a8f339c9ecb2	6	21828441	21831503	6	-1.0219
9d9b36bf-4c98-4190-8cf2-a8f339c9ecb2	6	21835341	22553763	625	0.0317
9d9b36bf-4c98-4190-8cf2-a8f339c9ecb2	6	22556354	22564923	12	-0.7923
9d9b36bf-4c98-4190-8cf2-a8f339c9ecb2	6	22567834	32463515	5497	0.0175
9d9b36bf-4c98-4190-8cf2-a8f339c9ecb2	6	32463775	32605994	35	1.476
9d9b36bf-4c98-4190-8cf2-a8f339c9ecb2	6	32606237	32658841	31	0.5318
9d9b36bf-4c98-4190-8cf2-a8f339c9ecb2	6	32682835	32722250	44	0.0745
9d9b36bf-4c98-4190-8cf2-a8f339c9ecb2	6	32723020	32723035	2	1.5706
9d9b36bf-4c98-4190-8cf2-a8f339c9ecb2	6	32723053	32892975	123	0.0671
9d9b36bf-4c98-4190-8cf2-a8f339c9ecb2	6	32898021	32898318	4	-0.9631
9d9b36bf-4c98-4190-8cf2-a8f339c9ecb2	6	32899215	53230063	12880	0.0157
9d9b36bf-4c98-4190-8cf2-a8f339c9ecb2	6	53230642	53231008	3	-1.9039
9d9b36bf-4c98-4190-8cf2-a8f339c9ecb2	6	53231884	54066286	638	0.0145
9d9b36bf-4c98-4190-8cf2-a8f339c9ecb2	6	54066353	54067057	7	-1.6353
9d9b36bf-4c98-4190-8cf2-a8f339c9ecb2	6	54070550	55960697	1208	0.0255
9d9b36bf-4c98-4190-8cf2-a8f339c9ecb2	6	55961357	55978862	10	-0.9714
9d9b36bf-4c98-4190-8cf2-a8f339c9ecb2	6	55986080	57045536	614	0.0469
9d9b36bf-4c98-4190-8cf2-a8f339c9ecb2	6	57048274	57087832	16	0.6788
9d9b36bf-4c98-4190-8cf2-a8f339c9ecb2	6	57094865	62213920	1116	0.0284
9d9b36bf-4c98-4190-8cf2-a8f339c9ecb2	6	62215737	62218399	4	-0.9699
9d9b36bf-4c98-4190-8cf2-a8f339c9ecb2	6	62221798	62888548	329	0.0192
9d9b36bf-4c98-4190-8cf2-a8f339c9ecb2	6	62890243	62913866	18	0.3207
9d9b36bf-4c98-4190-8cf2-a8f339c9ecb2	6	62917170	63269889	202	0.1269
9d9b36bf-4c98-4190-8cf2-a8f339c9ecb2	6	63271023	63455342	105	0.2901
9d9b36bf-4c98-4190-8cf2-a8f339c9ecb2	6	63459672	64627049	597	-0.0751
9d9b36bf-4c98-4190-8cf2-a8f339c9ecb2	6	64637651	64639099	2	1.2917
9d9b36bf-4c98-4190-8cf2-a8f339c9ecb2	6	64640883	73882085	6148	-0.0864
9d9b36bf-4c98-4190-8cf2-a8f339c9ecb2	6	73882142	73893903	14	0.4212
9d9b36bf-4c98-4190-8cf2-a8f339c9ecb2	6	73894003	76730151	1761	-0.0904
9d9b36bf-4c98-4190-8cf2-a8f339c9ecb2	6	76730331	76758749	23	0.3747
9d9b36bf-4c98-4190-8cf2-a8f339c9ecb2	6	76758871	78253172	972	-0.0809
9d9b36bf-4c98-4190-8cf2-a8f339c9ecb2	6	78259348	78325468	113	-2.4993
9d9b36bf-4c98-4190-8cf2-a8f339c9ecb2	6	78329517	157832340	50447	-0.0847
9d9b36bf-4c98-4190-8cf2-a8f339c9ecb2	6	157834115	158055284	160	-0.2214
9d9b36bf-4c98-4190-8cf2-a8f339c9ecb2	6	158056442	165412077	5477	-0.0855
9d9b36bf-4c98-4190-8cf2-a8f339c9ecb2	6	165412726	168901262	2368	-0.2164
9d9b36bf-4c98-4190-8cf2-a8f339c9ecb2	6	168903425	170741917	1153	-0.0803
9d9b36bf-4c98-4190-8cf2-a8f339c9ecb2	7	43355	38254500	27338	0.0222
9d9b36bf-4c98-4190-8cf2-a8f339c9ecb2	7	38255395	38361356	124	0.2243
9d9b36bf-4c98-4190-8cf2-a8f339c9ecb2	7	38362895	70955452	17106	0.0194
9d9b36bf-4c98-4190-8cf2-a8f339c9ecb2	7	70958264	70961155	2	-2.1063
9d9b36bf-4c98-4190-8cf2-a8f339c9ecb2	7	70963257	88035924	9425	0.0243
9d9b36bf-4c98-4190-8cf2-a8f339c9ecb2	7	88041426	88043631	18	-1.0008
9d9b36bf-4c98-4190-8cf2-a8f339c9ecb2	7	88043658	126405597	22894	0.0256
9d9b36bf-4c98-4190-8cf2-a8f339c9ecb2	7	126405632	126406823	11	1.1231
9d9b36bf-4c98-4190-8cf2-a8f339c9ecb2	7	126406824	142069843	9919	0.0216
9d9b36bf-4c98-4190-8cf2-a8f339c9ecb2	7	142069880	142092307	32	-0.6151
9d9b36bf-4c98-4190-8cf2-a8f339c9ecb2	7	142099190	142513468	335	0.0507
9d9b36bf-4c98-4190-8cf2-a8f339c9ecb2	7	142513915	142804157	115	0.1691
9d9b36bf-4c98-4190-8cf2-a8f339c9ecb2	7	142804972	143733941	469	0.0169
9d9b36bf-4c98-4190-8cf2-a8f339c9ecb2	7	143773027	143799657	4	0.6719
9d9b36bf-4c98-4190-8cf2-a8f339c9ecb2	7	143802123	144176859	278	0.026
9d9b36bf-4c98-4190-8cf2-a8f339c9ecb2	7	144199159	144306653	11	0.5529
9d9b36bf-4c98-4190-8cf2-a8f339c9ecb2	7	144312471	145450731	686	0.0083
9d9b36bf-4c98-4190-8cf2-a8f339c9ecb2	7	145451172	145454588	5	-1.0625
9d9b36bf-4c98-4190-8cf2-a8f339c9ecb2	7	145458574	159334314	8946	0.0158
9d9b36bf-4c98-4190-8cf2-a8f339c9ecb2	8	81254	12177488	11006	-0.0941
9d9b36bf-4c98-4190-8cf2-a8f339c9ecb2	8	12323772	12376891	11	-1.4852
9d9b36bf-4c98-4190-8cf2-a8f339c9ecb2	8	12382326	12389977	18	0.3318
9d9b36bf-4c98-4190-8cf2-a8f339c9ecb2	8	12418301	18617617	5537	-0.0766
9d9b36bf-4c98-4190-8cf2-a8f339c9ecb2	8	18617770	18618233	7	-0.7918
9d9b36bf-4c98-4190-8cf2-a8f339c9ecb2	8	18621647	20996445	2092	-0.0894
9d9b36bf-4c98-4190-8cf2-a8f339c9ecb2	8	20997015	21002580	3	-1.4356
9d9b36bf-4c98-4190-8cf2-a8f339c9ecb2	8	21006617	25113490	2764	-0.09
9d9b36bf-4c98-4190-8cf2-a8f339c9ecb2	8	25113973	25126708	29	-0.4593
9d9b36bf-4c98-4190-8cf2-a8f339c9ecb2	8	25126735	39372664	8998	-0.088
9d9b36bf-4c98-4190-8cf2-a8f339c9ecb2	8	39372806	39529446	61	0.6264
9d9b36bf-4c98-4190-8cf2-a8f339c9ecb2	8	39530780	40914477	1074	-0.1041
9d9b36bf-4c98-4190-8cf2-a8f339c9ecb2	8	40920333	40920952	2	1.0637
9d9b36bf-4c98-4190-8cf2-a8f339c9ecb2	8	40926161	46000692	1515	-0.0828
9d9b36bf-4c98-4190-8cf2-a8f339c9ecb2	8	46007651	137810080	58033	0.1208
9d9b36bf-4c98-4190-8cf2-a8f339c9ecb2	8	137811491	137812781	4	-1.0671
9d9b36bf-4c98-4190-8cf2-a8f339c9ecb2	8	137813527	143209006	3587	0.1077
9d9b36bf-4c98-4190-8cf2-a8f339c9ecb2	8	143217232	143217531	4	-0.8703
9d9b36bf-4c98-4190-8cf2-a8f339c9ecb2	8	143222462	145072769	641	0.101
9d9b36bf-4c98-4190-8cf2-a8f339c9ecb2	9	46587	672786	650	-0.0119
9d9b36bf-4c98-4190-8cf2-a8f339c9ecb2	9	672895	673512	5	-0.98
9d9b36bf-4c98-4190-8cf2-a8f339c9ecb2	9	676055	2147099	1660	0.0204
9d9b36bf-4c98-4190-8cf2-a8f339c9ecb2	9	2148837	2150662	6	-1.072
9d9b36bf-4c98-4190-8cf2-a8f339c9ecb2	9	2152115	6536953	3912	0.0208
9d9b36bf-4c98-4190-8cf2-a8f339c9ecb2	9	6542265	6874243	258	0.5654
9d9b36bf-4c98-4190-8cf2-a8f339c9ecb2	9	6875596	12994973	5510	0.0282
9d9b36bf-4c98-4190-8cf2-a8f339c9ecb2	9	12997321	14678901	1440	-0.0735
9d9b36bf-4c98-4190-8cf2-a8f339c9ecb2	9	14685581	23361807	6957	0.0211
9d9b36bf-4c98-4190-8cf2-a8f339c9ecb2	9	23363117	23373486	8	0.7714
9d9b36bf-4c98-4190-8cf2-a8f339c9ecb2	9	23378490	39807498	10733	0.0228
9d9b36bf-4c98-4190-8cf2-a8f339c9ecb2	9	39827488	39833357	2	-1.8082
9d9b36bf-4c98-4190-8cf2-a8f339c9ecb2	9	39840169	42073850	106	-0.0287
9d9b36bf-4c98-4190-8cf2-a8f339c9ecb2	9	42080170	42230926	19	-0.615
9d9b36bf-4c98-4190-8cf2-a8f339c9ecb2	9	42259927	61378951	68	-0.134
9d9b36bf-4c98-4190-8cf2-a8f339c9ecb2	9	61405110	61600648	25	-1.3132
9d9b36bf-4c98-4190-8cf2-a8f339c9ecb2	9	61612703	64480573	99	-0.0907
9d9b36bf-4c98-4190-8cf2-a8f339c9ecb2	9	64480578	64965577	35	-0.3855
9d9b36bf-4c98-4190-8cf2-a8f339c9ecb2	9	64965589	82749856	10395	0.019
9d9b36bf-4c98-4190-8cf2-a8f339c9ecb2	9	82761361	82769329	10	-0.9812
9d9b36bf-4c98-4190-8cf2-a8f339c9ecb2	9	82776771	138200944	37503	0.0182
9d9b36bf-4c98-4190-8cf2-a8f339c9ecb2	10	45792	24088745	19170	0.0212
9d9b36bf-4c98-4190-8cf2-a8f339c9ecb2	10	24088746	24089125	10	0.9987
9d9b36bf-4c98-4190-8cf2-a8f339c9ecb2	10	24089979	45574604	12162	0.0183
9d9b36bf-4c98-4190-8cf2-a8f339c9ecb2	10	45577424	45580787	5	-0.8245
9d9b36bf-4c98-4190-8cf2-a8f339c9ecb2	10	45584888	46522571	292	-0.0624
9d9b36bf-4c98-4190-8cf2-a8f339c9ecb2	10	46525652	46526061	10	-0.7946
9d9b36bf-4c98-4190-8cf2-a8f339c9ecb2	10	46526086	83553971	24673	0.0186
9d9b36bf-4c98-4190-8cf2-a8f339c9ecb2	10	83554790	87796051	2748	-0.0981
9d9b36bf-4c98-4190-8cf2-a8f339c9ecb2	10	87796487	88233714	446	-0.2051
9d9b36bf-4c98-4190-8cf2-a8f339c9ecb2	10	88233727	89926053	1250	-0.0695
9d9b36bf-4c98-4190-8cf2-a8f339c9ecb2	10	89926953	133654968	29792	0.0134
9d9b36bf-4c98-4190-8cf2-a8f339c9ecb2	11	198510	4705210	2142	0.0182
9d9b36bf-4c98-4190-8cf2-a8f339c9ecb2	11	4705388	4705661	5	-1.0849
9d9b36bf-4c98-4190-8cf2-a8f339c9ecb2	11	4707904	5768371	1081	0.0106
9d9b36bf-4c98-4190-8cf2-a8f339c9ecb2	11	5768495	5787909	29	0.4757
9d9b36bf-4c98-4190-8cf2-a8f339c9ecb2	11	5788108	6096746	245	0.0376
9d9b36bf-4c98-4190-8cf2-a8f339c9ecb2	11	6099417	6100864	2	1.2644
9d9b36bf-4c98-4190-8cf2-a8f339c9ecb2	11	6101273	48572716	29741	0.0213
9d9b36bf-4c98-4190-8cf2-a8f339c9ecb2	11	48576870	48581124	3	-1.116
9d9b36bf-4c98-4190-8cf2-a8f339c9ecb2	11	48584766	54743970	888	0.0357
9d9b36bf-4c98-4190-8cf2-a8f339c9ecb2	11	54762035	54766290	3	-1.1591
9d9b36bf-4c98-4190-8cf2-a8f339c9ecb2	11	54782119	55595864	284	0.0738
9d9b36bf-4c98-4190-8cf2-a8f339c9ecb2	11	55606556	55685533	59	-0.491
9d9b36bf-4c98-4190-8cf2-a8f339c9ecb2	11	55686100	71753030	8337	0.0174
9d9b36bf-4c98-4190-8cf2-a8f339c9ecb2	11	71766534	71770617	5	-0.7474
9d9b36bf-4c98-4190-8cf2-a8f339c9ecb2	11	71771008	75033550	1615	0.012
9d9b36bf-4c98-4190-8cf2-a8f339c9ecb2	11	75035508	75035586	2	-1.163
9d9b36bf-4c98-4190-8cf2-a8f339c9ecb2	11	75039731	80130934	3204	0.0171
9d9b36bf-4c98-4190-8cf2-a8f339c9ecb2	11	80132088	80140252	3	-0.8268
9d9b36bf-4c98-4190-8cf2-a8f339c9ecb2	11	80143659	80256460	82	0.0234
9d9b36bf-4c98-4190-8cf2-a8f339c9ecb2	11	80256469	80256504	2	-1.7757
9d9b36bf-4c98-4190-8cf2-a8f339c9ecb2	11	80256520	113389225	22966	0.0265
9d9b36bf-4c98-4190-8cf2-a8f339c9ecb2	11	113389614	115194573	1306	-0.0859
9d9b36bf-4c98-4190-8cf2-a8f339c9ecb2	11	115194718	116649752	1118	0.0281
9d9b36bf-4c98-4190-8cf2-a8f339c9ecb2	11	116649810	118510151	1338	-0.1035
9d9b36bf-4c98-4190-8cf2-a8f339c9ecb2	11	118510205	135074876	12245	0.0179
9d9b36bf-4c98-4190-8cf2-a8f339c9ecb2	12	51460	9477960	6165	0.0101
9d9b36bf-4c98-4190-8cf2-a8f339c9ecb2	12	9481274	9575696	24	1.3783
9d9b36bf-4c98-4190-8cf2-a8f339c9ecb2	12	9582373	11068125	1037	0.0194
9d9b36bf-4c98-4190-8cf2-a8f339c9ecb2	12	11070111	11088933	9	0.8246
9d9b36bf-4c98-4190-8cf2-a8f339c9ecb2	12	11099275	12344506	974	0.0325
9d9b36bf-4c98-4190-8cf2-a8f339c9ecb2	12	12353917	13693424	1116	-0.0893
9d9b36bf-4c98-4190-8cf2-a8f339c9ecb2	12	13696501	25412552	7770	0.0238
9d9b36bf-4c98-4190-8cf2-a8f339c9ecb2	12	25412854	25413429	2	-1.4537
9d9b36bf-4c98-4190-8cf2-a8f339c9ecb2	12	25414375	33148472	5652	0.0207
9d9b36bf-4c98-4190-8cf2-a8f339c9ecb2	12	33148492	33155426	27	-0.6428
9d9b36bf-4c98-4190-8cf2-a8f339c9ecb2	12	33155453	45506042	5577	0.0315
9d9b36bf-4c98-4190-8cf2-a8f339c9ecb2	12	45510655	45515754	4	1.3619
9d9b36bf-4c98-4190-8cf2-a8f339c9ecb2	12	45519509	70476293	15148	0.0174
9d9b36bf-4c98-4190-8cf2-a8f339c9ecb2	12	70478078	70484247	10	-0.6722
9d9b36bf-4c98-4190-8cf2-a8f339c9ecb2	12	70485605	84659640	8996	0.0247
9d9b36bf-4c98-4190-8cf2-a8f339c9ecb2	12	84662746	86038765	770	-0.0965
9d9b36bf-4c98-4190-8cf2-a8f339c9ecb2	12	86044650	120660043	22966	0.0158
9d9b36bf-4c98-4190-8cf2-a8f339c9ecb2	12	120660606	122259626	779	-0.0779
9d9b36bf-4c98-4190-8cf2-a8f339c9ecb2	12	122262709	133201603	7708	0.0098
9d9b36bf-4c98-4190-8cf2-a8f339c9ecb2	13	18452809	20850642	1292	0.0163
9d9b36bf-4c98-4190-8cf2-a8f339c9ecb2	13	20851216	23058539	1566	-0.0807
9d9b36bf-4c98-4190-8cf2-a8f339c9ecb2	13	23058721	23064056	12	-0.706
9d9b36bf-4c98-4190-8cf2-a8f339c9ecb2	13	23064071	37496998	10603	-0.0838
9d9b36bf-4c98-4190-8cf2-a8f339c9ecb2	13	37497899	37510620	16	-2.1581
9d9b36bf-4c98-4190-8cf2-a8f339c9ecb2	13	37514193	71902850	21517	-0.078
9d9b36bf-4c98-4190-8cf2-a8f339c9ecb2	13	71903417	71906418	4	-2.7231
9d9b36bf-4c98-4190-8cf2-a8f339c9ecb2	13	71906467	114342922	29050	-0.0848
9d9b36bf-4c98-4190-8cf2-a8f339c9ecb2	14	18239283	18662134	20	0.0326
9d9b36bf-4c98-4190-8cf2-a8f339c9ecb2	14	18674599	19954424	146	0.5209
9d9b36bf-4c98-4190-8cf2-a8f339c9ecb2	14	19955213	21909724	1309	0.0073
9d9b36bf-4c98-4190-8cf2-a8f339c9ecb2	14	21910361	22490565	505	0.2142
9d9b36bf-4c98-4190-8cf2-a8f339c9ecb2	14	22490580	23976425	890	-0.0098
9d9b36bf-4c98-4190-8cf2-a8f339c9ecb2	14	23977422	23982222	3	-1.1658
9d9b36bf-4c98-4190-8cf2-a8f339c9ecb2	14	23983492	41139155	10867	0.0172
9d9b36bf-4c98-4190-8cf2-a8f339c9ecb2	14	41141293	41207547	22	0.4181
9d9b36bf-4c98-4190-8cf2-a8f339c9ecb2	14	41207565	55722612	8946	0.0185
9d9b36bf-4c98-4190-8cf2-a8f339c9ecb2	14	55723033	58464374	1974	-0.1023
9d9b36bf-4c98-4190-8cf2-a8f339c9ecb2	14	58464735	61880791	2100	0.0168
9d9b36bf-4c98-4190-8cf2-a8f339c9ecb2	14	61881484	77099294	9604	-0.0974
9d9b36bf-4c98-4190-8cf2-a8f339c9ecb2	14	77099361	77992089	626	0.0051
9d9b36bf-4c98-4190-8cf2-a8f339c9ecb2	14	77992629	83935717	4072	-0.088
9d9b36bf-4c98-4190-8cf2-a8f339c9ecb2	14	83938902	96123023	8223	0.0136
9d9b36bf-4c98-4190-8cf2-a8f339c9ecb2	14	96123846	96128355	4	-0.8276
9d9b36bf-4c98-4190-8cf2-a8f339c9ecb2	14	96129300	96704489	369	-0.0206
9d9b36bf-4c98-4190-8cf2-a8f339c9ecb2	14	96704639	96705032	4	-1.0032
9d9b36bf-4c98-4190-8cf2-a8f339c9ecb2	14	96705354	96891679	125	0.0019
9d9b36bf-4c98-4190-8cf2-a8f339c9ecb2	14	96892165	96893506	4	-0.8546
9d9b36bf-4c98-4190-8cf2-a8f339c9ecb2	14	96896000	106433474	5305	0.0107
9d9b36bf-4c98-4190-8cf2-a8f339c9ecb2	14	106434898	106475361	46	-0.619
9d9b36bf-4c98-4190-8cf2-a8f339c9ecb2	14	106487515	106877229	193	0.0183
9d9b36bf-4c98-4190-8cf2-a8f339c9ecb2	15	19811075	20060725	52	0.0283
9d9b36bf-4c98-4190-8cf2-a8f339c9ecb2	15	20062609	22413894	157	-0.5026
9d9b36bf-4c98-4190-8cf2-a8f339c9ecb2	15	22455811	24401996	983	0.0285
9d9b36bf-4c98-4190-8cf2-a8f339c9ecb2	15	24402847	24485848	43	-0.4701
9d9b36bf-4c98-4190-8cf2-a8f339c9ecb2	15	24486725	30281107	3605	0.0138
9d9b36bf-4c98-4190-8cf2-a8f339c9ecb2	15	30281121	30297594	4	0.9426
9d9b36bf-4c98-4190-8cf2-a8f339c9ecb2	15	30300815	76598900	29035	0.0182
9d9b36bf-4c98-4190-8cf2-a8f339c9ecb2	15	76599170	76603434	21	0.7534
9d9b36bf-4c98-4190-8cf2-a8f339c9ecb2	15	76609838	91263032	9345	0.0162
9d9b36bf-4c98-4190-8cf2-a8f339c9ecb2	15	91264121	91903034	465	-0.074
9d9b36bf-4c98-4190-8cf2-a8f339c9ecb2	15	91904411	91946367	34	-0.269
9d9b36bf-4c98-4190-8cf2-a8f339c9ecb2	15	91949026	92098694	157	-0.0562
9d9b36bf-4c98-4190-8cf2-a8f339c9ecb2	15	92101690	101928837	7596	0.0194
9d9b36bf-4c98-4190-8cf2-a8f339c9ecb2	16	10777	64185	28	-0.1406
9d9b36bf-4c98-4190-8cf2-a8f339c9ecb2	16	64537	16269368	11713	0.01
9d9b36bf-4c98-4190-8cf2-a8f339c9ecb2	16	16419234	16419781	3	1.1496
9d9b36bf-4c98-4190-8cf2-a8f339c9ecb2	16	16435734	16606206	25	-0.1347
9d9b36bf-4c98-4190-8cf2-a8f339c9ecb2	16	16614737	16622170	3	-1.9597
9d9b36bf-4c98-4190-8cf2-a8f339c9ecb2	16	16645406	18104860	978	0.005
9d9b36bf-4c98-4190-8cf2-a8f339c9ecb2	16	18134261	18144432	2	1.891
9d9b36bf-4c98-4190-8cf2-a8f339c9ecb2	16	18148869	28742130	6137	0.02
9d9b36bf-4c98-4190-8cf2-a8f339c9ecb2	16	28752527	28813331	3	-1.2728
9d9b36bf-4c98-4190-8cf2-a8f339c9ecb2	16	28813550	29261283	147	-0.095
9d9b36bf-4c98-4190-8cf2-a8f339c9ecb2	16	29265473	29269734	5	-1.4551
9d9b36bf-4c98-4190-8cf2-a8f339c9ecb2	16	29270444	30992017	479	-0.0955
9d9b36bf-4c98-4190-8cf2-a8f339c9ecb2	16	30992523	35225338	632	0.013
9d9b36bf-4c98-4190-8cf2-a8f339c9ecb2	16	35232200	35521195	167	0.5139
9d9b36bf-4c98-4190-8cf2-a8f339c9ecb2	16	35522700	35949422	131	0.0727
9d9b36bf-4c98-4190-8cf2-a8f339c9ecb2	16	35981677	55761136	6462	-0.0884
9d9b36bf-4c98-4190-8cf2-a8f339c9ecb2	16	55762477	55782734	18	-0.7241
9d9b36bf-4c98-4190-8cf2-a8f339c9ecb2	16	55782793	78337711	14268	-0.089
9d9b36bf-4c98-4190-8cf2-a8f339c9ecb2	16	78338543	78350868	17	0.6492
9d9b36bf-4c98-4190-8cf2-a8f339c9ecb2	16	78351104	90096867	10607	-0.0978
9d9b36bf-4c98-4190-8cf2-a8f339c9ecb2	17	150733	13868282	8633	-0.092
9d9b36bf-4c98-4190-8cf2-a8f339c9ecb2	17	13868352	16729340	1833	0.0138
9d9b36bf-4c98-4190-8cf2-a8f339c9ecb2	17	16749820	16838214	16	-0.4739
9d9b36bf-4c98-4190-8cf2-a8f339c9ecb2	17	16838470	18414080	906	0.0204
9d9b36bf-4c98-4190-8cf2-a8f339c9ecb2	17	18452078	18561907	27	0.7161
9d9b36bf-4c98-4190-8cf2-a8f339c9ecb2	17	18565883	36088560	6811	0.0157
9d9b36bf-4c98-4190-8cf2-a8f339c9ecb2	17	36089191	36150221	52	-0.2587
9d9b36bf-4c98-4190-8cf2-a8f339c9ecb2	17	36157718	37416083	684	0.0294
9d9b36bf-4c98-4190-8cf2-a8f339c9ecb2	17	37419035	37419555	2	-2.1144
9d9b36bf-4c98-4190-8cf2-a8f339c9ecb2	17	37425380	41265456	1838	0.0148
9d9b36bf-4c98-4190-8cf2-a8f339c9ecb2	17	41266762	41274279	24	1.2146
9d9b36bf-4c98-4190-8cf2-a8f339c9ecb2	17	41276472	43354897	1105	0.0144
9d9b36bf-4c98-4190-8cf2-a8f339c9ecb2	17	43361222	43362553	3	-0.8918
9d9b36bf-4c98-4190-8cf2-a8f339c9ecb2	17	43366336	46103588	1403	0.0008
9d9b36bf-4c98-4190-8cf2-a8f339c9ecb2	17	46104213	46446360	116	-0.3227
9d9b36bf-4c98-4190-8cf2-a8f339c9ecb2	17	46569894	83091923	21560	0.0154
9d9b36bf-4c98-4190-8cf2-a8f339c9ecb2	18	48133	40680526	22771	0.0162
9d9b36bf-4c98-4190-8cf2-a8f339c9ecb2	18	40680642	40685425	13	0.58
9d9b36bf-4c98-4190-8cf2-a8f339c9ecb2	18	40688060	44394050	2362	0.0077
9d9b36bf-4c98-4190-8cf2-a8f339c9ecb2	18	44394853	44398660	7	-0.7888
9d9b36bf-4c98-4190-8cf2-a8f339c9ecb2	18	44402706	64419296	14007	0.0131
9d9b36bf-4c98-4190-8cf2-a8f339c9ecb2	18	64421566	64423736	3	-1.7038
9d9b36bf-4c98-4190-8cf2-a8f339c9ecb2	18	64426245	80257174	11526	0.0172
9d9b36bf-4c98-4190-8cf2-a8f339c9ecb2	19	90910	35358420	16698	0.0143
9d9b36bf-4c98-4190-8cf2-a8f339c9ecb2	19	35364451	35375884	23	-0.5308
9d9b36bf-4c98-4190-8cf2-a8f339c9ecb2	19	35375899	54801157	10065	0.0102
9d9b36bf-4c98-4190-8cf2-a8f339c9ecb2	19	54801545	54802362	2	-1.5275
9d9b36bf-4c98-4190-8cf2-a8f339c9ecb2	19	54802832	58586487	2306	0.0195
9d9b36bf-4c98-4190-8cf2-a8f339c9ecb2	20	80664	1586808	1205	-0.1022
9d9b36bf-4c98-4190-8cf2-a8f339c9ecb2	20	1587007	1617690	41	-0.6354
9d9b36bf-4c98-4190-8cf2-a8f339c9ecb2	20	1618356	15320728	10374	-0.0827
9d9b36bf-4c98-4190-8cf2-a8f339c9ecb2	20	15321256	15321728	3	-2.6569
9d9b36bf-4c98-4190-8cf2-a8f339c9ecb2	20	15324612	30193847	8376	-0.0878
9d9b36bf-4c98-4190-8cf2-a8f339c9ecb2	20	30206919	30295239	17	-0.5682
9d9b36bf-4c98-4190-8cf2-a8f339c9ecb2	20	30299006	30339157	10	-0.0933
9d9b36bf-4c98-4190-8cf2-a8f339c9ecb2	20	30342277	40941675	5519	0.0201
9d9b36bf-4c98-4190-8cf2-a8f339c9ecb2	20	40942099	49136665	5872	-0.0923
9d9b36bf-4c98-4190-8cf2-a8f339c9ecb2	20	49140917	64324800	10921	0.0176
9d9b36bf-4c98-4190-8cf2-a8f339c9ecb2	21	10354168	10494350	19	-0.1227
9d9b36bf-4c98-4190-8cf2-a8f339c9ecb2	21	10511939	10756733	67	-0.4596
9d9b36bf-4c98-4190-8cf2-a8f339c9ecb2	21	10775586	38520191	18159	0.0198
9d9b36bf-4c98-4190-8cf2-a8f339c9ecb2	21	38520365	41544462	2693	-0.0947
9d9b36bf-4c98-4190-8cf2-a8f339c9ecb2	21	41546239	46677045	2893	0.0018
9d9b36bf-4c98-4190-8cf2-a8f339c9ecb2	22	15294547	23929558	4378	-0.0011
9d9b36bf-4c98-4190-8cf2-a8f339c9ecb2	22	23940911	23990739	18	0.5194
9d9b36bf-4c98-4190-8cf2-a8f339c9ecb2	22	23995113	48833435	17610	0.0138
9d9b36bf-4c98-4190-8cf2-a8f339c9ecb2	22	48833553	50796027	1246	-0.0401
9d9b36bf-4c98-4190-8cf2-a8f339c9ecb2	X	251810	5003874	1646	-0.0127
9d9b36bf-4c98-4190-8cf2-a8f339c9ecb2	X	5004155	5004902	2	-2.9301
9d9b36bf-4c98-4190-8cf2-a8f339c9ecb2	X	5008487	86661757	42696	0.0042
9d9b36bf-4c98-4190-8cf2-a8f339c9ecb2	X	86662204	86662711	2	-2.1541
9d9b36bf-4c98-4190-8cf2-a8f339c9ecb2	X	86663759	128949559	22891	0.0092
9d9b36bf-4c98-4190-8cf2-a8f339c9ecb2	X	128950613	128955628	4	-1.6147
9d9b36bf-4c98-4190-8cf2-a8f339c9ecb2	X	128957676	155952689	15677	-0.0029
9d9b36bf-4c98-4190-8cf2-a8f339c9ecb2	Y	2782397	56872112	6640	-0.9209
