GDC_Aliquot	Chromosome	Start	End	Num_Probes	Segment_Mean
4cd8277c-8a70-44e6-b491-cd35c63408db	1	62920	668210	21	0.11
4cd8277c-8a70-44e6-b491-cd35c63408db	1	771719	16489595	8592	-0.2805
4cd8277c-8a70-44e6-b491-cd35c63408db	1	16493138	16679239	39	0.1153
4cd8277c-8a70-44e6-b491-cd35c63408db	1	16679281	16721910	10	-0.4159
4cd8277c-8a70-44e6-b491-cd35c63408db	1	16721984	16788139	14	0.2262
4cd8277c-8a70-44e6-b491-cd35c63408db	1	16855942	16958425	61	-0.5463
4cd8277c-8a70-44e6-b491-cd35c63408db	1	16959715	28926692	6753	-0.2467
4cd8277c-8a70-44e6-b491-cd35c63408db	1	28935501	39912235	6318	-0.066
4cd8277c-8a70-44e6-b491-cd35c63408db	1	39915619	40555364	338	0.1045
4cd8277c-8a70-44e6-b491-cd35c63408db	1	40556404	40562538	4	-2.2078
4cd8277c-8a70-44e6-b491-cd35c63408db	1	40563254	44647654	2481	0.0946
4cd8277c-8a70-44e6-b491-cd35c63408db	1	44650765	46674003	976	0.3004
4cd8277c-8a70-44e6-b491-cd35c63408db	1	46680736	54539340	4336	0.0856
4cd8277c-8a70-44e6-b491-cd35c63408db	1	54546686	54777646	166	0.281
4cd8277c-8a70-44e6-b491-cd35c63408db	1	54777917	54808979	21	-0.147
4cd8277c-8a70-44e6-b491-cd35c63408db	1	54809137	58016357	2656	0.2603
4cd8277c-8a70-44e6-b491-cd35c63408db	1	58016644	58017448	5	-0.6605
4cd8277c-8a70-44e6-b491-cd35c63408db	1	58018605	62766211	3390	0.2479
4cd8277c-8a70-44e6-b491-cd35c63408db	1	62766642	64768802	1457	0.1185
4cd8277c-8a70-44e6-b491-cd35c63408db	1	64769779	64999172	319	0.3438
4cd8277c-8a70-44e6-b491-cd35c63408db	1	64999285	65432186	262	0.4398
4cd8277c-8a70-44e6-b491-cd35c63408db	1	65432268	65490042	40	0.2606
4cd8277c-8a70-44e6-b491-cd35c63408db	1	65491255	72284670	4449	0.1091
4cd8277c-8a70-44e6-b491-cd35c63408db	1	72290430	72297687	9	-0.7711
4cd8277c-8a70-44e6-b491-cd35c63408db	1	72302735	72345450	47	1.1881
4cd8277c-8a70-44e6-b491-cd35c63408db	1	72345465	90802197	12081	0.1035
4cd8277c-8a70-44e6-b491-cd35c63408db	1	90803964	90809223	5	-1.0974
4cd8277c-8a70-44e6-b491-cd35c63408db	1	90809777	103560608	7910	0.0786
4cd8277c-8a70-44e6-b491-cd35c63408db	1	103566616	103760781	34	0.5689
4cd8277c-8a70-44e6-b491-cd35c63408db	1	103760879	104271247	270	0.077
4cd8277c-8a70-44e6-b491-cd35c63408db	1	104271920	104830596	291	0.2815
4cd8277c-8a70-44e6-b491-cd35c63408db	1	104831121	105478582	362	-0.1023
4cd8277c-8a70-44e6-b491-cd35c63408db	1	105478597	105479753	11	-0.7172
4cd8277c-8a70-44e6-b491-cd35c63408db	1	105481433	109684893	2633	-0.1215
4cd8277c-8a70-44e6-b491-cd35c63408db	1	109690352	109697556	13	0.8579
4cd8277c-8a70-44e6-b491-cd35c63408db	1	109702376	110833598	836	-0.1354
4cd8277c-8a70-44e6-b491-cd35c63408db	1	110834746	110849445	40	-0.5954
4cd8277c-8a70-44e6-b491-cd35c63408db	1	110850675	112147704	1073	-0.1365
4cd8277c-8a70-44e6-b491-cd35c63408db	1	112153343	112154390	18	-0.5514
4cd8277c-8a70-44e6-b491-cd35c63408db	1	112154552	119240600	4453	-0.1289
4cd8277c-8a70-44e6-b491-cd35c63408db	1	119241480	120885464	613	0.1011
4cd8277c-8a70-44e6-b491-cd35c63408db	1	120885477	120954128	2	1.414
4cd8277c-8a70-44e6-b491-cd35c63408db	1	120954165	143459641	96	0.0893
4cd8277c-8a70-44e6-b491-cd35c63408db	1	143494500	146044884	305	0.7184
4cd8277c-8a70-44e6-b491-cd35c63408db	1	146062439	146788785	7	-0.1736
4cd8277c-8a70-44e6-b491-cd35c63408db	1	147004967	150830551	1164	0.6861
4cd8277c-8a70-44e6-b491-cd35c63408db	1	150836413	150836640	2	-0.6966
4cd8277c-8a70-44e6-b491-cd35c63408db	1	150838529	151344117	183	0.6885
4cd8277c-8a70-44e6-b491-cd35c63408db	1	151344772	151349632	8	0.152
4cd8277c-8a70-44e6-b491-cd35c63408db	1	151355351	151808252	291	0.6732
4cd8277c-8a70-44e6-b491-cd35c63408db	1	151811260	151837380	13	1.328
4cd8277c-8a70-44e6-b491-cd35c63408db	1	151841297	152583291	468	0.7007
4cd8277c-8a70-44e6-b491-cd35c63408db	1	152583319	152613762	29	1.1909
4cd8277c-8a70-44e6-b491-cd35c63408db	1	152613802	152789532	174	0.6613
4cd8277c-8a70-44e6-b491-cd35c63408db	1	152789570	152796224	33	1.1891
4cd8277c-8a70-44e6-b491-cd35c63408db	1	152801429	157300721	2352	0.705
4cd8277c-8a70-44e6-b491-cd35c63408db	1	157302724	158544421	929	0.8217
4cd8277c-8a70-44e6-b491-cd35c63408db	1	158544436	158545233	10	0.2501
4cd8277c-8a70-44e6-b491-cd35c63408db	1	158545295	161306153	1872	0.8277
4cd8277c-8a70-44e6-b491-cd35c63408db	1	161307385	163403671	1557	0.7528
4cd8277c-8a70-44e6-b491-cd35c63408db	1	163404919	164286761	590	0.3106
4cd8277c-8a70-44e6-b491-cd35c63408db	1	164287034	164295450	2	1.294
4cd8277c-8a70-44e6-b491-cd35c63408db	1	164296195	164817008	419	0.312
4cd8277c-8a70-44e6-b491-cd35c63408db	1	164817915	164819401	3	-0.6725
4cd8277c-8a70-44e6-b491-cd35c63408db	1	164820246	168602593	2953	0.307
4cd8277c-8a70-44e6-b491-cd35c63408db	1	168603936	168605460	4	-0.7705
4cd8277c-8a70-44e6-b491-cd35c63408db	1	168610854	169247699	589	0.3061
4cd8277c-8a70-44e6-b491-cd35c63408db	1	169264736	169272528	7	0.9933
4cd8277c-8a70-44e6-b491-cd35c63408db	1	169273163	170906273	1158	0.3233
4cd8277c-8a70-44e6-b491-cd35c63408db	1	170906290	175433878	2768	0.2268
4cd8277c-8a70-44e6-b491-cd35c63408db	1	175434373	176240386	569	0.1539
4cd8277c-8a70-44e6-b491-cd35c63408db	1	176240661	176806542	305	0.2132
4cd8277c-8a70-44e6-b491-cd35c63408db	1	176808612	178692461	1255	-0.0552
4cd8277c-8a70-44e6-b491-cd35c63408db	1	178692730	178705053	44	0.189
4cd8277c-8a70-44e6-b491-cd35c63408db	1	178707731	181062725	1568	-0.0635
4cd8277c-8a70-44e6-b491-cd35c63408db	1	181062798	189679027	5767	0.3364
4cd8277c-8a70-44e6-b491-cd35c63408db	1	189679353	189679397	2	-1.4222
4cd8277c-8a70-44e6-b491-cd35c63408db	1	189682917	196745743	4735	0.3302
4cd8277c-8a70-44e6-b491-cd35c63408db	1	196758720	196846661	60	-1.6691
4cd8277c-8a70-44e6-b491-cd35c63408db	1	196847600	201943780	3339	0.3314
4cd8277c-8a70-44e6-b491-cd35c63408db	1	201945136	203025246	627	0.4304
4cd8277c-8a70-44e6-b491-cd35c63408db	1	203025607	203113177	48	0.6307
4cd8277c-8a70-44e6-b491-cd35c63408db	1	203114023	204080714	616	0.4202
4cd8277c-8a70-44e6-b491-cd35c63408db	1	204086290	204800092	604	0.5176
4cd8277c-8a70-44e6-b491-cd35c63408db	1	204800684	204940522	111	0.6646
4cd8277c-8a70-44e6-b491-cd35c63408db	1	204941448	206403492	734	0.5383
4cd8277c-8a70-44e6-b491-cd35c63408db	1	206410277	209897717	2703	0.6479
4cd8277c-8a70-44e6-b491-cd35c63408db	1	209908268	209908720	2	-1.0594
4cd8277c-8a70-44e6-b491-cd35c63408db	1	209910639	211237784	952	0.6556
4cd8277c-8a70-44e6-b491-cd35c63408db	1	211242608	211276586	13	0.4831
4cd8277c-8a70-44e6-b491-cd35c63408db	1	211282281	214379081	2036	0.364
4cd8277c-8a70-44e6-b491-cd35c63408db	1	214383403	214807586	345	0.1874
4cd8277c-8a70-44e6-b491-cd35c63408db	1	214808077	215232569	323	0.0931
4cd8277c-8a70-44e6-b491-cd35c63408db	1	215232885	215359343	97	0.3102
4cd8277c-8a70-44e6-b491-cd35c63408db	1	215367220	215651825	102	0.1879
4cd8277c-8a70-44e6-b491-cd35c63408db	1	215652037	215682652	17	0.3572
4cd8277c-8a70-44e6-b491-cd35c63408db	1	215684851	215688763	14	-0.7274
4cd8277c-8a70-44e6-b491-cd35c63408db	1	215692667	215720217	19	0.2376
4cd8277c-8a70-44e6-b491-cd35c63408db	1	215727308	215908685	147	0.2774
4cd8277c-8a70-44e6-b491-cd35c63408db	1	215908835	215994302	85	0.7647
4cd8277c-8a70-44e6-b491-cd35c63408db	1	215994603	221405132	3825	0.6839
4cd8277c-8a70-44e6-b491-cd35c63408db	1	221406716	221407063	2	-0.8466
4cd8277c-8a70-44e6-b491-cd35c63408db	1	221407528	222193326	629	0.6655
4cd8277c-8a70-44e6-b491-cd35c63408db	1	222201492	222203662	2	-0.6018
4cd8277c-8a70-44e6-b491-cd35c63408db	1	222208792	223203887	522	0.6937
4cd8277c-8a70-44e6-b491-cd35c63408db	1	223204264	224299155	670	0.8363
4cd8277c-8a70-44e6-b491-cd35c63408db	1	224299187	226817303	1580	0.7449
4cd8277c-8a70-44e6-b491-cd35c63408db	1	226819271	226819481	3	-0.5993
4cd8277c-8a70-44e6-b491-cd35c63408db	1	226825995	232243673	3550	0.7479
4cd8277c-8a70-44e6-b491-cd35c63408db	1	232243750	236468986	3123	0.8379
4cd8277c-8a70-44e6-b491-cd35c63408db	1	236469016	243690894	5601	0.7996
4cd8277c-8a70-44e6-b491-cd35c63408db	1	243697622	243697759	5	-0.9975
4cd8277c-8a70-44e6-b491-cd35c63408db	1	243699806	245262758	1002	0.8161
4cd8277c-8a70-44e6-b491-cd35c63408db	1	245263357	245333157	46	1.1276
4cd8277c-8a70-44e6-b491-cd35c63408db	1	245334493	248930189	2315	0.8294
4cd8277c-8a70-44e6-b491-cd35c63408db	2	12784	295136	179	0.0296
4cd8277c-8a70-44e6-b491-cd35c63408db	2	295255	3965583	2645	-0.028
4cd8277c-8a70-44e6-b491-cd35c63408db	2	3966062	4168830	164	0.0347
4cd8277c-8a70-44e6-b491-cd35c63408db	2	4168862	4174894	28	0.446
4cd8277c-8a70-44e6-b491-cd35c63408db	2	4174949	22408421	13651	0.021
4cd8277c-8a70-44e6-b491-cd35c63408db	2	22414692	25601532	1892	0.2032
4cd8277c-8a70-44e6-b491-cd35c63408db	2	25602234	25708898	55	0.6394
4cd8277c-8a70-44e6-b491-cd35c63408db	2	25715208	34466002	5455	0.2255
4cd8277c-8a70-44e6-b491-cd35c63408db	2	34474248	34502800	44	0.6301
4cd8277c-8a70-44e6-b491-cd35c63408db	2	34511446	35750907	871	0.2302
4cd8277c-8a70-44e6-b491-cd35c63408db	2	35752724	35762850	6	-1.2278
4cd8277c-8a70-44e6-b491-cd35c63408db	2	35762881	37120944	1126	0.2209
4cd8277c-8a70-44e6-b491-cd35c63408db	2	37125868	40505766	2398	0.0226
4cd8277c-8a70-44e6-b491-cd35c63408db	2	40505797	40505811	2	-1.7142
4cd8277c-8a70-44e6-b491-cd35c63408db	2	40508594	52527743	8596	0.0625
4cd8277c-8a70-44e6-b491-cd35c63408db	2	52531615	52554404	33	0.5534
4cd8277c-8a70-44e6-b491-cd35c63408db	2	52560811	86710564	21899	0.0622
4cd8277c-8a70-44e6-b491-cd35c63408db	2	86725947	86726731	2	-1.5612
4cd8277c-8a70-44e6-b491-cd35c63408db	2	86743283	97181113	1899	0.0912
4cd8277c-8a70-44e6-b491-cd35c63408db	2	97181150	97211436	18	0.5612
4cd8277c-8a70-44e6-b491-cd35c63408db	2	97310327	97359885	13	-0.0601
4cd8277c-8a70-44e6-b491-cd35c63408db	2	97524284	97545247	8	-0.9042
4cd8277c-8a70-44e6-b491-cd35c63408db	2	97545726	106258266	5566	0.078
4cd8277c-8a70-44e6-b491-cd35c63408db	2	106263639	106270799	13	-1.8899
4cd8277c-8a70-44e6-b491-cd35c63408db	2	106270952	130539652	14376	0.0851
4cd8277c-8a70-44e6-b491-cd35c63408db	2	130560276	130560478	2	-4.032
4cd8277c-8a70-44e6-b491-cd35c63408db	2	130720375	132081787	545	0.0875
4cd8277c-8a70-44e6-b491-cd35c63408db	2	132084473	132383025	52	0.3643
4cd8277c-8a70-44e6-b491-cd35c63408db	2	132385773	163950111	19513	0.0838
4cd8277c-8a70-44e6-b491-cd35c63408db	2	163954626	164019241	45	-0.1799
4cd8277c-8a70-44e6-b491-cd35c63408db	2	164021366	168673777	2811	0.0746
4cd8277c-8a70-44e6-b491-cd35c63408db	2	168674036	183220725	9315	-0.1606
4cd8277c-8a70-44e6-b491-cd35c63408db	2	183221060	183224996	9	-1.5057
4cd8277c-8a70-44e6-b491-cd35c63408db	2	183229270	191008827	4425	-0.152
4cd8277c-8a70-44e6-b491-cd35c63408db	2	191009941	207486030	9669	0.0742
4cd8277c-8a70-44e6-b491-cd35c63408db	2	207490188	207494612	18	-0.7091
4cd8277c-8a70-44e6-b491-cd35c63408db	2	207494752	218765640	7254	0.0751
4cd8277c-8a70-44e6-b491-cd35c63408db	2	218766242	218928766	68	0.2711
4cd8277c-8a70-44e6-b491-cd35c63408db	2	218933012	219897687	529	0.0798
4cd8277c-8a70-44e6-b491-cd35c63408db	2	219898563	220041804	98	0.2742
4cd8277c-8a70-44e6-b491-cd35c63408db	2	220041822	235211241	9931	0.0656
4cd8277c-8a70-44e6-b491-cd35c63408db	2	235213297	235527875	235	0.3859
4cd8277c-8a70-44e6-b491-cd35c63408db	2	235527911	242147305	3953	0.0447
4cd8277c-8a70-44e6-b491-cd35c63408db	3	20930	26570158	19995	0.0217
4cd8277c-8a70-44e6-b491-cd35c63408db	3	26570176	26570394	4	-2.3847
4cd8277c-8a70-44e6-b491-cd35c63408db	3	26570407	26573486	11	-0.3073
4cd8277c-8a70-44e6-b491-cd35c63408db	3	26574458	26887965	252	0.0228
4cd8277c-8a70-44e6-b491-cd35c63408db	3	26888788	46751887	12878	-0.3111
4cd8277c-8a70-44e6-b491-cd35c63408db	3	46760327	46806126	38	-1.266
4cd8277c-8a70-44e6-b491-cd35c63408db	3	46807689	52994359	2496	-0.2934
4cd8277c-8a70-44e6-b491-cd35c63408db	3	52997720	53004757	30	0.0444
4cd8277c-8a70-44e6-b491-cd35c63408db	3	53004770	61798162	6629	-0.3196
4cd8277c-8a70-44e6-b491-cd35c63408db	3	61803360	62111962	282	-0.5303
4cd8277c-8a70-44e6-b491-cd35c63408db	3	62114587	65627027	3041	-0.3142
4cd8277c-8a70-44e6-b491-cd35c63408db	3	65628282	75519398	7015	0.0671
4cd8277c-8a70-44e6-b491-cd35c63408db	3	75523398	75547095	8	0.6552
4cd8277c-8a70-44e6-b491-cd35c63408db	3	75559488	82059630	3673	0.0535
4cd8277c-8a70-44e6-b491-cd35c63408db	3	82062201	82064038	3	-0.8352
4cd8277c-8a70-44e6-b491-cd35c63408db	3	82064741	82214837	75	0.0177
4cd8277c-8a70-44e6-b491-cd35c63408db	3	82216122	82231073	7	0.4906
4cd8277c-8a70-44e6-b491-cd35c63408db	3	82231644	82706841	275	0.0323
4cd8277c-8a70-44e6-b491-cd35c63408db	3	82707026	82709592	2	-0.8978
4cd8277c-8a70-44e6-b491-cd35c63408db	3	82712909	86665260	2117	0.061
4cd8277c-8a70-44e6-b491-cd35c63408db	3	86665456	86665689	2	-1.0511
4cd8277c-8a70-44e6-b491-cd35c63408db	3	86665954	94000475	2045	0.0563
4cd8277c-8a70-44e6-b491-cd35c63408db	3	94001725	95737262	917	0.0077
4cd8277c-8a70-44e6-b491-cd35c63408db	3	95748036	95749266	2	1.0272
4cd8277c-8a70-44e6-b491-cd35c63408db	3	95749836	99225788	1851	0.0013
4cd8277c-8a70-44e6-b491-cd35c63408db	3	99225919	99232990	34	-0.4719
4cd8277c-8a70-44e6-b491-cd35c63408db	3	99233548	100185939	550	0.0133
4cd8277c-8a70-44e6-b491-cd35c63408db	3	100187406	100291165	56	0.2075
4cd8277c-8a70-44e6-b491-cd35c63408db	3	100305775	100348991	27	0.0305
4cd8277c-8a70-44e6-b491-cd35c63408db	3	100352372	100375364	16	0.3206
4cd8277c-8a70-44e6-b491-cd35c63408db	3	100376328	100631901	100	0.0199
4cd8277c-8a70-44e6-b491-cd35c63408db	3	100632350	100729339	55	0.1686
4cd8277c-8a70-44e6-b491-cd35c63408db	3	100731528	122298661	13236	0.0064
4cd8277c-8a70-44e6-b491-cd35c63408db	3	122302345	122363991	57	0.2703
4cd8277c-8a70-44e6-b491-cd35c63408db	3	122365107	130044016	4596	0.0129
4cd8277c-8a70-44e6-b491-cd35c63408db	3	130044855	130087393	38	-1.5609
4cd8277c-8a70-44e6-b491-cd35c63408db	3	130088081	130369561	142	0.0709
4cd8277c-8a70-44e6-b491-cd35c63408db	3	130372319	136727117	4027	0.0021
4cd8277c-8a70-44e6-b491-cd35c63408db	3	136728604	142102103	3264	0.0912
4cd8277c-8a70-44e6-b491-cd35c63408db	3	142102618	142367829	117	0.6745
4cd8277c-8a70-44e6-b491-cd35c63408db	3	142372631	146101936	2468	0.022
4cd8277c-8a70-44e6-b491-cd35c63408db	3	146107256	146351674	165	0.3843
4cd8277c-8a70-44e6-b491-cd35c63408db	3	146352093	149211769	1689	0.0356
4cd8277c-8a70-44e6-b491-cd35c63408db	3	149213737	149861514	441	0.3185
4cd8277c-8a70-44e6-b491-cd35c63408db	3	149872735	149957458	45	0.0205
4cd8277c-8a70-44e6-b491-cd35c63408db	3	149959639	149963907	4	-0.4152
4cd8277c-8a70-44e6-b491-cd35c63408db	3	149964224	150028282	35	0.0579
4cd8277c-8a70-44e6-b491-cd35c63408db	3	150029903	151188369	711	-0.1566
4cd8277c-8a70-44e6-b491-cd35c63408db	3	151191281	151413606	200	0.0709
4cd8277c-8a70-44e6-b491-cd35c63408db	3	151415254	153818448	1541	-0.138
4cd8277c-8a70-44e6-b491-cd35c63408db	3	153818915	153826614	8	0.4278
4cd8277c-8a70-44e6-b491-cd35c63408db	3	153830645	156365062	1415	-0.1358
4cd8277c-8a70-44e6-b491-cd35c63408db	3	156370127	156393844	24	0.2892
4cd8277c-8a70-44e6-b491-cd35c63408db	3	156397109	157091573	458	0.0432
4cd8277c-8a70-44e6-b491-cd35c63408db	3	157094152	158632329	894	0.4049
4cd8277c-8a70-44e6-b491-cd35c63408db	3	158633095	158633756	2	-1.9702
4cd8277c-8a70-44e6-b491-cd35c63408db	3	158641083	162506001	2423	0.3923
4cd8277c-8a70-44e6-b491-cd35c63408db	3	162506045	162506177	2	-1.0748
4cd8277c-8a70-44e6-b491-cd35c63408db	3	162508857	162650814	93	0.3789
4cd8277c-8a70-44e6-b491-cd35c63408db	3	162651289	162665844	10	0.9141
4cd8277c-8a70-44e6-b491-cd35c63408db	3	162666549	162794869	76	0.3912
4cd8277c-8a70-44e6-b491-cd35c63408db	3	162794951	162906109	67	-0.391
4cd8277c-8a70-44e6-b491-cd35c63408db	3	162908192	162996729	74	0.4825
4cd8277c-8a70-44e6-b491-cd35c63408db	3	162999939	163001774	2	2.1463
4cd8277c-8a70-44e6-b491-cd35c63408db	3	163008371	172506285	5618	0.3963
4cd8277c-8a70-44e6-b491-cd35c63408db	3	172506936	172524198	27	0.8906
4cd8277c-8a70-44e6-b491-cd35c63408db	3	172527218	175360729	1935	0.3922
4cd8277c-8a70-44e6-b491-cd35c63408db	3	175362803	175363536	7	-0.252
4cd8277c-8a70-44e6-b491-cd35c63408db	3	175368999	178674011	2050	0.4192
4cd8277c-8a70-44e6-b491-cd35c63408db	3	178674244	184489376	3297	0.3593
4cd8277c-8a70-44e6-b491-cd35c63408db	3	184490499	184746779	133	0.52
4cd8277c-8a70-44e6-b491-cd35c63408db	3	184747537	185965144	640	0.3829
4cd8277c-8a70-44e6-b491-cd35c63408db	3	185965525	186785750	731	0.5871
4cd8277c-8a70-44e6-b491-cd35c63408db	3	186787735	186798167	13	1.0353
4cd8277c-8a70-44e6-b491-cd35c63408db	3	186798639	186980310	139	0.5962
4cd8277c-8a70-44e6-b491-cd35c63408db	3	186983049	186983135	2	-0.7608
4cd8277c-8a70-44e6-b491-cd35c63408db	3	186991016	187132608	108	0.6075
4cd8277c-8a70-44e6-b491-cd35c63408db	3	187135895	188306980	932	0.8036
4cd8277c-8a70-44e6-b491-cd35c63408db	3	188312675	189656120	978	0.6252
4cd8277c-8a70-44e6-b491-cd35c63408db	3	189656568	191206537	1105	0.5688
4cd8277c-8a70-44e6-b491-cd35c63408db	3	191206957	193156018	1375	0.6467
4cd8277c-8a70-44e6-b491-cd35c63408db	3	193156958	193165114	21	-0.8351
4cd8277c-8a70-44e6-b491-cd35c63408db	3	193168646	196900396	2050	0.6812
4cd8277c-8a70-44e6-b491-cd35c63408db	3	196908008	196949888	25	0.4022
4cd8277c-8a70-44e6-b491-cd35c63408db	3	196950538	196985066	21	-0.024
4cd8277c-8a70-44e6-b491-cd35c63408db	3	196987467	197219639	117	0.288
4cd8277c-8a70-44e6-b491-cd35c63408db	3	197222610	198169247	475	0.0962
4cd8277c-8a70-44e6-b491-cd35c63408db	4	68929	343406	132	-0.6096
4cd8277c-8a70-44e6-b491-cd35c63408db	4	343437	3751070	1388	-0.182
4cd8277c-8a70-44e6-b491-cd35c63408db	4	3751707	4572436	419	0.2078
4cd8277c-8a70-44e6-b491-cd35c63408db	4	4574095	9455251	3209	-0.185
4cd8277c-8a70-44e6-b491-cd35c63408db	4	9459504	9477699	6	0.6924
4cd8277c-8a70-44e6-b491-cd35c63408db	4	9484440	10208766	538	-0.1882
4cd8277c-8a70-44e6-b491-cd35c63408db	4	10212536	10233542	34	-1.6446
4cd8277c-8a70-44e6-b491-cd35c63408db	4	10233558	12840591	2149	-0.1798
4cd8277c-8a70-44e6-b491-cd35c63408db	4	12841793	13381594	442	0.004
4cd8277c-8a70-44e6-b491-cd35c63408db	4	13384032	34777432	14371	-0.1663
4cd8277c-8a70-44e6-b491-cd35c63408db	4	34784878	34786399	6	-0.8819
4cd8277c-8a70-44e6-b491-cd35c63408db	4	34788894	34793850	4	-0.103
4cd8277c-8a70-44e6-b491-cd35c63408db	4	34794477	34828250	29	-0.8537
4cd8277c-8a70-44e6-b491-cd35c63408db	4	34828291	38821041	2847	-0.1539
4cd8277c-8a70-44e6-b491-cd35c63408db	4	38822839	40698556	1033	0.1058
4cd8277c-8a70-44e6-b491-cd35c63408db	4	40701994	40702175	3	-1.7279
4cd8277c-8a70-44e6-b491-cd35c63408db	4	40702670	53546869	6073	0.1056
4cd8277c-8a70-44e6-b491-cd35c63408db	4	53547503	53598596	49	0.3451
4cd8277c-8a70-44e6-b491-cd35c63408db	4	53599021	61251141	5140	0.115
4cd8277c-8a70-44e6-b491-cd35c63408db	4	61252981	62105499	447	0.4261
4cd8277c-8a70-44e6-b491-cd35c63408db	4	62109250	65700083	2165	-0.2663
4cd8277c-8a70-44e6-b491-cd35c63408db	4	65701338	65701480	3	-2.4418
4cd8277c-8a70-44e6-b491-cd35c63408db	4	65703050	69268962	2075	-0.2579
4cd8277c-8a70-44e6-b491-cd35c63408db	4	69272239	69420190	70	0.0173
4cd8277c-8a70-44e6-b491-cd35c63408db	4	69420610	90199723	12948	-0.2906
4cd8277c-8a70-44e6-b491-cd35c63408db	4	90201247	90410086	152	-0.4673
4cd8277c-8a70-44e6-b491-cd35c63408db	4	90415785	92547697	1176	-0.2758
4cd8277c-8a70-44e6-b491-cd35c63408db	4	92551909	92553999	2	1.0081
4cd8277c-8a70-44e6-b491-cd35c63408db	4	92554292	97315939	2927	-0.281
4cd8277c-8a70-44e6-b491-cd35c63408db	4	97319500	97319544	2	-1.8115
4cd8277c-8a70-44e6-b491-cd35c63408db	4	97322129	114252544	10062	-0.3015
4cd8277c-8a70-44e6-b491-cd35c63408db	4	114254167	114261019	23	-1.2139
4cd8277c-8a70-44e6-b491-cd35c63408db	4	114263073	151381886	21791	-0.3059
4cd8277c-8a70-44e6-b491-cd35c63408db	4	151385657	152407528	636	0.0894
4cd8277c-8a70-44e6-b491-cd35c63408db	4	152408690	153025155	345	-0.3299
4cd8277c-8a70-44e6-b491-cd35c63408db	4	153025515	153025879	2	-2.0864
4cd8277c-8a70-44e6-b491-cd35c63408db	4	153025993	154764357	1141	-0.3123
4cd8277c-8a70-44e6-b491-cd35c63408db	4	154770456	154786117	19	-0.8479
4cd8277c-8a70-44e6-b491-cd35c63408db	4	154787609	155147382	254	-0.312
4cd8277c-8a70-44e6-b491-cd35c63408db	4	155147899	155148727	3	-1.1772
4cd8277c-8a70-44e6-b491-cd35c63408db	4	155149734	155964036	600	-0.2929
4cd8277c-8a70-44e6-b491-cd35c63408db	4	155966920	155967367	6	-1.505
4cd8277c-8a70-44e6-b491-cd35c63408db	4	155969109	156035480	52	-0.2716
4cd8277c-8a70-44e6-b491-cd35c63408db	4	156046823	156053545	17	-1.0214
4cd8277c-8a70-44e6-b491-cd35c63408db	4	156056476	160120152	2427	-0.3011
4cd8277c-8a70-44e6-b491-cd35c63408db	4	160131622	160149637	39	-1.411
4cd8277c-8a70-44e6-b491-cd35c63408db	4	160162718	172445426	7883	-0.3062
4cd8277c-8a70-44e6-b491-cd35c63408db	4	172445610	172537694	41	0.0283
4cd8277c-8a70-44e6-b491-cd35c63408db	4	172542320	177240716	2766	-0.3298
4cd8277c-8a70-44e6-b491-cd35c63408db	4	177245424	177245810	2	-1.8606
4cd8277c-8a70-44e6-b491-cd35c63408db	4	177245920	178470288	872	-0.3071
4cd8277c-8a70-44e6-b491-cd35c63408db	4	178471191	178475391	7	-1.0589
4cd8277c-8a70-44e6-b491-cd35c63408db	4	178475723	180688733	1636	-0.3175
4cd8277c-8a70-44e6-b491-cd35c63408db	4	180692598	186898979	4484	-0.3578
4cd8277c-8a70-44e6-b491-cd35c63408db	4	186903046	190106768	2047	-0.3263
4cd8277c-8a70-44e6-b491-cd35c63408db	5	15532	626163	274	-0.1425
4cd8277c-8a70-44e6-b491-cd35c63408db	5	637162	819921	71	-0.4059
4cd8277c-8a70-44e6-b491-cd35c63408db	5	822008	5125892	3496	-0.1535
4cd8277c-8a70-44e6-b491-cd35c63408db	5	5129826	5150434	20	0.245
4cd8277c-8a70-44e6-b491-cd35c63408db	5	5153798	10455113	4583	-0.1354
4cd8277c-8a70-44e6-b491-cd35c63408db	5	10456867	10735332	227	0.0551
4cd8277c-8a70-44e6-b491-cd35c63408db	5	10735550	16125019	3731	0.1159
4cd8277c-8a70-44e6-b491-cd35c63408db	5	16125067	16125105	2	-1.4016
4cd8277c-8a70-44e6-b491-cd35c63408db	5	16127435	20470536	2746	0.1192
4cd8277c-8a70-44e6-b491-cd35c63408db	5	20471905	20473472	8	0.743
4cd8277c-8a70-44e6-b491-cd35c63408db	5	20485547	21393015	484	0.1185
4cd8277c-8a70-44e6-b491-cd35c63408db	5	21395889	21405733	10	0.6646
4cd8277c-8a70-44e6-b491-cd35c63408db	5	21408347	28597286	4166	0.1118
4cd8277c-8a70-44e6-b491-cd35c63408db	5	28598038	28724649	87	0.29
4cd8277c-8a70-44e6-b491-cd35c63408db	5	28725507	32467878	2541	0.1262
4cd8277c-8a70-44e6-b491-cd35c63408db	5	32468154	35568014	2025	0.0466
4cd8277c-8a70-44e6-b491-cd35c63408db	5	35577794	35597904	15	0.4344
4cd8277c-8a70-44e6-b491-cd35c63408db	5	35608661	36402012	563	-0.1806
4cd8277c-8a70-44e6-b491-cd35c63408db	5	36402679	36403445	5	-1.0167
4cd8277c-8a70-44e6-b491-cd35c63408db	5	36404072	46191782	5550	-0.1535
4cd8277c-8a70-44e6-b491-cd35c63408db	5	46195781	46199333	4	-1.2425
4cd8277c-8a70-44e6-b491-cd35c63408db	5	46209197	46271006	15	-0.0817
4cd8277c-8a70-44e6-b491-cd35c63408db	5	46271828	46273400	6	0.7883
4cd8277c-8a70-44e6-b491-cd35c63408db	5	46278110	50253941	36	-0.3922
4cd8277c-8a70-44e6-b491-cd35c63408db	5	50256864	50688928	182	-0.0343
4cd8277c-8a70-44e6-b491-cd35c63408db	5	50691594	52597196	1072	-0.1634
4cd8277c-8a70-44e6-b491-cd35c63408db	5	52598400	57589036	3457	-0.1806
4cd8277c-8a70-44e6-b491-cd35c63408db	5	57589077	140851980	50340	-0.3246
4cd8277c-8a70-44e6-b491-cd35c63408db	5	140852033	140864171	8	-1.3282
4cd8277c-8a70-44e6-b491-cd35c63408db	5	140872578	166712304	17313	-0.3357
4cd8277c-8a70-44e6-b491-cd35c63408db	5	166713196	176033084	6940	-0.3629
4cd8277c-8a70-44e6-b491-cd35c63408db	5	176038686	176042504	2	-2.0363
4cd8277c-8a70-44e6-b491-cd35c63408db	5	176043321	177442848	633	-0.3799
4cd8277c-8a70-44e6-b491-cd35c63408db	5	177444685	177964976	116	-0.2945
4cd8277c-8a70-44e6-b491-cd35c63408db	5	177965897	179513195	939	-0.0733
4cd8277c-8a70-44e6-b491-cd35c63408db	5	179513592	180481149	577	0.2768
4cd8277c-8a70-44e6-b491-cd35c63408db	5	180483361	180951888	256	-0.0799
4cd8277c-8a70-44e6-b491-cd35c63408db	5	180953203	180987465	12	0.6899
4cd8277c-8a70-44e6-b491-cd35c63408db	5	180990207	181363319	175	-0.1525
4cd8277c-8a70-44e6-b491-cd35c63408db	6	149661	254283	101	0.2823
4cd8277c-8a70-44e6-b491-cd35c63408db	6	257353	364468	85	0.5942
4cd8277c-8a70-44e6-b491-cd35c63408db	6	364486	5545192	4272	0.3066
4cd8277c-8a70-44e6-b491-cd35c63408db	6	5545421	16060752	8072	0.2741
4cd8277c-8a70-44e6-b491-cd35c63408db	6	16061222	16938138	740	0.2107
4cd8277c-8a70-44e6-b491-cd35c63408db	6	16938393	17679476	445	0.2829
4cd8277c-8a70-44e6-b491-cd35c63408db	6	17679884	17812421	71	0.1481
4cd8277c-8a70-44e6-b491-cd35c63408db	6	17812746	17816767	3	0.4661
4cd8277c-8a70-44e6-b491-cd35c63408db	6	17816783	19166606	1058	0.0871
4cd8277c-8a70-44e6-b491-cd35c63408db	6	19166919	22000073	1964	-0.0878
4cd8277c-8a70-44e6-b491-cd35c63408db	6	22000093	22000109	2	-2.0383
4cd8277c-8a70-44e6-b491-cd35c63408db	6	22003666	27345070	3630	-0.0988
4cd8277c-8a70-44e6-b491-cd35c63408db	6	27345921	27412423	41	-0.0057
4cd8277c-8a70-44e6-b491-cd35c63408db	6	27414036	28043874	319	0.2896
4cd8277c-8a70-44e6-b491-cd35c63408db	6	28051166	28053855	3	-0.6686
4cd8277c-8a70-44e6-b491-cd35c63408db	6	28055973	28632510	311	0.302
4cd8277c-8a70-44e6-b491-cd35c63408db	6	28632715	29869295	516	-0.0938
4cd8277c-8a70-44e6-b491-cd35c63408db	6	29869410	30003229	84	-0.4713
4cd8277c-8a70-44e6-b491-cd35c63408db	6	30003771	30058369	31	-0.0747
4cd8277c-8a70-44e6-b491-cd35c63408db	6	30058513	31380423	621	0.1487
4cd8277c-8a70-44e6-b491-cd35c63408db	6	31380693	31380871	3	1.8322
4cd8277c-8a70-44e6-b491-cd35c63408db	6	31383258	32463515	447	0.1357
4cd8277c-8a70-44e6-b491-cd35c63408db	6	32463775	32533522	19	1.4156
4cd8277c-8a70-44e6-b491-cd35c63408db	6	32540699	33334889	413	0.2001
4cd8277c-8a70-44e6-b491-cd35c63408db	6	33339017	36309036	1683	-0.087
4cd8277c-8a70-44e6-b491-cd35c63408db	6	36309774	38496822	1447	0.0712
4cd8277c-8a70-44e6-b491-cd35c63408db	6	38496850	39431883	768	0.2472
4cd8277c-8a70-44e6-b491-cd35c63408db	6	39433356	41082156	1269	0.5849
4cd8277c-8a70-44e6-b491-cd35c63408db	6	41085953	41234458	84	0.988
4cd8277c-8a70-44e6-b491-cd35c63408db	6	41237848	46803905	3358	0.6152
4cd8277c-8a70-44e6-b491-cd35c63408db	6	46804417	47490613	541	0.0912
4cd8277c-8a70-44e6-b491-cd35c63408db	6	47490812	74828604	15201	0.2089
4cd8277c-8a70-44e6-b491-cd35c63408db	6	74829426	74999049	116	0.4342
4cd8277c-8a70-44e6-b491-cd35c63408db	6	74999786	75365163	219	0.1956
4cd8277c-8a70-44e6-b491-cd35c63408db	6	75368232	75862951	251	0.4412
4cd8277c-8a70-44e6-b491-cd35c63408db	6	75863255	78253172	1561	0.2078
4cd8277c-8a70-44e6-b491-cd35c63408db	6	78259348	78322875	109	-0.0857
4cd8277c-8a70-44e6-b491-cd35c63408db	6	78325223	78616678	204	0.2247
4cd8277c-8a70-44e6-b491-cd35c63408db	6	78616900	78616924	2	-0.7381
4cd8277c-8a70-44e6-b491-cd35c63408db	6	78618713	80575042	1227	0.2104
4cd8277c-8a70-44e6-b491-cd35c63408db	6	80575241	80579817	27	-0.3334
4cd8277c-8a70-44e6-b491-cd35c63408db	6	80584624	93760584	8432	0.1911
4cd8277c-8a70-44e6-b491-cd35c63408db	6	93760711	94017917	163	0.335
4cd8277c-8a70-44e6-b491-cd35c63408db	6	94018465	102334147	4846	0.1965
4cd8277c-8a70-44e6-b491-cd35c63408db	6	102337941	102721567	217	0.6098
4cd8277c-8a70-44e6-b491-cd35c63408db	6	102727320	109173287	3991	0.1824
4cd8277c-8a70-44e6-b491-cd35c63408db	6	109174141	109392130	180	0.4413
4cd8277c-8a70-44e6-b491-cd35c63408db	6	109394399	138675396	18566	0.1712
4cd8277c-8a70-44e6-b491-cd35c63408db	6	138676352	154032236	10162	0.0306
4cd8277c-8a70-44e6-b491-cd35c63408db	6	154043167	154507310	382	0.4791
4cd8277c-8a70-44e6-b491-cd35c63408db	6	154508640	157358463	1843	0.0205
4cd8277c-8a70-44e6-b491-cd35c63408db	6	157360232	157366396	2	-1.1595
4cd8277c-8a70-44e6-b491-cd35c63408db	6	157375044	165197984	5699	0.0279
4cd8277c-8a70-44e6-b491-cd35c63408db	6	165198367	165198484	2	-1.9369
4cd8277c-8a70-44e6-b491-cd35c63408db	6	165199171	170741917	3685	0.0073
4cd8277c-8a70-44e6-b491-cd35c63408db	7	43355	4966496	2669	0.0178
4cd8277c-8a70-44e6-b491-cd35c63408db	7	4968026	17019550	9011	0.0587
4cd8277c-8a70-44e6-b491-cd35c63408db	7	17020791	17595495	466	0.1698
4cd8277c-8a70-44e6-b491-cd35c63408db	7	17609153	17999265	307	0.055
4cd8277c-8a70-44e6-b491-cd35c63408db	7	18000641	18621786	396	0.2948
4cd8277c-8a70-44e6-b491-cd35c63408db	7	18624056	18939571	326	0.0676
4cd8277c-8a70-44e6-b491-cd35c63408db	7	18939743	19641896	782	0.1613
4cd8277c-8a70-44e6-b491-cd35c63408db	7	19642525	19778941	87	0.0757
4cd8277c-8a70-44e6-b491-cd35c63408db	7	19779048	20586380	589	0.5239
4cd8277c-8a70-44e6-b491-cd35c63408db	7	20594019	22395161	1405	0.0849
4cd8277c-8a70-44e6-b491-cd35c63408db	7	22395853	22396868	2	1.2427
4cd8277c-8a70-44e6-b491-cd35c63408db	7	22399135	24094921	1146	0.1032
4cd8277c-8a70-44e6-b491-cd35c63408db	7	24103396	26114490	1624	0.2136
4cd8277c-8a70-44e6-b491-cd35c63408db	7	26114668	26142049	16	0.0124
4cd8277c-8a70-44e6-b491-cd35c63408db	7	26142594	28935817	1945	0.4017
4cd8277c-8a70-44e6-b491-cd35c63408db	7	28936079	32485383	2688	0.4475
4cd8277c-8a70-44e6-b491-cd35c63408db	7	32485870	35404796	1704	0.4104
4cd8277c-8a70-44e6-b491-cd35c63408db	7	35404938	35409470	5	1.035
4cd8277c-8a70-44e6-b491-cd35c63408db	7	35409724	42710954	5256	0.0933
4cd8277c-8a70-44e6-b491-cd35c63408db	7	42712366	42727498	12	-0.3494
4cd8277c-8a70-44e6-b491-cd35c63408db	7	42729535	49291372	4300	0.1152
4cd8277c-8a70-44e6-b491-cd35c63408db	7	49297451	49530353	157	-0.0449
4cd8277c-8a70-44e6-b491-cd35c63408db	7	49530820	49574815	28	0.1313
4cd8277c-8a70-44e6-b491-cd35c63408db	7	49574831	49845987	201	0.2515
4cd8277c-8a70-44e6-b491-cd35c63408db	7	49846258	62526879	5402	-0.0411
4cd8277c-8a70-44e6-b491-cd35c63408db	7	62526916	64960551	889	0.1053
4cd8277c-8a70-44e6-b491-cd35c63408db	7	64962282	78189076	6161	-0.296
4cd8277c-8a70-44e6-b491-cd35c63408db	7	78192121	78284154	80	0.0109
4cd8277c-8a70-44e6-b491-cd35c63408db	7	78284601	82670473	3094	0.3434
4cd8277c-8a70-44e6-b491-cd35c63408db	7	82671410	88495892	3556	0.0457
4cd8277c-8a70-44e6-b491-cd35c63408db	7	88495928	92092107	2403	0.1346
4cd8277c-8a70-44e6-b491-cd35c63408db	7	92092267	105298282	7245	0.0325
4cd8277c-8a70-44e6-b491-cd35c63408db	7	105302804	105931151	390	0.1922
4cd8277c-8a70-44e6-b491-cd35c63408db	7	105931477	128613557	14014	0.0234
4cd8277c-8a70-44e6-b491-cd35c63408db	7	128617815	134100424	3280	0.3105
4cd8277c-8a70-44e6-b491-cd35c63408db	7	134100442	134110881	24	-1.7435
4cd8277c-8a70-44e6-b491-cd35c63408db	7	134110912	134114444	11	-0.4304
4cd8277c-8a70-44e6-b491-cd35c63408db	7	134121491	143529806	6117	0.337
4cd8277c-8a70-44e6-b491-cd35c63408db	7	143530003	143603307	4	-0.5431
4cd8277c-8a70-44e6-b491-cd35c63408db	7	143728285	144264193	308	0.273
4cd8277c-8a70-44e6-b491-cd35c63408db	7	144295437	144306653	2	1.6706
4cd8277c-8a70-44e6-b491-cd35c63408db	7	144312471	146831221	1532	0.2929
4cd8277c-8a70-44e6-b491-cd35c63408db	7	146833767	147343885	352	0.4628
4cd8277c-8a70-44e6-b491-cd35c63408db	7	147343905	150025278	1673	0.2965
4cd8277c-8a70-44e6-b491-cd35c63408db	7	150025955	150029729	3	1.2423
4cd8277c-8a70-44e6-b491-cd35c63408db	7	150030654	151003934	576	0.299
4cd8277c-8a70-44e6-b491-cd35c63408db	7	151005503	151011001	3	-0.7844
4cd8277c-8a70-44e6-b491-cd35c63408db	7	151013304	153445140	1408	0.3119
4cd8277c-8a70-44e6-b491-cd35c63408db	7	153445978	154056999	441	0.2713
4cd8277c-8a70-44e6-b491-cd35c63408db	7	154067655	154099927	15	-0.1919
4cd8277c-8a70-44e6-b491-cd35c63408db	7	154104301	156592980	2019	0.2779
4cd8277c-8a70-44e6-b491-cd35c63408db	7	156599096	156601485	4	-0.891
4cd8277c-8a70-44e6-b491-cd35c63408db	7	156602214	159334314	1624	0.2408
4cd8277c-8a70-44e6-b491-cd35c63408db	8	81254	212672	5	0.3017
4cd8277c-8a70-44e6-b491-cd35c63408db	8	212832	644973	317	-0.409
4cd8277c-8a70-44e6-b491-cd35c63408db	8	645220	645908	8	0.842
4cd8277c-8a70-44e6-b491-cd35c63408db	8	656117	4050285	3210	-0.3951
4cd8277c-8a70-44e6-b491-cd35c63408db	8	4050319	4050928	4	-2.3212
4cd8277c-8a70-44e6-b491-cd35c63408db	8	4052574	5730801	2421	-0.3681
4cd8277c-8a70-44e6-b491-cd35c63408db	8	5730814	5746973	37	-0.7824
4cd8277c-8a70-44e6-b491-cd35c63408db	8	5749566	7296545	1691	-0.3726
4cd8277c-8a70-44e6-b491-cd35c63408db	8	7312952	7380497	23	0.2143
4cd8277c-8a70-44e6-b491-cd35c63408db	8	7396819	8418738	224	-0.3502
4cd8277c-8a70-44e6-b491-cd35c63408db	8	8423948	9206492	741	-0.1366
4cd8277c-8a70-44e6-b491-cd35c63408db	8	9206749	39372664	21754	-0.3474
4cd8277c-8a70-44e6-b491-cd35c63408db	8	39372806	39529446	61	0.1126
4cd8277c-8a70-44e6-b491-cd35c63408db	8	39530780	43036958	2324	-0.3306
4cd8277c-8a70-44e6-b491-cd35c63408db	8	43038751	57202716	6846	0.0996
4cd8277c-8a70-44e6-b491-cd35c63408db	8	57203991	57217466	5	-0.6434
4cd8277c-8a70-44e6-b491-cd35c63408db	8	57220239	65581635	5354	0.084
4cd8277c-8a70-44e6-b491-cd35c63408db	8	65584094	73053822	4625	0.2278
4cd8277c-8a70-44e6-b491-cd35c63408db	8	73054990	79469638	3902	0.6693
4cd8277c-8a70-44e6-b491-cd35c63408db	8	79472729	82560701	1759	0.2308
4cd8277c-8a70-44e6-b491-cd35c63408db	8	82566360	97218317	8716	0.0131
4cd8277c-8a70-44e6-b491-cd35c63408db	8	97218611	100362825	1677	0.2172
4cd8277c-8a70-44e6-b491-cd35c63408db	8	100367294	105518295	3291	0.4902
4cd8277c-8a70-44e6-b491-cd35c63408db	8	105519571	105945957	238	0.7649
4cd8277c-8a70-44e6-b491-cd35c63408db	8	105946859	106284845	205	0.8966
4cd8277c-8a70-44e6-b491-cd35c63408db	8	106285783	108801038	1682	0.7877
4cd8277c-8a70-44e6-b491-cd35c63408db	8	108801874	108941271	67	0.9588
4cd8277c-8a70-44e6-b491-cd35c63408db	8	108944839	111282050	1281	0.7674
4cd8277c-8a70-44e6-b491-cd35c63408db	8	111282065	111283016	8	-1.298
4cd8277c-8a70-44e6-b491-cd35c63408db	8	111283031	114626166	1834	0.7895
4cd8277c-8a70-44e6-b491-cd35c63408db	8	114626238	114628953	13	0.3196
4cd8277c-8a70-44e6-b491-cd35c63408db	8	114629217	114868212	156	0.8941
4cd8277c-8a70-44e6-b491-cd35c63408db	8	114868722	116212402	815	0.7903
4cd8277c-8a70-44e6-b491-cd35c63408db	8	116218780	116265232	34	0.928
4cd8277c-8a70-44e6-b491-cd35c63408db	8	116265331	119139771	2113	0.7478
4cd8277c-8a70-44e6-b491-cd35c63408db	8	119142545	119147207	4	-2.561
4cd8277c-8a70-44e6-b491-cd35c63408db	8	119150615	138304857	14152	0.714
4cd8277c-8a70-44e6-b491-cd35c63408db	8	138305554	145072769	3792	0.3762
4cd8277c-8a70-44e6-b491-cd35c63408db	9	46587	1791177	1954	0.0233
4cd8277c-8a70-44e6-b491-cd35c63408db	9	1791611	4050848	2186	0.5464
4cd8277c-8a70-44e6-b491-cd35c63408db	9	4050983	4443421	446	0.6722
4cd8277c-8a70-44e6-b491-cd35c63408db	9	4443744	4969787	481	0.526
4cd8277c-8a70-44e6-b491-cd35c63408db	9	4970715	5079156	170	0.4224
4cd8277c-8a70-44e6-b491-cd35c63408db	9	5081416	5084226	14	1.0473
4cd8277c-8a70-44e6-b491-cd35c63408db	9	5084325	5974573	623	0.4576
4cd8277c-8a70-44e6-b491-cd35c63408db	9	5975097	10953123	4583	0.4044
4cd8277c-8a70-44e6-b491-cd35c63408db	9	10954607	15339724	3534	0.4392
4cd8277c-8a70-44e6-b491-cd35c63408db	9	15339776	17581152	1829	0.2302
4cd8277c-8a70-44e6-b491-cd35c63408db	9	17581239	19116545	1488	0.1074
4cd8277c-8a70-44e6-b491-cd35c63408db	9	19122709	19131880	16	0.4859
4cd8277c-8a70-44e6-b491-cd35c63408db	9	19131936	23361807	3093	0.11
4cd8277c-8a70-44e6-b491-cd35c63408db	9	23363117	23372401	7	0.8422
4cd8277c-8a70-44e6-b491-cd35c63408db	9	23373486	33319357	7369	0.1239
4cd8277c-8a70-44e6-b491-cd35c63408db	9	33329247	37455158	2322	-0.0047
4cd8277c-8a70-44e6-b491-cd35c63408db	9	37459104	38989381	991	0.1474
4cd8277c-8a70-44e6-b491-cd35c63408db	9	38996106	38996751	3	-1.0086
4cd8277c-8a70-44e6-b491-cd35c63408db	9	39011605	39807498	60	0.0291
4cd8277c-8a70-44e6-b491-cd35c63408db	9	39827488	39833357	2	-1.788
4cd8277c-8a70-44e6-b491-cd35c63408db	9	39840169	42042339	104	0.1664
4cd8277c-8a70-44e6-b491-cd35c63408db	9	42046831	42524983	32	0.503
4cd8277c-8a70-44e6-b491-cd35c63408db	9	42546668	61405110	58	-0.0031
4cd8277c-8a70-44e6-b491-cd35c63408db	9	61520021	61647899	30	-1.1768
4cd8277c-8a70-44e6-b491-cd35c63408db	9	61665362	64846581	118	0.0858
4cd8277c-8a70-44e6-b491-cd35c63408db	9	64847615	64866665	3	-1.1551
4cd8277c-8a70-44e6-b491-cd35c63408db	9	64877074	70208057	1560	0.0875
4cd8277c-8a70-44e6-b491-cd35c63408db	9	70211162	70310211	53	0.3601
4cd8277c-8a70-44e6-b491-cd35c63408db	9	70324487	72035541	1258	0.0879
4cd8277c-8a70-44e6-b491-cd35c63408db	9	72035964	72038208	5	0.6632
4cd8277c-8a70-44e6-b491-cd35c63408db	9	72042717	73090591	696	0.1009
4cd8277c-8a70-44e6-b491-cd35c63408db	9	73091051	73375705	159	0.4805
4cd8277c-8a70-44e6-b491-cd35c63408db	9	73379308	73398521	9	1.2034
4cd8277c-8a70-44e6-b491-cd35c63408db	9	73405942	73690280	191	0.5097
4cd8277c-8a70-44e6-b491-cd35c63408db	9	73692613	76639885	2172	0.0849
4cd8277c-8a70-44e6-b491-cd35c63408db	9	76643479	76925071	248	0.4733
4cd8277c-8a70-44e6-b491-cd35c63408db	9	76927562	78071821	805	0.0876
4cd8277c-8a70-44e6-b491-cd35c63408db	9	78073150	78411717	214	0.3271
4cd8277c-8a70-44e6-b491-cd35c63408db	9	78412311	79862676	1063	0.0977
4cd8277c-8a70-44e6-b491-cd35c63408db	9	79862908	79863585	3	-0.842
4cd8277c-8a70-44e6-b491-cd35c63408db	9	79866935	80590275	544	0.1003
4cd8277c-8a70-44e6-b491-cd35c63408db	9	80590504	80608774	18	0.198
4cd8277c-8a70-44e6-b491-cd35c63408db	9	80608813	81019098	334	0.4578
4cd8277c-8a70-44e6-b491-cd35c63408db	9	81019914	83611644	1751	0.2538
4cd8277c-8a70-44e6-b491-cd35c63408db	9	83613601	84192751	363	0.0935
4cd8277c-8a70-44e6-b491-cd35c63408db	9	84193012	95932600	8248	0.2639
4cd8277c-8a70-44e6-b491-cd35c63408db	9	95935681	103804216	5143	-0.1569
4cd8277c-8a70-44e6-b491-cd35c63408db	9	103806415	103807009	2	-2.7282
4cd8277c-8a70-44e6-b491-cd35c63408db	9	103808421	104123258	253	-0.1247
4cd8277c-8a70-44e6-b491-cd35c63408db	9	104126031	135262424	21654	-0.3291
4cd8277c-8a70-44e6-b491-cd35c63408db	9	135262532	135288131	21	-0.838
4cd8277c-8a70-44e6-b491-cd35c63408db	9	135288751	136811159	601	-0.3693
4cd8277c-8a70-44e6-b491-cd35c63408db	9	136811224	137415594	135	0.1725
4cd8277c-8a70-44e6-b491-cd35c63408db	9	137418573	137519958	25	0.8223
4cd8277c-8a70-44e6-b491-cd35c63408db	9	137520818	138109553	308	0.1777
4cd8277c-8a70-44e6-b491-cd35c63408db	9	138110039	138200944	55	-0.1184
4cd8277c-8a70-44e6-b491-cd35c63408db	10	45792	84368	11	0.9655
4cd8277c-8a70-44e6-b491-cd35c63408db	10	87611	97315	9	-0.7003
4cd8277c-8a70-44e6-b491-cd35c63408db	10	97603	4244878	3555	1.1898
4cd8277c-8a70-44e6-b491-cd35c63408db	10	4248622	4248824	4	-0.7293
4cd8277c-8a70-44e6-b491-cd35c63408db	10	4251879	6272859	1720	1.1707
4cd8277c-8a70-44e6-b491-cd35c63408db	10	6273248	8146903	1702	0.9406
4cd8277c-8a70-44e6-b491-cd35c63408db	10	8146967	11771155	3017	1.1345
4cd8277c-8a70-44e6-b491-cd35c63408db	10	11772447	12144450	187	1.3976
4cd8277c-8a70-44e6-b491-cd35c63408db	10	12148774	12594917	327	1.1601
4cd8277c-8a70-44e6-b491-cd35c63408db	10	12596886	13787918	1065	1.0422
4cd8277c-8a70-44e6-b491-cd35c63408db	10	13789399	13989722	225	0.8322
4cd8277c-8a70-44e6-b491-cd35c63408db	10	13990029	14130032	144	1.0092
4cd8277c-8a70-44e6-b491-cd35c63408db	10	14130635	18483627	3371	0.8209
4cd8277c-8a70-44e6-b491-cd35c63408db	10	18487534	19689125	944	0.6188
4cd8277c-8a70-44e6-b491-cd35c63408db	10	19695337	24020889	2868	0.5059
4cd8277c-8a70-44e6-b491-cd35c63408db	10	24023053	24043015	19	0.6474
4cd8277c-8a70-44e6-b491-cd35c63408db	10	24045678	24086334	24	0.4315
4cd8277c-8a70-44e6-b491-cd35c63408db	10	24088745	24089125	11	-1.9334
4cd8277c-8a70-44e6-b491-cd35c63408db	10	24089979	24090078	3	-0.379
4cd8277c-8a70-44e6-b491-cd35c63408db	10	24090110	24574091	393	0.5245
4cd8277c-8a70-44e6-b491-cd35c63408db	10	24577645	26934974	1586	0.2223
4cd8277c-8a70-44e6-b491-cd35c63408db	10	26936975	26939544	13	0.6033
4cd8277c-8a70-44e6-b491-cd35c63408db	10	26941064	27192653	136	0.2488
4cd8277c-8a70-44e6-b491-cd35c63408db	10	27195908	46203044	10168	0.0844
4cd8277c-8a70-44e6-b491-cd35c63408db	10	46203745	46226215	18	-0.3483
4cd8277c-8a70-44e6-b491-cd35c63408db	10	46226691	46525652	142	-0.0329
4cd8277c-8a70-44e6-b491-cd35c63408db	10	46525728	46553922	28	-0.3401
4cd8277c-8a70-44e6-b491-cd35c63408db	10	46554143	74108418	18098	0.0719
4cd8277c-8a70-44e6-b491-cd35c63408db	10	74111132	76845558	1640	-0.1486
4cd8277c-8a70-44e6-b491-cd35c63408db	10	76855348	77253450	353	0.2414
4cd8277c-8a70-44e6-b491-cd35c63408db	10	77253469	77675982	385	0.0798
4cd8277c-8a70-44e6-b491-cd35c63408db	10	77678214	86713946	6456	-0.3396
4cd8277c-8a70-44e6-b491-cd35c63408db	10	86714400	87427798	258	0.1085
4cd8277c-8a70-44e6-b491-cd35c63408db	10	87435985	87911903	322	-0.3002
4cd8277c-8a70-44e6-b491-cd35c63408db	10	87912205	87926752	42	-0.135
4cd8277c-8a70-44e6-b491-cd35c63408db	10	87933783	87938580	6	0.4201
4cd8277c-8a70-44e6-b491-cd35c63408db	10	87938596	87968369	78	-0.1803
4cd8277c-8a70-44e6-b491-cd35c63408db	10	87970890	88639748	427	-0.341
4cd8277c-8a70-44e6-b491-cd35c63408db	10	88640356	89668647	871	-0.384
4cd8277c-8a70-44e6-b491-cd35c63408db	10	89669514	95241720	3312	-0.3141
4cd8277c-8a70-44e6-b491-cd35c63408db	10	95242551	95243046	3	-1.846
4cd8277c-8a70-44e6-b491-cd35c63408db	10	95243244	97099006	1257	-0.3395
4cd8277c-8a70-44e6-b491-cd35c63408db	10	97099421	97451154	241	-0.057
4cd8277c-8a70-44e6-b491-cd35c63408db	10	97455914	100041578	1637	-0.3298
4cd8277c-8a70-44e6-b491-cd35c63408db	10	100043898	101079621	602	-0.0383
4cd8277c-8a70-44e6-b491-cd35c63408db	10	101083513	101876922	361	-0.3286
4cd8277c-8a70-44e6-b491-cd35c63408db	10	101879954	104321052	1267	-0.0982
4cd8277c-8a70-44e6-b491-cd35c63408db	10	104321364	104322178	3	-1.1113
4cd8277c-8a70-44e6-b491-cd35c63408db	10	104324757	107555509	2444	-0.1149
4cd8277c-8a70-44e6-b491-cd35c63408db	10	107555583	115706075	5663	0.119
4cd8277c-8a70-44e6-b491-cd35c63408db	10	115709447	115922653	165	-0.0115
4cd8277c-8a70-44e6-b491-cd35c63408db	10	115922712	116136680	174	0.1493
4cd8277c-8a70-44e6-b491-cd35c63408db	10	116140345	117217734	727	0.5752
4cd8277c-8a70-44e6-b491-cd35c63408db	10	117220222	117322805	83	0.0712
4cd8277c-8a70-44e6-b491-cd35c63408db	10	117329328	118492593	873	-0.3821
4cd8277c-8a70-44e6-b491-cd35c63408db	10	118493094	118493343	2	-2.3176
4cd8277c-8a70-44e6-b491-cd35c63408db	10	118493438	119132174	403	-0.3485
4cd8277c-8a70-44e6-b491-cd35c63408db	10	119133306	119133610	2	-1.755
4cd8277c-8a70-44e6-b491-cd35c63408db	10	119133907	122475780	2756	-0.3496
4cd8277c-8a70-44e6-b491-cd35c63408db	10	122475839	124042637	1173	-0.1879
4cd8277c-8a70-44e6-b491-cd35c63408db	10	124045597	124050888	4	-0.0603
4cd8277c-8a70-44e6-b491-cd35c63408db	10	124054676	124257616	58	0.2176
4cd8277c-8a70-44e6-b491-cd35c63408db	10	124259691	125506455	791	0.2952
4cd8277c-8a70-44e6-b491-cd35c63408db	10	125507701	129426168	3146	0.2299
4cd8277c-8a70-44e6-b491-cd35c63408db	10	129426731	130450432	789	0.0372
4cd8277c-8a70-44e6-b491-cd35c63408db	10	130452402	131777635	1131	-0.0428
4cd8277c-8a70-44e6-b491-cd35c63408db	10	131787097	133415637	729	0.0538
4cd8277c-8a70-44e6-b491-cd35c63408db	10	133416215	133416364	2	1.2762
4cd8277c-8a70-44e6-b491-cd35c63408db	10	133419150	133654968	148	0.0218
4cd8277c-8a70-44e6-b491-cd35c63408db	11	198510	5499745	2985	0.0748
4cd8277c-8a70-44e6-b491-cd35c63408db	11	5500921	5501334	6	-0.9347
4cd8277c-8a70-44e6-b491-cd35c63408db	11	5502363	5768371	243	0.0476
4cd8277c-8a70-44e6-b491-cd35c63408db	11	5768495	5787909	29	0.4815
4cd8277c-8a70-44e6-b491-cd35c63408db	11	5788108	9874556	2836	0.089
4cd8277c-8a70-44e6-b491-cd35c63408db	11	9874569	11298985	1152	0.2392
4cd8277c-8a70-44e6-b491-cd35c63408db	11	11300128	11346980	62	0.572
4cd8277c-8a70-44e6-b491-cd35c63408db	11	11352297	13990675	2215	0.2402
4cd8277c-8a70-44e6-b491-cd35c63408db	11	13991333	16470571	1530	0.1109
4cd8277c-8a70-44e6-b491-cd35c63408db	11	16470850	18919323	1604	0.276
4cd8277c-8a70-44e6-b491-cd35c63408db	11	18927525	18940441	44	-1.1718
4cd8277c-8a70-44e6-b491-cd35c63408db	11	18940469	20822345	1671	0.2617
4cd8277c-8a70-44e6-b491-cd35c63408db	11	20823306	20828212	3	-0.6664
4cd8277c-8a70-44e6-b491-cd35c63408db	11	20828684	25946734	3895	0.2458
4cd8277c-8a70-44e6-b491-cd35c63408db	11	25947323	34575000	5716	0.377
4cd8277c-8a70-44e6-b491-cd35c63408db	11	34575510	34622174	48	0.596
4cd8277c-8a70-44e6-b491-cd35c63408db	11	34627329	34719827	83	0.3788
4cd8277c-8a70-44e6-b491-cd35c63408db	11	34720241	37698826	2407	0.3284
4cd8277c-8a70-44e6-b491-cd35c63408db	11	37699431	37785682	48	0.4284
4cd8277c-8a70-44e6-b491-cd35c63408db	11	37786769	38809924	606	0.2901
4cd8277c-8a70-44e6-b491-cd35c63408db	11	38816637	50675788	6894	0.0635
4cd8277c-8a70-44e6-b491-cd35c63408db	11	50678086	55588246	378	-0.1217
4cd8277c-8a70-44e6-b491-cd35c63408db	11	55591984	55685533	67	0.2782
4cd8277c-8a70-44e6-b491-cd35c63408db	11	55686100	56314268	434	-0.0722
4cd8277c-8a70-44e6-b491-cd35c63408db	11	56317065	60814059	2693	-0.1324
4cd8277c-8a70-44e6-b491-cd35c63408db	11	60816449	61346817	320	-0.0142
4cd8277c-8a70-44e6-b491-cd35c63408db	11	61347951	66238739	2251	-0.1786
4cd8277c-8a70-44e6-b491-cd35c63408db	11	66248302	70086344	1727	0.0627
4cd8277c-8a70-44e6-b491-cd35c63408db	11	70089341	70480702	202	0.2747
4cd8277c-8a70-44e6-b491-cd35c63408db	11	70481200	71832662	730	0.0748
4cd8277c-8a70-44e6-b491-cd35c63408db	11	71832965	71839046	3	-1.0226
4cd8277c-8a70-44e6-b491-cd35c63408db	11	71840556	81253480	5708	0.061
4cd8277c-8a70-44e6-b491-cd35c63408db	11	81255309	81786865	491	0.267
4cd8277c-8a70-44e6-b491-cd35c63408db	11	81787763	81806116	12	-0.4017
4cd8277c-8a70-44e6-b491-cd35c63408db	11	81811590	86297221	2957	0.2763
4cd8277c-8a70-44e6-b491-cd35c63408db	11	86304156	101995485	11198	0.0759
4cd8277c-8a70-44e6-b491-cd35c63408db	11	101996049	113640934	7679	-0.171
4cd8277c-8a70-44e6-b491-cd35c63408db	11	113642664	113747253	73	0.2075
4cd8277c-8a70-44e6-b491-cd35c63408db	11	113748214	113972277	144	-0.3444
4cd8277c-8a70-44e6-b491-cd35c63408db	11	113972755	117052772	2290	-0.1891
4cd8277c-8a70-44e6-b491-cd35c63408db	11	117054147	131668001	10683	-0.03
4cd8277c-8a70-44e6-b491-cd35c63408db	11	131668490	133152612	1206	-0.0963
4cd8277c-8a70-44e6-b491-cd35c63408db	11	133156170	133191103	28	0.0497
4cd8277c-8a70-44e6-b491-cd35c63408db	11	133191172	134347316	815	-0.3688
4cd8277c-8a70-44e6-b491-cd35c63408db	11	134348093	134894235	468	-0.5129
4cd8277c-8a70-44e6-b491-cd35c63408db	11	134894470	135074876	117	-0.3821
4cd8277c-8a70-44e6-b491-cd35c63408db	12	51460	273710	138	0.431
4cd8277c-8a70-44e6-b491-cd35c63408db	12	274228	8220161	5404	0.6018
4cd8277c-8a70-44e6-b491-cd35c63408db	12	8241232	8341033	28	0.4628
4cd8277c-8a70-44e6-b491-cd35c63408db	12	8342360	8404097	23	0.2775
4cd8277c-8a70-44e6-b491-cd35c63408db	12	8405892	8442298	19	-0.0981
4cd8277c-8a70-44e6-b491-cd35c63408db	12	8442935	9335851	495	0.2944
4cd8277c-8a70-44e6-b491-cd35c63408db	12	9336039	9582374	88	0.0917
4cd8277c-8a70-44e6-b491-cd35c63408db	12	9583090	11062773	1033	0.2883
4cd8277c-8a70-44e6-b491-cd35c63408db	12	11064250	11099275	13	0.8797
4cd8277c-8a70-44e6-b491-cd35c63408db	12	11104230	11361188	137	0.3648
4cd8277c-8a70-44e6-b491-cd35c63408db	12	11361377	11373355	14	0.9943
4cd8277c-8a70-44e6-b491-cd35c63408db	12	11383179	14978300	2729	0.304
4cd8277c-8a70-44e6-b491-cd35c63408db	12	14980786	16881812	1220	-0.0568
4cd8277c-8a70-44e6-b491-cd35c63408db	12	16882753	38534015	12575	0.1053
4cd8277c-8a70-44e6-b491-cd35c63408db	12	38535798	39089311	356	-0.0129
4cd8277c-8a70-44e6-b491-cd35c63408db	12	39094246	45510655	4090	-0.0494
4cd8277c-8a70-44e6-b491-cd35c63408db	12	45512057	45515754	3	-2.1958
4cd8277c-8a70-44e6-b491-cd35c63408db	12	45519509	47392792	1122	-0.0579
4cd8277c-8a70-44e6-b491-cd35c63408db	12	47393029	48331259	592	-0.3352
4cd8277c-8a70-44e6-b491-cd35c63408db	12	48331456	48331632	3	-2.0112
4cd8277c-8a70-44e6-b491-cd35c63408db	12	48336253	68108910	11782	-0.3155
4cd8277c-8a70-44e6-b491-cd35c63408db	12	68109851	72767729	3122	-0.0435
4cd8277c-8a70-44e6-b491-cd35c63408db	12	72768110	80446147	4862	-0.3123
4cd8277c-8a70-44e6-b491-cd35c63408db	12	80446276	80456533	2	-2.0009
4cd8277c-8a70-44e6-b491-cd35c63408db	12	80458189	91912042	6904	-0.3125
4cd8277c-8a70-44e6-b491-cd35c63408db	12	91912046	94980487	2175	-0.3556
4cd8277c-8a70-44e6-b491-cd35c63408db	12	94981664	95343678	217	-0.3044
4cd8277c-8a70-44e6-b491-cd35c63408db	12	95346443	95623148	225	0.1072
4cd8277c-8a70-44e6-b491-cd35c63408db	12	95625775	126338099	20096	-0.3345
4cd8277c-8a70-44e6-b491-cd35c63408db	12	126338124	126823105	421	-0.3897
4cd8277c-8a70-44e6-b491-cd35c63408db	12	126823969	126830459	9	-1.9544
4cd8277c-8a70-44e6-b491-cd35c63408db	12	126832742	131657925	4211	-0.4138
4cd8277c-8a70-44e6-b491-cd35c63408db	12	131658450	131676123	11	-0.2539
4cd8277c-8a70-44e6-b491-cd35c63408db	12	131681750	131693167	8	0.2483
4cd8277c-8a70-44e6-b491-cd35c63408db	12	131696767	132647687	285	-0.3474
4cd8277c-8a70-44e6-b491-cd35c63408db	12	132648706	132649610	2	-1.7961
4cd8277c-8a70-44e6-b491-cd35c63408db	12	132650245	132854517	83	-0.4365
4cd8277c-8a70-44e6-b491-cd35c63408db	12	132855724	133106293	118	-0.2159
4cd8277c-8a70-44e6-b491-cd35c63408db	12	133106337	133201603	50	-0.4375
4cd8277c-8a70-44e6-b491-cd35c63408db	13	18452809	18522796	7	0.1005
4cd8277c-8a70-44e6-b491-cd35c63408db	13	18528039	20312770	898	-0.2769
4cd8277c-8a70-44e6-b491-cd35c63408db	13	20312842	20313721	3	-1.9986
4cd8277c-8a70-44e6-b491-cd35c63408db	13	20314239	23055048	1940	-0.3546
4cd8277c-8a70-44e6-b491-cd35c63408db	13	23055071	23059376	13	-2.0767
4cd8277c-8a70-44e6-b491-cd35c63408db	13	23064056	27414899	3274	-0.3529
4cd8277c-8a70-44e6-b491-cd35c63408db	13	27415078	30885132	2600	-0.1549
4cd8277c-8a70-44e6-b491-cd35c63408db	13	30885661	31151237	278	0.0196
4cd8277c-8a70-44e6-b491-cd35c63408db	13	31151480	37496998	4433	-0.3364
4cd8277c-8a70-44e6-b491-cd35c63408db	13	37497899	37510620	16	0.2735
4cd8277c-8a70-44e6-b491-cd35c63408db	13	37514193	61396809	15120	-0.3194
4cd8277c-8a70-44e6-b491-cd35c63408db	13	61397925	61398504	2	-1.9253
4cd8277c-8a70-44e6-b491-cd35c63408db	13	61399927	63803906	1298	-0.3121
4cd8277c-8a70-44e6-b491-cd35c63408db	13	63804120	64404554	345	-0.2144
4cd8277c-8a70-44e6-b491-cd35c63408db	13	64405113	71134226	4309	-0.3191
4cd8277c-8a70-44e6-b491-cd35c63408db	13	71134268	71902850	442	-0.1819
4cd8277c-8a70-44e6-b491-cd35c63408db	13	71903417	71906418	4	-2.3053
4cd8277c-8a70-44e6-b491-cd35c63408db	13	71906467	72360900	375	-0.1674
4cd8277c-8a70-44e6-b491-cd35c63408db	13	72360954	92477454	12987	0.2004
4cd8277c-8a70-44e6-b491-cd35c63408db	13	92480307	92537798	45	0.4952
4cd8277c-8a70-44e6-b491-cd35c63408db	13	92540999	112572705	14849	0.1972
4cd8277c-8a70-44e6-b491-cd35c63408db	13	112579964	113024516	259	0.3781
4cd8277c-8a70-44e6-b491-cd35c63408db	13	113028731	114342922	565	0.2071
4cd8277c-8a70-44e6-b491-cd35c63408db	14	18239283	20893877	883	-0.133
4cd8277c-8a70-44e6-b491-cd35c63408db	14	20895189	20934437	17	0.0972
4cd8277c-8a70-44e6-b491-cd35c63408db	14	20940797	21309553	213	-0.1285
4cd8277c-8a70-44e6-b491-cd35c63408db	14	21309657	23975620	1759	0.0288
4cd8277c-8a70-44e6-b491-cd35c63408db	14	23975769	24015250	22	-0.9901
4cd8277c-8a70-44e6-b491-cd35c63408db	14	24018934	26294421	1565	0.0069
4cd8277c-8a70-44e6-b491-cd35c63408db	14	26300516	26300517	2	1.187
4cd8277c-8a70-44e6-b491-cd35c63408db	14	26300519	28182941	1134	0.0161
4cd8277c-8a70-44e6-b491-cd35c63408db	14	28194638	31761548	1925	0.2186
4cd8277c-8a70-44e6-b491-cd35c63408db	14	31762236	31923288	113	0.394
4cd8277c-8a70-44e6-b491-cd35c63408db	14	31923325	32843866	671	0.2577
4cd8277c-8a70-44e6-b491-cd35c63408db	14	32846880	39166501	4185	-0.3156
4cd8277c-8a70-44e6-b491-cd35c63408db	14	39168645	39335069	85	-0.01
4cd8277c-8a70-44e6-b491-cd35c63408db	14	39337363	49421550	6029	-0.2965
4cd8277c-8a70-44e6-b491-cd35c63408db	14	49423717	51106799	966	-0.34
4cd8277c-8a70-44e6-b491-cd35c63408db	14	51108547	51123598	16	0.158
4cd8277c-8a70-44e6-b491-cd35c63408db	14	51124202	73534419	14584	-0.3315
4cd8277c-8a70-44e6-b491-cd35c63408db	14	73540003	73563196	9	0.4587
4cd8277c-8a70-44e6-b491-cd35c63408db	14	73563211	88926654	10108	-0.3198
4cd8277c-8a70-44e6-b491-cd35c63408db	14	88928895	105194398	10406	-0.3507
4cd8277c-8a70-44e6-b491-cd35c63408db	14	105203023	105588560	98	-0.2745
4cd8277c-8a70-44e6-b491-cd35c63408db	14	105612353	105701150	16	0.382
4cd8277c-8a70-44e6-b491-cd35c63408db	14	105728140	106340102	211	-0.2543
4cd8277c-8a70-44e6-b491-cd35c63408db	14	106340305	106365807	10	0.5437
4cd8277c-8a70-44e6-b491-cd35c63408db	14	106369985	106877229	269	-0.2651
4cd8277c-8a70-44e6-b491-cd35c63408db	15	19811075	21078947	165	0.0353
4cd8277c-8a70-44e6-b491-cd35c63408db	15	21085447	24429740	1034	-0.3133
4cd8277c-8a70-44e6-b491-cd35c63408db	15	24429986	24473026	31	-1.1741
4cd8277c-8a70-44e6-b491-cd35c63408db	15	24473449	25984548	1082	-0.3589
4cd8277c-8a70-44e6-b491-cd35c63408db	15	25984607	25987772	7	-1.0894
4cd8277c-8a70-44e6-b491-cd35c63408db	15	25987796	26315045	237	-0.3711
4cd8277c-8a70-44e6-b491-cd35c63408db	15	26317005	26318009	2	-3.4324
4cd8277c-8a70-44e6-b491-cd35c63408db	15	26318441	31916080	3139	-0.3734
4cd8277c-8a70-44e6-b491-cd35c63408db	15	31918298	33826195	1334	-0.3265
4cd8277c-8a70-44e6-b491-cd35c63408db	15	33826937	33827822	3	-1.5245
4cd8277c-8a70-44e6-b491-cd35c63408db	15	33828316	57425241	14566	-0.3261
4cd8277c-8a70-44e6-b491-cd35c63408db	15	57427165	64933524	5451	-0.3523
4cd8277c-8a70-44e6-b491-cd35c63408db	15	64943810	66218776	695	0.2178
4cd8277c-8a70-44e6-b491-cd35c63408db	15	66221475	66409345	97	0.4919
4cd8277c-8a70-44e6-b491-cd35c63408db	15	66410105	68706657	1571	0.2101
4cd8277c-8a70-44e6-b491-cd35c63408db	15	68710003	70833542	1411	0.1659
4cd8277c-8a70-44e6-b491-cd35c63408db	15	70833570	73604037	1560	0.2023
4cd8277c-8a70-44e6-b491-cd35c63408db	15	73605225	74020453	313	0.2897
4cd8277c-8a70-44e6-b491-cd35c63408db	15	74021632	74022307	10	-0.0182
4cd8277c-8a70-44e6-b491-cd35c63408db	15	74022434	74188070	109	0.3164
4cd8277c-8a70-44e6-b491-cd35c63408db	15	74189501	74303471	68	0.4486
4cd8277c-8a70-44e6-b491-cd35c63408db	15	74304314	74353763	23	0.3124
4cd8277c-8a70-44e6-b491-cd35c63408db	15	74357054	76599170	941	0.2171
4cd8277c-8a70-44e6-b491-cd35c63408db	15	76599286	76609838	21	1.078
4cd8277c-8a70-44e6-b491-cd35c63408db	15	76609853	78436725	921	0.2042
4cd8277c-8a70-44e6-b491-cd35c63408db	15	78437397	83749151	3412	0.3363
4cd8277c-8a70-44e6-b491-cd35c63408db	15	83753011	83884195	87	0.1611
4cd8277c-8a70-44e6-b491-cd35c63408db	15	83884328	85268465	566	0.334
4cd8277c-8a70-44e6-b491-cd35c63408db	15	85272381	85423434	85	0.5187
4cd8277c-8a70-44e6-b491-cd35c63408db	15	85424920	91083833	4118	0.3365
4cd8277c-8a70-44e6-b491-cd35c63408db	15	91086087	101928837	8411	0.1837
4cd8277c-8a70-44e6-b491-cd35c63408db	16	10777	5557067	2610	-0.1468
4cd8277c-8a70-44e6-b491-cd35c63408db	16	5557354	7798338	2807	-0.1942
4cd8277c-8a70-44e6-b491-cd35c63408db	16	7798498	16809075	6365	-0.1394
4cd8277c-8a70-44e6-b491-cd35c63408db	16	16810793	17314390	409	-0.3573
4cd8277c-8a70-44e6-b491-cd35c63408db	16	17315015	18104860	541	0.0728
4cd8277c-8a70-44e6-b491-cd35c63408db	16	18134261	18144432	2	-1.4525
4cd8277c-8a70-44e6-b491-cd35c63408db	16	18148869	32072367	7198	0.0916
4cd8277c-8a70-44e6-b491-cd35c63408db	16	32081442	33640096	45	0.5845
4cd8277c-8a70-44e6-b491-cd35c63408db	16	33682107	35225230	153	0.0857
4cd8277c-8a70-44e6-b491-cd35c63408db	16	35225338	35521195	168	0.528
4cd8277c-8a70-44e6-b491-cd35c63408db	16	35522700	47299097	478	0.0978
4cd8277c-8a70-44e6-b491-cd35c63408db	16	47299712	47337251	13	-0.3417
4cd8277c-8a70-44e6-b491-cd35c63408db	16	47344877	55761136	6100	0.0928
4cd8277c-8a70-44e6-b491-cd35c63408db	16	55762477	55788485	21	-0.7562
4cd8277c-8a70-44e6-b491-cd35c63408db	16	55788532	58894390	1880	0.1004
4cd8277c-8a70-44e6-b491-cd35c63408db	16	58894855	58929716	21	0.4424
4cd8277c-8a70-44e6-b491-cd35c63408db	16	58936836	62348633	2194	0.0991
4cd8277c-8a70-44e6-b491-cd35c63408db	16	62351589	76315100	8224	-0.1325
4cd8277c-8a70-44e6-b491-cd35c63408db	16	76317395	76321358	6	-1.3907
4cd8277c-8a70-44e6-b491-cd35c63408db	16	76321901	76334065	8	-0.8908
4cd8277c-8a70-44e6-b491-cd35c63408db	16	76336020	76336204	3	-1.6819
4cd8277c-8a70-44e6-b491-cd35c63408db	16	76336994	79151927	3039	-0.1716
4cd8277c-8a70-44e6-b491-cd35c63408db	16	79154651	81031454	2014	-0.3574
4cd8277c-8a70-44e6-b491-cd35c63408db	16	81034494	88089992	6664	-0.0849
4cd8277c-8a70-44e6-b491-cd35c63408db	16	88094079	90096867	830	0.0422
4cd8277c-8a70-44e6-b491-cd35c63408db	17	150733	6382048	3529	-0.1646
4cd8277c-8a70-44e6-b491-cd35c63408db	17	6383964	6384949	3	-2.4558
4cd8277c-8a70-44e6-b491-cd35c63408db	17	6386299	13703589	4920	-0.1058
4cd8277c-8a70-44e6-b491-cd35c63408db	17	13703644	16759600	2006	-0.1729
4cd8277c-8a70-44e6-b491-cd35c63408db	17	16759737	16819487	8	0.5533
4cd8277c-8a70-44e6-b491-cd35c63408db	17	16834846	17432716	364	-0.1806
4cd8277c-8a70-44e6-b491-cd35c63408db	17	17433630	18132758	382	-0.1339
4cd8277c-8a70-44e6-b491-cd35c63408db	17	18139956	18414080	163	0.0007
4cd8277c-8a70-44e6-b491-cd35c63408db	17	18452078	18561272	26	-1.5947
4cd8277c-8a70-44e6-b491-cd35c63408db	17	18561907	26943491	1478	-0.1616
4cd8277c-8a70-44e6-b491-cd35c63408db	17	26943774	27496448	278	-0.0284
4cd8277c-8a70-44e6-b491-cd35c63408db	17	27498646	29590753	995	-0.1382
4cd8277c-8a70-44e6-b491-cd35c63408db	17	29591523	31995339	1057	-0.4233
4cd8277c-8a70-44e6-b491-cd35c63408db	17	31995694	33631275	1182	-0.1382
4cd8277c-8a70-44e6-b491-cd35c63408db	17	33632376	36548281	1954	-0.2225
4cd8277c-8a70-44e6-b491-cd35c63408db	17	36549144	40940382	2228	-0.16
4cd8277c-8a70-44e6-b491-cd35c63408db	17	40941285	41033669	75	0.0995
4cd8277c-8a70-44e6-b491-cd35c63408db	17	41034117	41266825	139	-0.1883
4cd8277c-8a70-44e6-b491-cd35c63408db	17	41266838	41273905	16	-0.8032
4cd8277c-8a70-44e6-b491-cd35c63408db	17	41273921	41274198	3	-2.6946
4cd8277c-8a70-44e6-b491-cd35c63408db	17	41274279	46136800	2531	-0.1707
4cd8277c-8a70-44e6-b491-cd35c63408db	17	46137998	46284643	85	-0.5683
4cd8277c-8a70-44e6-b491-cd35c63408db	17	46284997	64464879	10358	-0.1804
4cd8277c-8a70-44e6-b491-cd35c63408db	17	64468704	70895688	4105	0.189
4cd8277c-8a70-44e6-b491-cd35c63408db	17	70896097	70896209	2	-1.551
4cd8277c-8a70-44e6-b491-cd35c63408db	17	70896957	72996427	1745	0.1958
4cd8277c-8a70-44e6-b491-cd35c63408db	17	72996932	73365695	227	0.5709
4cd8277c-8a70-44e6-b491-cd35c63408db	17	73366381	80064056	3784	0.1589
4cd8277c-8a70-44e6-b491-cd35c63408db	17	80064086	80463806	242	0.3542
4cd8277c-8a70-44e6-b491-cd35c63408db	17	80467712	83091923	1086	0.1618
4cd8277c-8a70-44e6-b491-cd35c63408db	18	48133	644790	438	0.1082
4cd8277c-8a70-44e6-b491-cd35c63408db	18	646075	685887	54	0.3568
4cd8277c-8a70-44e6-b491-cd35c63408db	18	689242	11527372	7977	0.0933
4cd8277c-8a70-44e6-b491-cd35c63408db	18	11533786	11879343	192	0.3144
4cd8277c-8a70-44e6-b491-cd35c63408db	18	11879826	20961945	1736	0.1011
4cd8277c-8a70-44e6-b491-cd35c63408db	18	20966787	21351189	162	-0.2999
4cd8277c-8a70-44e6-b491-cd35c63408db	18	21355571	22766044	742	-0.0847
4cd8277c-8a70-44e6-b491-cd35c63408db	18	22766185	26297304	2219	0.1199
4cd8277c-8a70-44e6-b491-cd35c63408db	18	26301597	40678652	9243	-0.0871
4cd8277c-8a70-44e6-b491-cd35c63408db	18	40678741	40688060	22	0.2995
4cd8277c-8a70-44e6-b491-cd35c63408db	18	40689534	42471713	1214	-0.0971
4cd8277c-8a70-44e6-b491-cd35c63408db	18	42476604	42485248	30	-0.463
4cd8277c-8a70-44e6-b491-cd35c63408db	18	42490234	45076555	1582	-0.0956
4cd8277c-8a70-44e6-b491-cd35c63408db	18	45081417	45106357	28	0.2548
4cd8277c-8a70-44e6-b491-cd35c63408db	18	45109320	73283620	19939	-0.0882
4cd8277c-8a70-44e6-b491-cd35c63408db	18	73283977	76762887	2793	0.0292
4cd8277c-8a70-44e6-b491-cd35c63408db	18	76766320	77357090	460	0.3804
4cd8277c-8a70-44e6-b491-cd35c63408db	18	77360922	80257174	1853	0.0276
4cd8277c-8a70-44e6-b491-cd35c63408db	19	90910	2494247	573	-0.3576
4cd8277c-8a70-44e6-b491-cd35c63408db	19	2496664	4624197	641	-0.0613
4cd8277c-8a70-44e6-b491-cd35c63408db	19	4624579	4674787	15	-0.3376
4cd8277c-8a70-44e6-b491-cd35c63408db	19	4675266	12581187	3810	0.0889
4cd8277c-8a70-44e6-b491-cd35c63408db	19	12586552	12587288	2	-1.6661
4cd8277c-8a70-44e6-b491-cd35c63408db	19	12589709	24048427	5957	0.0986
4cd8277c-8a70-44e6-b491-cd35c63408db	19	24049742	24053712	5	-1.113
4cd8277c-8a70-44e6-b491-cd35c63408db	19	24055649	29577353	1705	0.0848
4cd8277c-8a70-44e6-b491-cd35c63408db	19	29580124	29621484	34	0.4577
4cd8277c-8a70-44e6-b491-cd35c63408db	19	29626535	34353658	3290	0.0793
4cd8277c-8a70-44e6-b491-cd35c63408db	19	34357811	36354973	1125	0.2204
4cd8277c-8a70-44e6-b491-cd35c63408db	19	36355248	36356596	10	-0.3833
4cd8277c-8a70-44e6-b491-cd35c63408db	19	36356735	38470925	1108	0.2031
4cd8277c-8a70-44e6-b491-cd35c63408db	19	38484339	39262180	383	0.1001
4cd8277c-8a70-44e6-b491-cd35c63408db	19	39271150	42811459	1750	-0.1468
4cd8277c-8a70-44e6-b491-cd35c63408db	19	42816985	43252085	194	0.4884
4cd8277c-8a70-44e6-b491-cd35c63408db	19	43262507	50854015	3606	-0.1382
4cd8277c-8a70-44e6-b491-cd35c63408db	19	50855858	51669657	582	-0.2388
4cd8277c-8a70-44e6-b491-cd35c63408db	19	51672301	58586487	4300	-0.1468
4cd8277c-8a70-44e6-b491-cd35c63408db	20	80664	1571811	1182	0.0507
4cd8277c-8a70-44e6-b491-cd35c63408db	20	1576544	1601561	57	-0.611
4cd8277c-8a70-44e6-b491-cd35c63408db	20	1609611	3846662	1581	0.0589
4cd8277c-8a70-44e6-b491-cd35c63408db	20	3849020	3867769	13	-0.5512
4cd8277c-8a70-44e6-b491-cd35c63408db	20	3871304	17837496	11160	0.0727
4cd8277c-8a70-44e6-b491-cd35c63408db	20	17837966	17913622	60	0.4277
4cd8277c-8a70-44e6-b491-cd35c63408db	20	17914710	21062529	2481	0.07
4cd8277c-8a70-44e6-b491-cd35c63408db	20	21062779	24721021	2683	0.0235
4cd8277c-8a70-44e6-b491-cd35c63408db	20	24721970	24840752	101	-0.9282
4cd8277c-8a70-44e6-b491-cd35c63408db	20	24843726	30400790	723	0.0519
4cd8277c-8a70-44e6-b491-cd35c63408db	20	30406589	36975321	2720	0.1234
4cd8277c-8a70-44e6-b491-cd35c63408db	20	36978502	37388863	307	0.0822
4cd8277c-8a70-44e6-b491-cd35c63408db	20	37388937	38669133	834	0.2804
4cd8277c-8a70-44e6-b491-cd35c63408db	20	38672659	38715480	28	0.0816
4cd8277c-8a70-44e6-b491-cd35c63408db	20	38720715	40744372	1460	-0.0656
4cd8277c-8a70-44e6-b491-cd35c63408db	20	40746091	45550141	3436	-0.116
4cd8277c-8a70-44e6-b491-cd35c63408db	20	45550660	45824936	181	-0.0685
4cd8277c-8a70-44e6-b491-cd35c63408db	20	45826055	50272298	3031	0.0863
4cd8277c-8a70-44e6-b491-cd35c63408db	20	50273095	54065071	2894	0.5132
4cd8277c-8a70-44e6-b491-cd35c63408db	20	54065291	54065389	5	-0.6046
4cd8277c-8a70-44e6-b491-cd35c63408db	20	54065719	54219507	157	0.5101
4cd8277c-8a70-44e6-b491-cd35c63408db	20	54222002	64324800	7244	0.0724
4cd8277c-8a70-44e6-b491-cd35c63408db	21	10354168	10529226	26	-0.0872
4cd8277c-8a70-44e6-b491-cd35c63408db	21	10529628	10775586	61	0.2892
4cd8277c-8a70-44e6-b491-cd35c63408db	21	12973348	12996886	4	-1.0691
4cd8277c-8a70-44e6-b491-cd35c63408db	21	13004391	33108930	14199	0.0866
4cd8277c-8a70-44e6-b491-cd35c63408db	21	33108938	33151376	43	0.3296
4cd8277c-8a70-44e6-b491-cd35c63408db	21	33153812	34811588	1073	0.0732
4cd8277c-8a70-44e6-b491-cd35c63408db	21	34814022	38164700	2418	-0.1494
4cd8277c-8a70-44e6-b491-cd35c63408db	21	38165062	38536193	459	-0.3518
4cd8277c-8a70-44e6-b491-cd35c63408db	21	38536271	38536489	2	-1.8395
4cd8277c-8a70-44e6-b491-cd35c63408db	21	38536597	39874804	1107	-0.3587
4cd8277c-8a70-44e6-b491-cd35c63408db	21	39874890	41720366	1694	-0.7168
4cd8277c-8a70-44e6-b491-cd35c63408db	21	41727214	41734908	8	-1.7446
4cd8277c-8a70-44e6-b491-cd35c63408db	21	41735003	41929607	127	-0.7645
4cd8277c-8a70-44e6-b491-cd35c63408db	21	41933501	41933539	2	-2.2975
4cd8277c-8a70-44e6-b491-cd35c63408db	21	41933616	42188063	223	-0.7509
4cd8277c-8a70-44e6-b491-cd35c63408db	21	42188546	44797961	1306	-0.1451
4cd8277c-8a70-44e6-b491-cd35c63408db	21	44800695	46677045	1081	0.0628
4cd8277c-8a70-44e6-b491-cd35c63408db	22	15294547	23987520	4393	0.069
4cd8277c-8a70-44e6-b491-cd35c63408db	22	23988078	23990739	4	-1.7182
4cd8277c-8a70-44e6-b491-cd35c63408db	22	23995113	36180892	9201	0.0862
4cd8277c-8a70-44e6-b491-cd35c63408db	22	36181894	36182099	2	-1.1118
4cd8277c-8a70-44e6-b491-cd35c63408db	22	36182695	37613234	968	0.1166
4cd8277c-8a70-44e6-b491-cd35c63408db	22	37619846	37966464	138	0.4413
4cd8277c-8a70-44e6-b491-cd35c63408db	22	37972981	42655011	2505	0.0921
4cd8277c-8a70-44e6-b491-cd35c63408db	22	42655945	43189066	333	0.4348
4cd8277c-8a70-44e6-b491-cd35c63408db	22	43189842	43203223	13	0.9689
4cd8277c-8a70-44e6-b491-cd35c63408db	22	43204487	43264601	31	0.4611
4cd8277c-8a70-44e6-b491-cd35c63408db	22	43268338	47659450	3254	0.1047
4cd8277c-8a70-44e6-b491-cd35c63408db	22	47664178	50796027	2409	0.0349
4cd8277c-8a70-44e6-b491-cd35c63408db	X	251810	641823	57	-0.0083
4cd8277c-8a70-44e6-b491-cd35c63408db	X	642009	17144980	10411	-0.1751
4cd8277c-8a70-44e6-b491-cd35c63408db	X	17149081	33011741	10039	0.1387
4cd8277c-8a70-44e6-b491-cd35c63408db	X	33011853	34331463	930	0.216
4cd8277c-8a70-44e6-b491-cd35c63408db	X	34333505	48731409	7844	0.1375
4cd8277c-8a70-44e6-b491-cd35c63408db	X	48731625	64879816	4929	0.0153
4cd8277c-8a70-44e6-b491-cd35c63408db	X	64880485	65497956	224	0.3727
4cd8277c-8a70-44e6-b491-cd35c63408db	X	65500021	75277433	4425	0.0003
4cd8277c-8a70-44e6-b491-cd35c63408db	X	75278114	75382512	59	0.6747
4cd8277c-8a70-44e6-b491-cd35c63408db	X	75395018	90444900	7848	0.0095
4cd8277c-8a70-44e6-b491-cd35c63408db	X	90445650	90882139	109	0.194
4cd8277c-8a70-44e6-b491-cd35c63408db	X	90883508	141921867	28110	0.0106
4cd8277c-8a70-44e6-b491-cd35c63408db	X	141924071	154598100	8159	-0.0175
4cd8277c-8a70-44e6-b491-cd35c63408db	X	154601444	155952689	468	0.0506
4cd8277c-8a70-44e6-b491-cd35c63408db	Y	2782397	3117554	150	-2.8559
4cd8277c-8a70-44e6-b491-cd35c63408db	Y	3137227	6076562	569	-2.4413
4cd8277c-8a70-44e6-b491-cd35c63408db	Y	6080059	56872112	5918	-2.9046
