GDC_Aliquot	Chromosome	Start	End	Num_Probes	Segment_Mean
fed7301c-339c-484f-945a-abe21e892dd6	1	62920	2950583	585	0.1206
fed7301c-339c-484f-945a-abe21e892dd6	1	2951396	14997156	7202	-0.0027
fed7301c-339c-484f-945a-abe21e892dd6	1	15003491	15822848	548	-0.4431
fed7301c-339c-484f-945a-abe21e892dd6	1	15823420	15828515	11	0.6397
fed7301c-339c-484f-945a-abe21e892dd6	1	15839166	16891412	364	-0.4287
fed7301c-339c-484f-945a-abe21e892dd6	1	16898475	16909203	7	0.6897
fed7301c-339c-484f-945a-abe21e892dd6	1	16909357	21409834	3044	-0.4473
fed7301c-339c-484f-945a-abe21e892dd6	1	21410973	21411250	4	-1.8481
fed7301c-339c-484f-945a-abe21e892dd6	1	21416244	25003287	2056	-0.451
fed7301c-339c-484f-945a-abe21e892dd6	1	25003500	25005094	2	-2.3156
fed7301c-339c-484f-945a-abe21e892dd6	1	25006773	25132941	113	-0.4532
fed7301c-339c-484f-945a-abe21e892dd6	1	25132989	25133608	12	0.3285
fed7301c-339c-484f-945a-abe21e892dd6	1	25133624	25244339	57	-0.4821
fed7301c-339c-484f-945a-abe21e892dd6	1	25244778	25320455	32	0.1291
fed7301c-339c-484f-945a-abe21e892dd6	1	25336819	28984562	1511	-0.4518
fed7301c-339c-484f-945a-abe21e892dd6	1	28992968	61648334	19925	0.005
fed7301c-339c-484f-945a-abe21e892dd6	1	61648509	61652515	3	-1.3563
fed7301c-339c-484f-945a-abe21e892dd6	1	61654137	72275051	7277	-0.0018
fed7301c-339c-484f-945a-abe21e892dd6	1	72280850	72345465	63	0.3696
fed7301c-339c-484f-945a-abe21e892dd6	1	72346221	75585159	1932	0.0029
fed7301c-339c-484f-945a-abe21e892dd6	1	75589078	75589169	2	-2.1541
fed7301c-339c-484f-945a-abe21e892dd6	1	75593824	90086866	9651	-0.0028
fed7301c-339c-484f-945a-abe21e892dd6	1	90090349	90091422	3	-1.4908
fed7301c-339c-484f-945a-abe21e892dd6	1	90093659	90632828	373	-0.0177
fed7301c-339c-484f-945a-abe21e892dd6	1	90633656	90637137	6	0.7874
fed7301c-339c-484f-945a-abe21e892dd6	1	90637347	91727707	739	-0.0299
fed7301c-339c-484f-945a-abe21e892dd6	1	91728105	91730095	2	-1.7143
fed7301c-339c-484f-945a-abe21e892dd6	1	91730496	94359901	1450	0.0149
fed7301c-339c-484f-945a-abe21e892dd6	1	94362214	94364728	3	-1.4594
fed7301c-339c-484f-945a-abe21e892dd6	1	94371441	102363913	5230	-0.0093
fed7301c-339c-484f-945a-abe21e892dd6	1	102364168	102364435	5	-1.1043
fed7301c-339c-484f-945a-abe21e892dd6	1	102364451	103580811	615	0.0137
fed7301c-339c-484f-945a-abe21e892dd6	1	103581040	103697364	20	-0.5224
fed7301c-339c-484f-945a-abe21e892dd6	1	103717410	105478597	927	0.013
fed7301c-339c-484f-945a-abe21e892dd6	1	105478759	105482176	15	-0.6145
fed7301c-339c-484f-945a-abe21e892dd6	1	105486052	112147704	4592	-0.0028
fed7301c-339c-484f-945a-abe21e892dd6	1	112153343	112154390	18	1.0385
fed7301c-339c-484f-945a-abe21e892dd6	1	112154552	112163591	19	0.5207
fed7301c-339c-484f-945a-abe21e892dd6	1	112163596	120064540	5036	-0.0021
fed7301c-339c-484f-945a-abe21e892dd6	1	120089042	143748012	212	0.1897
fed7301c-339c-484f-945a-abe21e892dd6	1	143748074	146039391	201	0.0592
fed7301c-339c-484f-945a-abe21e892dd6	1	146039555	146040040	2	-1.9123
fed7301c-339c-484f-945a-abe21e892dd6	1	146042474	152598693	2152	0.0242
fed7301c-339c-484f-945a-abe21e892dd6	1	152598884	152613802	20	0.673
fed7301c-339c-484f-945a-abe21e892dd6	1	152614064	152787202	170	-0.0352
fed7301c-339c-484f-945a-abe21e892dd6	1	152789447	152795805	33	0.9703
fed7301c-339c-484f-945a-abe21e892dd6	1	152795862	158896783	3616	0.0003
fed7301c-339c-484f-945a-abe21e892dd6	1	158898711	158899969	2	1.7555
fed7301c-339c-484f-945a-abe21e892dd6	1	158905028	196729112	25834	-0.0031
fed7301c-339c-484f-945a-abe21e892dd6	1	196729142	196843400	79	0.391
fed7301c-339c-484f-945a-abe21e892dd6	1	196846661	223456125	18097	-0.0031
fed7301c-339c-484f-945a-abe21e892dd6	1	223456930	223460203	12	0.566
fed7301c-339c-484f-945a-abe21e892dd6	1	223461088	231645163	5138	-0.0025
fed7301c-339c-484f-945a-abe21e892dd6	1	231646457	231646460	2	2.1034
fed7301c-339c-484f-945a-abe21e892dd6	1	231646463	240227371	6695	-0.0108
fed7301c-339c-484f-945a-abe21e892dd6	1	240227385	240227947	5	0.1011
fed7301c-339c-484f-945a-abe21e892dd6	1	240228440	240230839	7	0.774
fed7301c-339c-484f-945a-abe21e892dd6	1	240232805	240337552	110	0.1484
fed7301c-339c-484f-945a-abe21e892dd6	1	240337911	240546781	171	-0.0179
fed7301c-339c-484f-945a-abe21e892dd6	1	240548395	240714901	99	0.5445
fed7301c-339c-484f-945a-abe21e892dd6	1	240720064	242109094	1056	-0.0137
fed7301c-339c-484f-945a-abe21e892dd6	1	242109627	242464797	283	0.521
fed7301c-339c-484f-945a-abe21e892dd6	1	242466156	248930189	4140	0.0113
fed7301c-339c-484f-945a-abe21e892dd6	2	12784	35750907	24995	-0.0099
fed7301c-339c-484f-945a-abe21e892dd6	2	35752724	35762850	6	-1.9669
fed7301c-339c-484f-945a-abe21e892dd6	2	35762881	97359885	36008	-0.005
fed7301c-339c-484f-945a-abe21e892dd6	2	97524284	97545726	9	-1.0005
fed7301c-339c-484f-945a-abe21e892dd6	2	97550415	106258266	5567	-0.0111
fed7301c-339c-484f-945a-abe21e892dd6	2	106263639	106268901	12	0.9448
fed7301c-339c-484f-945a-abe21e892dd6	2	106270799	122724152	9497	-0.0142
fed7301c-339c-484f-945a-abe21e892dd6	2	122724331	122724665	5	-1.1216
fed7301c-339c-484f-945a-abe21e892dd6	2	122726077	127099470	2859	-0.0206
fed7301c-339c-484f-945a-abe21e892dd6	2	127100187	127100370	2	2.0777
fed7301c-339c-484f-945a-abe21e892dd6	2	127101070	129438526	1506	-0.0253
fed7301c-339c-484f-945a-abe21e892dd6	2	129438904	129457708	17	0.4282
fed7301c-339c-484f-945a-abe21e892dd6	2	129458470	130036283	396	-0.0071
fed7301c-339c-484f-945a-abe21e892dd6	2	130036310	130116915	13	-0.6328
fed7301c-339c-484f-945a-abe21e892dd6	2	130117303	159102108	17336	-0.0259
fed7301c-339c-484f-945a-abe21e892dd6	2	159103831	159104461	2	1.8476
fed7301c-339c-484f-945a-abe21e892dd6	2	159106775	185444152	16440	-0.0151
fed7301c-339c-484f-945a-abe21e892dd6	2	185447629	185477693	16	0.5092
fed7301c-339c-484f-945a-abe21e892dd6	2	185480421	194190752	4813	-0.0126
fed7301c-339c-484f-945a-abe21e892dd6	2	194202242	194204144	2	-1.984
fed7301c-339c-484f-945a-abe21e892dd6	2	194204314	204479729	5851	-0.0154
fed7301c-339c-484f-945a-abe21e892dd6	2	204479949	204479964	3	-1.4233
fed7301c-339c-484f-945a-abe21e892dd6	2	204479970	242147305	24136	-0.0198
fed7301c-339c-484f-945a-abe21e892dd6	3	20930	2660770	2285	-0.0936
fed7301c-339c-484f-945a-abe21e892dd6	3	2666454	59737454	38017	-0.0104
fed7301c-339c-484f-945a-abe21e892dd6	3	59740125	59756136	23	-0.1807
fed7301c-339c-484f-945a-abe21e892dd6	3	59758937	59759975	2	-2.5477
fed7301c-339c-484f-945a-abe21e892dd6	3	59760347	60919700	1327	-0.1084
fed7301c-339c-484f-945a-abe21e892dd6	3	60920062	68697108	6131	-0.0055
fed7301c-339c-484f-945a-abe21e892dd6	3	68697133	68698262	13	-1.3941
fed7301c-339c-484f-945a-abe21e892dd6	3	68699607	75519398	4928	-0.0062
fed7301c-339c-484f-945a-abe21e892dd6	3	75523398	75537654	5	1.311
fed7301c-339c-484f-945a-abe21e892dd6	3	75546030	84525959	4905	-0.0148
fed7301c-339c-484f-945a-abe21e892dd6	3	84526015	84532704	3	-1.312
fed7301c-339c-484f-945a-abe21e892dd6	3	84536908	87783201	1843	-0.0058
fed7301c-339c-484f-945a-abe21e892dd6	3	87784025	87801359	9	-0.8418
fed7301c-339c-484f-945a-abe21e892dd6	3	87805127	95737262	2364	-0.0125
fed7301c-339c-484f-945a-abe21e892dd6	3	95748036	95749266	2	-2.9933
fed7301c-339c-484f-945a-abe21e892dd6	3	95749836	99218119	1848	-0.019
fed7301c-339c-484f-945a-abe21e892dd6	3	99218940	99230577	39	0.4757
fed7301c-339c-484f-945a-abe21e892dd6	3	99232120	116450736	10448	-0.0169
fed7301c-339c-484f-945a-abe21e892dd6	3	116462178	117332592	702	-0.2788
fed7301c-339c-484f-945a-abe21e892dd6	3	117334766	130041779	7558	-0.0025
fed7301c-339c-484f-945a-abe21e892dd6	3	130044016	130087209	38	0.5747
fed7301c-339c-484f-945a-abe21e892dd6	3	130087393	149245189	11912	-0.0056
fed7301c-339c-484f-945a-abe21e892dd6	3	149245608	149250334	25	-0.7736
fed7301c-339c-484f-945a-abe21e892dd6	3	149253293	162794951	8338	-0.0113
fed7301c-339c-484f-945a-abe21e892dd6	3	162795304	162807070	10	0.9703
fed7301c-339c-484f-945a-abe21e892dd6	3	162810842	162822702	10	-0.2151
fed7301c-339c-484f-945a-abe21e892dd6	3	162827928	162908207	48	0.9593
fed7301c-339c-484f-945a-abe21e892dd6	3	162908784	193156018	19162	-0.0083
fed7301c-339c-484f-945a-abe21e892dd6	3	193156958	193165114	21	0.6668
fed7301c-339c-484f-945a-abe21e892dd6	3	193168646	198169247	2693	0.0139
fed7301c-339c-484f-945a-abe21e892dd6	4	68929	9455251	5151	-0.1219
fed7301c-339c-484f-945a-abe21e892dd6	4	9459504	9477699	6	1.1539
fed7301c-339c-484f-945a-abe21e892dd6	4	9484440	10208766	539	-0.1418
fed7301c-339c-484f-945a-abe21e892dd6	4	10212536	10232642	31	1.1309
fed7301c-339c-484f-945a-abe21e892dd6	4	10232984	10271164	48	-0.0326
fed7301c-339c-484f-945a-abe21e892dd6	4	10271419	10273370	10	-1.4331
fed7301c-339c-484f-945a-abe21e892dd6	4	10274358	34784878	16915	-0.1297
fed7301c-339c-484f-945a-abe21e892dd6	4	34785333	34828250	38	-0.6164
fed7301c-339c-484f-945a-abe21e892dd6	4	34828291	43144118	5525	-0.1186
fed7301c-339c-484f-945a-abe21e892dd6	4	43144761	43154418	8	-1.2854
fed7301c-339c-484f-945a-abe21e892dd6	4	43154422	58290448	7832	-0.1221
fed7301c-339c-484f-945a-abe21e892dd6	4	58301943	58314222	5	-1.3516
fed7301c-339c-484f-945a-abe21e892dd6	4	58320511	61071220	1680	-0.1428
fed7301c-339c-484f-945a-abe21e892dd6	4	61075217	61079968	3	-1.6182
fed7301c-339c-484f-945a-abe21e892dd6	4	61080494	65031097	2276	-0.1379
fed7301c-339c-484f-945a-abe21e892dd6	4	65031493	65031522	2	-1.8797
fed7301c-339c-484f-945a-abe21e892dd6	4	65032069	68418873	2109	-0.1278
fed7301c-339c-484f-945a-abe21e892dd6	4	68422420	68422424	3	2.0143
fed7301c-339c-484f-945a-abe21e892dd6	4	68429081	68478894	9	-0.0026
fed7301c-339c-484f-945a-abe21e892dd6	4	68494770	68623617	69	-1.5599
fed7301c-339c-484f-945a-abe21e892dd6	4	68639397	69523998	476	-0.0675
fed7301c-339c-484f-945a-abe21e892dd6	4	69524143	69525061	2	-2.301
fed7301c-339c-484f-945a-abe21e892dd6	4	69526170	110340598	24727	-0.1261
fed7301c-339c-484f-945a-abe21e892dd6	4	110341462	110342931	3	-2.5542
fed7301c-339c-484f-945a-abe21e892dd6	4	110343527	113089932	1643	-0.1206
fed7301c-339c-484f-945a-abe21e892dd6	4	113090175	113092484	3	-1.1705
fed7301c-339c-484f-945a-abe21e892dd6	4	113092542	114258287	846	-0.1053
fed7301c-339c-484f-945a-abe21e892dd6	4	114258300	114268862	24	-0.5767
fed7301c-339c-484f-945a-abe21e892dd6	4	114269023	115244712	597	-0.1083
fed7301c-339c-484f-945a-abe21e892dd6	4	115244948	115259399	28	-0.782
fed7301c-339c-484f-945a-abe21e892dd6	4	115261423	151868634	21438	-0.1185
fed7301c-339c-484f-945a-abe21e892dd6	4	151870381	151871415	11	-1.1489
fed7301c-339c-484f-945a-abe21e892dd6	4	151871739	151873707	4	1.2827
fed7301c-339c-484f-945a-abe21e892dd6	4	151874236	164704311	8320	-0.121
fed7301c-339c-484f-945a-abe21e892dd6	4	164705282	164705723	2	-1.7815
fed7301c-339c-484f-945a-abe21e892dd6	4	164706604	171448195	4230	-0.1103
fed7301c-339c-484f-945a-abe21e892dd6	4	171453733	171456559	10	1.1965
fed7301c-339c-484f-945a-abe21e892dd6	4	171456573	171622141	102	-0.1055
fed7301c-339c-484f-945a-abe21e892dd6	4	171623065	171740841	73	-0.5095
fed7301c-339c-484f-945a-abe21e892dd6	4	171746681	172066777	224	-0.1497
fed7301c-339c-484f-945a-abe21e892dd6	4	172067997	172068382	12	-1.758
fed7301c-339c-484f-945a-abe21e892dd6	4	172074828	190106768	12070	-0.1224
fed7301c-339c-484f-945a-abe21e892dd6	5	15532	15718383	12171	-0.1194
fed7301c-339c-484f-945a-abe21e892dd6	5	15719113	15720342	9	-1.4565
fed7301c-339c-484f-945a-abe21e892dd6	5	15720369	21449167	3530	-0.1087
fed7301c-339c-484f-945a-abe21e892dd6	5	21451091	21451855	3	-2.0106
fed7301c-339c-484f-945a-abe21e892dd6	5	21451889	26789248	3136	-0.1226
fed7301c-339c-484f-945a-abe21e892dd6	5	26789372	26797735	4	0.9189
fed7301c-339c-484f-945a-abe21e892dd6	5	26803775	27524345	393	-0.1283
fed7301c-339c-484f-945a-abe21e892dd6	5	27525800	27527372	9	-1.6126
fed7301c-339c-484f-945a-abe21e892dd6	5	27528377	29077540	898	-0.1193
fed7301c-339c-484f-945a-abe21e892dd6	5	29077675	29084053	14	-0.8395
fed7301c-339c-484f-945a-abe21e892dd6	5	29084834	34700599	3758	-0.1173
fed7301c-339c-484f-945a-abe21e892dd6	5	34700960	34701084	2	-3.2338
fed7301c-339c-484f-945a-abe21e892dd6	5	34703258	46191782	6723	-0.1099
fed7301c-339c-484f-945a-abe21e892dd6	5	46195781	46199333	4	1.0799
fed7301c-339c-484f-945a-abe21e892dd6	5	46209197	46271006	15	-0.1009
fed7301c-339c-484f-945a-abe21e892dd6	5	46271828	46273400	6	-1.947
fed7301c-339c-484f-945a-abe21e892dd6	5	46278110	58025819	5071	-0.1081
fed7301c-339c-484f-945a-abe21e892dd6	5	58030200	58037688	31	1.9067
fed7301c-339c-484f-945a-abe21e892dd6	5	58037706	173775504	72675	-0.1133
fed7301c-339c-484f-945a-abe21e892dd6	5	173778055	173779368	8	-1.5415
fed7301c-339c-484f-945a-abe21e892dd6	5	173780308	181363319	4384	-0.1108
fed7301c-339c-484f-945a-abe21e892dd6	6	149661	4319956	3422	-0.0185
fed7301c-339c-484f-945a-abe21e892dd6	6	4321356	4321586	3	-2.6806
fed7301c-339c-484f-945a-abe21e892dd6	6	4321912	11983682	6066	-0.0183
fed7301c-339c-484f-945a-abe21e892dd6	6	11983809	11985100	2	-2.2965
fed7301c-339c-484f-945a-abe21e892dd6	6	11986339	16375021	3248	-0.0198
fed7301c-339c-484f-945a-abe21e892dd6	6	16376393	16377416	4	-1.0818
fed7301c-339c-484f-945a-abe21e892dd6	6	16380656	17101433	658	-0.036
fed7301c-339c-484f-945a-abe21e892dd6	6	17102527	17102627	2	-2.1503
fed7301c-339c-484f-945a-abe21e892dd6	6	17102766	19041950	1370	-0.0013
fed7301c-339c-484f-945a-abe21e892dd6	6	19042125	19050511	9	0.7154
fed7301c-339c-484f-945a-abe21e892dd6	6	19050737	23057409	2927	-0.0473
fed7301c-339c-484f-945a-abe21e892dd6	6	23060763	23064026	4	1.2972
fed7301c-339c-484f-945a-abe21e892dd6	6	23067417	29869411	3941	-0.0429
fed7301c-339c-484f-945a-abe21e892dd6	6	29869537	29869681	2	-2.6367
fed7301c-339c-484f-945a-abe21e892dd6	6	29869700	31313046	672	-0.0309
fed7301c-339c-484f-945a-abe21e892dd6	6	31318499	31349570	13	-1.7053
fed7301c-339c-484f-945a-abe21e892dd6	6	31349920	65115735	18817	-0.0141
fed7301c-339c-484f-945a-abe21e892dd6	6	65116654	65121791	11	-0.8811
fed7301c-339c-484f-945a-abe21e892dd6	6	65124288	68943867	2661	-0.0131
fed7301c-339c-484f-945a-abe21e892dd6	6	68947163	68951349	2	1.6449
fed7301c-339c-484f-945a-abe21e892dd6	6	68952475	73882142	3166	-0.0161
fed7301c-339c-484f-945a-abe21e892dd6	6	73882509	73887573	8	1.0977
fed7301c-339c-484f-945a-abe21e892dd6	6	73887625	76312261	1483	-0.0187
fed7301c-339c-484f-945a-abe21e892dd6	6	76313871	76314659	9	-0.8248
fed7301c-339c-484f-945a-abe21e892dd6	6	76314756	76731658	287	-0.0422
fed7301c-339c-484f-945a-abe21e892dd6	6	76731725	76743040	15	0.6084
fed7301c-339c-484f-945a-abe21e892dd6	6	76751356	78262451	985	-0.031
fed7301c-339c-484f-945a-abe21e892dd6	6	78262749	78316984	90	0.3396
fed7301c-339c-484f-945a-abe21e892dd6	6	78317255	103286941	15489	-0.0213
fed7301c-339c-484f-945a-abe21e892dd6	6	103286950	103314186	48	0.7682
fed7301c-339c-484f-945a-abe21e892dd6	6	103317795	133945130	19078	-0.0152
fed7301c-339c-484f-945a-abe21e892dd6	6	133947933	133948494	2	-1.8601
fed7301c-339c-484f-945a-abe21e892dd6	6	133950934	162176920	19119	-0.0097
fed7301c-339c-484f-945a-abe21e892dd6	6	162177949	162240958	54	-0.4614
fed7301c-339c-484f-945a-abe21e892dd6	6	162243137	170741917	5918	-0.0186
fed7301c-339c-484f-945a-abe21e892dd6	7	43355	15104465	10162	0.1507
fed7301c-339c-484f-945a-abe21e892dd6	7	15106488	15123385	20	-0.9686
fed7301c-339c-484f-945a-abe21e892dd6	7	15127545	29269949	10910	0.1534
fed7301c-339c-484f-945a-abe21e892dd6	7	29270225	29274467	3	-1.2863
fed7301c-339c-484f-945a-abe21e892dd6	7	29276569	38251092	6277	0.1559
fed7301c-339c-484f-945a-abe21e892dd6	7	38251113	38281531	17	0.8045
fed7301c-339c-484f-945a-abe21e892dd6	7	38283317	54119177	10956	0.154
fed7301c-339c-484f-945a-abe21e892dd6	7	54119192	54129863	16	-0.347
fed7301c-339c-484f-945a-abe21e892dd6	7	54130808	54305455	128	0.1849
fed7301c-339c-484f-945a-abe21e892dd6	7	54318812	54318824	6	1.3788
fed7301c-339c-484f-945a-abe21e892dd6	7	54325795	62326419	2065	0.1436
fed7301c-339c-484f-945a-abe21e892dd6	7	62326769	62933040	109	0.3935
fed7301c-339c-484f-945a-abe21e892dd6	7	62944328	70955452	3953	0.1446
fed7301c-339c-484f-945a-abe21e892dd6	7	70958264	70961155	2	-2.8289
fed7301c-339c-484f-945a-abe21e892dd6	7	70963257	89121159	10182	0.1539
fed7301c-339c-484f-945a-abe21e892dd6	7	89122144	89124943	5	-0.9156
fed7301c-339c-484f-945a-abe21e892dd6	7	89125263	91578714	1649	0.1501
fed7301c-339c-484f-945a-abe21e892dd6	7	91578737	91595723	8	0.9727
fed7301c-339c-484f-945a-abe21e892dd6	7	91596584	109797035	10463	0.1591
fed7301c-339c-484f-945a-abe21e892dd6	7	109797036	109813853	34	0.9329
fed7301c-339c-484f-945a-abe21e892dd6	7	109813925	110230420	269	0.1162
fed7301c-339c-484f-945a-abe21e892dd6	7	110235672	110679478	328	-0.0904
fed7301c-339c-484f-945a-abe21e892dd6	7	110680013	112429512	1141	0.1506
fed7301c-339c-484f-945a-abe21e892dd6	7	112430114	112534739	71	-0.1049
fed7301c-339c-484f-945a-abe21e892dd6	7	112536822	125018546	7306	0.1616
fed7301c-339c-484f-945a-abe21e892dd6	7	125018574	125019528	10	0.8178
fed7301c-339c-484f-945a-abe21e892dd6	7	125019795	126404920	906	0.1344
fed7301c-339c-484f-945a-abe21e892dd6	7	126405428	126406827	18	-1.1225
fed7301c-339c-484f-945a-abe21e892dd6	7	126412712	159334314	20819	0.1567
fed7301c-339c-484f-945a-abe21e892dd6	8	81254	221626	13	-0.0001
fed7301c-339c-484f-945a-abe21e892dd6	8	223223	237866	7	-1.2721
fed7301c-339c-484f-945a-abe21e892dd6	8	240568	4307125	4035	-0.0082
fed7301c-339c-484f-945a-abe21e892dd6	8	4307453	4309168	16	-0.9189
fed7301c-339c-484f-945a-abe21e892dd6	8	4309259	12177488	6949	-0.0113
fed7301c-339c-484f-945a-abe21e892dd6	8	12323772	12376891	11	-1.7259
fed7301c-339c-484f-945a-abe21e892dd6	8	12382326	16115471	3322	-0.0136
fed7301c-339c-484f-945a-abe21e892dd6	8	16116081	16116236	2	-1.7811
fed7301c-339c-484f-945a-abe21e892dd6	8	16117499	27535549	9000	0.0048
fed7301c-339c-484f-945a-abe21e892dd6	8	27536847	27547573	12	0.6249
fed7301c-339c-484f-945a-abe21e892dd6	8	27547587	32826447	3558	0.016
fed7301c-339c-484f-945a-abe21e892dd6	8	32826507	32830685	5	1.0513
fed7301c-339c-484f-945a-abe21e892dd6	8	32830895	36449925	1998	-0.0108
fed7301c-339c-484f-945a-abe21e892dd6	8	36455210	36457911	3	-1.0413
fed7301c-339c-484f-945a-abe21e892dd6	8	36459849	37756889	798	0.0181
fed7301c-339c-484f-945a-abe21e892dd6	8	37758165	37768774	4	-0.9853
fed7301c-339c-484f-945a-abe21e892dd6	8	37772973	38430945	261	0.0194
fed7301c-339c-484f-945a-abe21e892dd6	8	38432841	38432991	3	-0.9351
fed7301c-339c-484f-945a-abe21e892dd6	8	38433569	38455274	19	-0.0009
fed7301c-339c-484f-945a-abe21e892dd6	8	38455399	38463736	41	0.3285
fed7301c-339c-484f-945a-abe21e892dd6	8	38463766	43851654	3078	0.0116
fed7301c-339c-484f-945a-abe21e892dd6	8	43862525	69294368	14114	0.2367
fed7301c-339c-484f-945a-abe21e892dd6	8	69295362	69295711	3	-1.0932
fed7301c-339c-484f-945a-abe21e892dd6	8	69296017	90772932	12860	0.2421
fed7301c-339c-484f-945a-abe21e892dd6	8	90774771	90777060	2	-1.3061
fed7301c-339c-484f-945a-abe21e892dd6	8	90777674	111279265	12453	0.2447
fed7301c-339c-484f-945a-abe21e892dd6	8	111282050	111283031	10	1.8388
fed7301c-339c-484f-945a-abe21e892dd6	8	111288052	114356292	1674	0.2223
fed7301c-339c-484f-945a-abe21e892dd6	8	114356495	114370289	3	1.6531
fed7301c-339c-484f-945a-abe21e892dd6	8	114370305	140504085	19197	0.2415
fed7301c-339c-484f-945a-abe21e892dd6	8	140504738	145072769	2042	0.3305
fed7301c-339c-484f-945a-abe21e892dd6	9	46587	41533430	31256	0.1284
fed7301c-339c-484f-945a-abe21e892dd6	9	41569585	41703463	24	-0.8208
fed7301c-339c-484f-945a-abe21e892dd6	9	41703482	63580418	165	0.166
fed7301c-339c-484f-945a-abe21e892dd6	9	63590317	63590325	5	-1.1316
fed7301c-339c-484f-945a-abe21e892dd6	9	63592670	138200944	48043	0.1331
fed7301c-339c-484f-945a-abe21e892dd6	10	45792	751569	415	0.0414
fed7301c-339c-484f-945a-abe21e892dd6	10	752021	754237	3	-2.4231
fed7301c-339c-484f-945a-abe21e892dd6	10	754273	2313190	1313	0.0027
fed7301c-339c-484f-945a-abe21e892dd6	10	2313295	2315508	5	1.1751
fed7301c-339c-484f-945a-abe21e892dd6	10	2317809	24088745	17459	0.0001
fed7301c-339c-484f-945a-abe21e892dd6	10	24088746	24089125	10	-2.0688
fed7301c-339c-484f-945a-abe21e892dd6	10	24089979	26934974	1985	0.0017
fed7301c-339c-484f-945a-abe21e892dd6	10	26936975	26941808	16	0.6318
fed7301c-339c-484f-945a-abe21e892dd6	10	26942681	46092447	10275	-0.0009
fed7301c-339c-484f-945a-abe21e892dd6	10	46093430	46289812	118	0.626
fed7301c-339c-484f-945a-abe21e892dd6	10	46290653	46657149	113	-0.0179
fed7301c-339c-484f-945a-abe21e892dd6	10	46693480	46810571	9	-1.2458
fed7301c-339c-484f-945a-abe21e892dd6	10	46836986	48523157	563	0.0428
fed7301c-339c-484f-945a-abe21e892dd6	10	48524930	48524943	2	-2.2704
fed7301c-339c-484f-945a-abe21e892dd6	10	48525216	85693118	25712	-0.0005
fed7301c-339c-484f-945a-abe21e892dd6	10	85694037	107390315	13658	-0.4588
fed7301c-339c-484f-945a-abe21e892dd6	10	107390452	133654968	18977	0.0055
fed7301c-339c-484f-945a-abe21e892dd6	11	198510	1623210	483	0.0187
fed7301c-339c-484f-945a-abe21e892dd6	11	1623675	1628817	6	-1.0564
fed7301c-339c-484f-945a-abe21e892dd6	11	1629309	1651111	21	-0.1612
fed7301c-339c-484f-945a-abe21e892dd6	11	1651604	1651673	2	-2.6193
fed7301c-339c-484f-945a-abe21e892dd6	11	1653927	5768495	2722	-0.0088
fed7301c-339c-484f-945a-abe21e892dd6	11	5768511	5788231	30	-0.6022
fed7301c-339c-484f-945a-abe21e892dd6	11	5791130	7846416	1527	-0.0169
fed7301c-339c-484f-945a-abe21e892dd6	11	7847983	7848373	3	-1.385
fed7301c-339c-484f-945a-abe21e892dd6	11	7857629	9205422	943	-0.0084
fed7301c-339c-484f-945a-abe21e892dd6	11	9209191	9376691	62	0.2971
fed7301c-339c-484f-945a-abe21e892dd6	11	9376807	18928326	6879	0.0228
fed7301c-339c-484f-945a-abe21e892dd6	11	18928709	18931264	12	-0.682
fed7301c-339c-484f-945a-abe21e892dd6	11	18931442	48688877	20646	0.0024
fed7301c-339c-484f-945a-abe21e892dd6	11	48688881	48702884	5	1.0848
fed7301c-339c-484f-945a-abe21e892dd6	11	48712073	49738003	398	0.0196
fed7301c-339c-484f-945a-abe21e892dd6	11	49738039	49739136	5	-1.2477
fed7301c-339c-484f-945a-abe21e892dd6	11	49744609	65503767	6145	0.0074
fed7301c-339c-484f-945a-abe21e892dd6	11	65505579	65601359	35	0.4407
fed7301c-339c-484f-945a-abe21e892dd6	11	65603806	76590272	5416	-0.0165
fed7301c-339c-484f-945a-abe21e892dd6	11	76590331	78474151	1027	0.1607
fed7301c-339c-484f-945a-abe21e892dd6	11	78475213	98839330	14351	0.1281
fed7301c-339c-484f-945a-abe21e892dd6	11	98839938	108653418	6948	0.1682
fed7301c-339c-484f-945a-abe21e892dd6	11	108655341	114876076	4205	0.0075
fed7301c-339c-484f-945a-abe21e892dd6	11	114876460	114886415	8	-0.7793
fed7301c-339c-484f-945a-abe21e892dd6	11	114887026	124010846	6519	0.0142
fed7301c-339c-484f-945a-abe21e892dd6	11	124012111	131786334	5882	0.0513
fed7301c-339c-484f-945a-abe21e892dd6	11	131786445	135074876	2543	0.0107
fed7301c-339c-484f-945a-abe21e892dd6	12	51460	9481274	6175	0.1161
fed7301c-339c-484f-945a-abe21e892dd6	12	9485313	9575696	23	-1.8
fed7301c-339c-484f-945a-abe21e892dd6	12	9582373	11061546	1034	0.1005
fed7301c-339c-484f-945a-abe21e892dd6	12	11062773	11088933	13	0.9557
fed7301c-339c-484f-945a-abe21e892dd6	12	11099275	33141726	15536	0.1109
fed7301c-339c-484f-945a-abe21e892dd6	12	33148472	33154440	27	-3.1533
fed7301c-339c-484f-945a-abe21e892dd6	12	33155426	34302636	684	0.177
fed7301c-339c-484f-945a-abe21e892dd6	12	34304273	37464142	106	0.4328
fed7301c-339c-484f-945a-abe21e892dd6	12	37469922	38120638	145	0.1663
fed7301c-339c-484f-945a-abe21e892dd6	12	38121041	38342001	111	0.0776
fed7301c-339c-484f-945a-abe21e892dd6	12	38342923	38382018	19	0.5637
fed7301c-339c-484f-945a-abe21e892dd6	12	38385923	42949084	3006	0.0828
fed7301c-339c-484f-945a-abe21e892dd6	12	42964527	42965247	3	-1.1819
fed7301c-339c-484f-945a-abe21e892dd6	12	42966032	45506042	1511	0.112
fed7301c-339c-484f-945a-abe21e892dd6	12	45510655	45515754	4	1.5701
fed7301c-339c-484f-945a-abe21e892dd6	12	45519509	90089066	27236	0.1078
fed7301c-339c-484f-945a-abe21e892dd6	12	90089570	90100162	17	0.61
fed7301c-339c-484f-945a-abe21e892dd6	12	90100264	126464026	24100	0.1071
fed7301c-339c-484f-945a-abe21e892dd6	12	126465618	126465756	2	-1.9374
fed7301c-339c-484f-945a-abe21e892dd6	12	126466867	129656605	2873	0.0799
fed7301c-339c-484f-945a-abe21e892dd6	12	129656899	129662232	4	-1.2794
fed7301c-339c-484f-945a-abe21e892dd6	12	129662965	132701551	1977	0.1378
fed7301c-339c-484f-945a-abe21e892dd6	12	132703423	133201603	226	0.229
fed7301c-339c-484f-945a-abe21e892dd6	13	18452809	20360497	956	0.2228
fed7301c-339c-484f-945a-abe21e892dd6	13	20361146	20361584	2	-1.8649
fed7301c-339c-484f-945a-abe21e892dd6	13	20362359	38478674	13237	0.1881
fed7301c-339c-484f-945a-abe21e892dd6	13	38483435	38483919	2	-2.4051
fed7301c-339c-484f-945a-abe21e892dd6	13	38490920	57120137	11794	0.2004
fed7301c-339c-484f-945a-abe21e892dd6	13	57127241	57204234	58	0.4862
fed7301c-339c-484f-945a-abe21e892dd6	13	57204246	114342922	38094	0.1945
fed7301c-339c-484f-945a-abe21e892dd6	14	18239283	19294457	46	0.121
fed7301c-339c-484f-945a-abe21e892dd6	14	19294475	20015468	159	0.3493
fed7301c-339c-484f-945a-abe21e892dd6	14	20015714	21855405	1219	0.01
fed7301c-339c-484f-945a-abe21e892dd6	14	21856896	21859885	7	-0.8841
fed7301c-339c-484f-945a-abe21e892dd6	14	21860089	22139542	271	0.0882
fed7301c-339c-484f-945a-abe21e892dd6	14	22143351	22145736	11	-0.7539
fed7301c-339c-484f-945a-abe21e892dd6	14	22147511	22799195	530	0.1549
fed7301c-339c-484f-945a-abe21e892dd6	14	22801891	50489748	16951	0.0083
fed7301c-339c-484f-945a-abe21e892dd6	14	50490266	50491166	2	-1.8352
fed7301c-339c-484f-945a-abe21e892dd6	14	50494748	53341126	1956	0.0067
fed7301c-339c-484f-945a-abe21e892dd6	14	53345162	53345341	4	-1.6036
fed7301c-339c-484f-945a-abe21e892dd6	14	53345534	70708664	11191	0.0081
fed7301c-339c-484f-945a-abe21e892dd6	14	70710181	70711786	2	-1.7585
fed7301c-339c-484f-945a-abe21e892dd6	14	70717454	106290131	22749	0.0118
fed7301c-339c-484f-945a-abe21e892dd6	14	106290365	106297273	7	1.0894
fed7301c-339c-484f-945a-abe21e892dd6	14	106297409	106407614	49	0.1881
fed7301c-339c-484f-945a-abe21e892dd6	14	106412640	106462183	51	-0.534
fed7301c-339c-484f-945a-abe21e892dd6	14	106462724	106877229	195	-0.0244
fed7301c-339c-484f-945a-abe21e892dd6	15	19811075	20001686	44	0.1255
fed7301c-339c-484f-945a-abe21e892dd6	15	20011702	20056983	5	-2.0947
fed7301c-339c-484f-945a-abe21e892dd6	15	20059033	22299523	155	-0.4655
fed7301c-339c-484f-945a-abe21e892dd6	15	22385639	32147110	5701	-0.003
fed7301c-339c-484f-945a-abe21e892dd6	15	32149432	32519403	32	-0.6542
fed7301c-339c-484f-945a-abe21e892dd6	15	32520328	58429248	16588	-0.007
fed7301c-339c-484f-945a-abe21e892dd6	15	58432172	58432410	4	-1.2135
fed7301c-339c-484f-945a-abe21e892dd6	15	58432593	76599536	11384	0.0019
fed7301c-339c-484f-945a-abe21e892dd6	15	76599663	76603434	16	0.7641
fed7301c-339c-484f-945a-abe21e892dd6	15	76609838	94399688	12036	-0.0042
fed7301c-339c-484f-945a-abe21e892dd6	15	94401626	94402095	2	-2.1239
fed7301c-339c-484f-945a-abe21e892dd6	15	94403058	101370031	5172	-0.004
fed7301c-339c-484f-945a-abe21e892dd6	15	101370345	101383080	15	-0.6309
fed7301c-339c-484f-945a-abe21e892dd6	15	101384341	101737277	306	0.0587
fed7301c-339c-484f-945a-abe21e892dd6	15	101738384	101859346	64	0.4177
fed7301c-339c-484f-945a-abe21e892dd6	15	101859834	101928837	14	-0.5013
fed7301c-339c-484f-945a-abe21e892dd6	16	10777	22614450	14794	-0.0063
fed7301c-339c-484f-945a-abe21e892dd6	16	22615026	22615121	2	-2.7389
fed7301c-339c-484f-945a-abe21e892dd6	16	22616567	29261283	4255	-0.0048
fed7301c-339c-484f-945a-abe21e892dd6	16	29265473	29269734	5	-1.255
fed7301c-339c-484f-945a-abe21e892dd6	16	29270444	55761136	7875	-0.0037
fed7301c-339c-484f-945a-abe21e892dd6	16	55762477	55788532	22	-0.698
fed7301c-339c-484f-945a-abe21e892dd6	16	55808442	78337711	14280	-0.0118
fed7301c-339c-484f-945a-abe21e892dd6	16	78338543	78351104	17	-2.3342
fed7301c-339c-484f-945a-abe21e892dd6	16	78351540	83484136	5747	-0.0439
fed7301c-339c-484f-945a-abe21e892dd6	16	83484162	90014590	4799	0.0134
fed7301c-339c-484f-945a-abe21e892dd6	16	90015115	90096867	63	-0.1435
fed7301c-339c-484f-945a-abe21e892dd6	17	150733	563231	207	0.045
fed7301c-339c-484f-945a-abe21e892dd6	17	564717	957872	237	0.2023
fed7301c-339c-484f-945a-abe21e892dd6	17	958293	41265456	20373	-0.0101
fed7301c-339c-484f-945a-abe21e892dd6	17	41266762	41274279	24	-0.9487
fed7301c-339c-484f-945a-abe21e892dd6	17	41276472	42864637	845	0.0153
fed7301c-339c-484f-945a-abe21e892dd6	17	42865916	42880702	7	0.7183
fed7301c-339c-484f-945a-abe21e892dd6	17	42882695	45117838	1142	-0.0161
fed7301c-339c-484f-945a-abe21e892dd6	17	45118296	45119179	6	-1.3203
fed7301c-339c-484f-945a-abe21e892dd6	17	45120226	46351954	624	0.051
fed7301c-339c-484f-945a-abe21e892dd6	17	46446345	46446360	2	2.9951
fed7301c-339c-484f-945a-abe21e892dd6	17	46569894	81416288	20930	-0.0157
fed7301c-339c-484f-945a-abe21e892dd6	17	81418571	81418840	7	1.3029
fed7301c-339c-484f-945a-abe21e892dd6	17	81418872	83091923	620	0.0046
fed7301c-339c-484f-945a-abe21e892dd6	18	48133	294045	111	-0.3924
fed7301c-339c-484f-945a-abe21e892dd6	18	294169	295046	6	-2.5964
fed7301c-339c-484f-945a-abe21e892dd6	18	298035	76733068	48216	-0.4644
fed7301c-339c-484f-945a-abe21e892dd6	18	76733405	76734524	2	-3.0335
fed7301c-339c-484f-945a-abe21e892dd6	18	76734823	80257174	2330	-0.482
fed7301c-339c-484f-945a-abe21e892dd6	19	90910	20371472	8887	-0.0207
fed7301c-339c-484f-945a-abe21e892dd6	19	20372008	20959836	332	0.1385
fed7301c-339c-484f-945a-abe21e892dd6	19	20962588	24253988	1904	-0.0254
fed7301c-339c-484f-945a-abe21e892dd6	19	24268427	27466131	50	0.3008
fed7301c-339c-484f-945a-abe21e892dd6	19	27469081	29370975	1362	-0.0384
fed7301c-339c-484f-945a-abe21e892dd6	19	29373674	29374174	3	-1.4375
fed7301c-339c-484f-945a-abe21e892dd6	19	29374438	30930672	1134	-0.039
fed7301c-339c-484f-945a-abe21e892dd6	19	30932715	30932988	2	-1.6406
fed7301c-339c-484f-945a-abe21e892dd6	19	30935721	35364451	3022	-0.0101
fed7301c-339c-484f-945a-abe21e892dd6	19	35364547	35375884	22	-0.5827
fed7301c-339c-484f-945a-abe21e892dd6	19	35375899	42786621	3683	-0.0127
fed7301c-339c-484f-945a-abe21e892dd6	19	42790238	43099219	130	0.4878
fed7301c-339c-484f-945a-abe21e892dd6	19	43103053	47748790	2287	-0.0105
fed7301c-339c-484f-945a-abe21e892dd6	19	47751135	47753975	2	1.5484
fed7301c-339c-484f-945a-abe21e892dd6	19	47758514	50829011	1373	0.014
fed7301c-339c-484f-945a-abe21e892dd6	19	50829130	50835951	6	-0.8458
fed7301c-339c-484f-945a-abe21e892dd6	19	50842312	51628560	548	-0.028
fed7301c-339c-484f-945a-abe21e892dd6	19	51639099	51644944	11	-0.8316
fed7301c-339c-484f-945a-abe21e892dd6	19	51651652	52740427	736	-0.038
fed7301c-339c-484f-945a-abe21e892dd6	19	52741669	52928741	139	0.2061
fed7301c-339c-484f-945a-abe21e892dd6	19	52929082	53015494	65	-0.0935
fed7301c-339c-484f-945a-abe21e892dd6	19	53016285	53050987	22	0.9909
fed7301c-339c-484f-945a-abe21e892dd6	19	53051066	55795036	1551	-0.0159
fed7301c-339c-484f-945a-abe21e892dd6	19	55796217	55796444	4	-1.4343
fed7301c-339c-484f-945a-abe21e892dd6	19	55796481	58389073	1732	-0.0254
fed7301c-339c-484f-945a-abe21e892dd6	19	58389165	58546716	67	0.2805
fed7301c-339c-484f-945a-abe21e892dd6	19	58548362	58586487	18	-0.1128
fed7301c-339c-484f-945a-abe21e892dd6	20	80664	1571811	1182	0.3904
fed7301c-339c-484f-945a-abe21e892dd6	20	1576544	1601561	57	-0.6032
fed7301c-339c-484f-945a-abe21e892dd6	20	1609611	14737550	9870	0.3685
fed7301c-339c-484f-945a-abe21e892dd6	20	14737930	15045429	287	0.1642
fed7301c-339c-484f-945a-abe21e892dd6	20	15045889	26324943	8623	0.3661
fed7301c-339c-484f-945a-abe21e892dd6	20	30185676	30258062	14	-0.4371
fed7301c-339c-484f-945a-abe21e892dd6	20	30259177	64324800	22352	0.3671
fed7301c-339c-484f-945a-abe21e892dd6	21	10354168	23061396	6882	-0.075
fed7301c-339c-484f-945a-abe21e892dd6	21	23061463	23061523	2	1.8876
fed7301c-339c-484f-945a-abe21e892dd6	21	23061642	46677045	16969	-0.0785
fed7301c-339c-484f-945a-abe21e892dd6	22	15294547	18620743	1131	-0.1188
fed7301c-339c-484f-945a-abe21e892dd6	22	18649244	18818348	5	1.8644
fed7301c-339c-484f-945a-abe21e892dd6	22	18822581	23987520	3257	-0.0744
fed7301c-339c-484f-945a-abe21e892dd6	22	23988078	23989773	2	-2.9059
fed7301c-339c-484f-945a-abe21e892dd6	22	23990431	25510537	1064	-0.1127
fed7301c-339c-484f-945a-abe21e892dd6	22	25510931	25518057	33	0.2586
fed7301c-339c-484f-945a-abe21e892dd6	22	25518118	42503434	11649	-0.1163
fed7301c-339c-484f-945a-abe21e892dd6	22	42508600	42570693	29	0.5516
fed7301c-339c-484f-945a-abe21e892dd6	22	42577195	50796027	6093	-0.1175
fed7301c-339c-484f-945a-abe21e892dd6	X	251810	28822579	17557	-0.0018
fed7301c-339c-484f-945a-abe21e892dd6	X	28823039	28832106	6	-1.8535
fed7301c-339c-484f-945a-abe21e892dd6	X	28832784	29874185	685	-0.0233
fed7301c-339c-484f-945a-abe21e892dd6	X	29875000	30183940	182	0.7793
fed7301c-339c-484f-945a-abe21e892dd6	X	30183969	111128224	39048	-0.0034
fed7301c-339c-484f-945a-abe21e892dd6	X	111132047	111874733	352	0.244
fed7301c-339c-484f-945a-abe21e892dd6	X	111885913	149803246	22542	0.0014
fed7301c-339c-484f-945a-abe21e892dd6	X	149803608	149803741	3	1.9257
fed7301c-339c-484f-945a-abe21e892dd6	X	149803773	155173469	2968	0.0267
fed7301c-339c-484f-945a-abe21e892dd6	X	155179852	155189126	5	-2.8507
fed7301c-339c-484f-945a-abe21e892dd6	X	155190019	155952689	224	0.0289
fed7301c-339c-484f-945a-abe21e892dd6	Y	2782397	56872112	6637	-0.9327
