GDC_Aliquot	Chromosome	Start	End	Num_Probes	Segment_Mean
9e120ba3-2374-4e42-8c53-8da2081ebe32	1	62920	901705	57	0.0726
9e120ba3-2374-4e42-8c53-8da2081ebe32	1	914637	1575421	153	0.3645
9e120ba3-2374-4e42-8c53-8da2081ebe32	1	1696479	1737717	15	-1.0269
9e120ba3-2374-4e42-8c53-8da2081ebe32	1	1741164	3301765	513	0.3163
9e120ba3-2374-4e42-8c53-8da2081ebe32	1	3302046	5836947	1939	0.0206
9e120ba3-2374-4e42-8c53-8da2081ebe32	1	5838263	5843898	12	0.383
9e120ba3-2374-4e42-8c53-8da2081ebe32	1	5844509	5967673	104	0.0127
9e120ba3-2374-4e42-8c53-8da2081ebe32	1	5969877	5984962	11	0.5008
9e120ba3-2374-4e42-8c53-8da2081ebe32	1	5988377	6711463	320	0.0254
9e120ba3-2374-4e42-8c53-8da2081ebe32	1	6711509	6711547	2	-1.3802
9e120ba3-2374-4e42-8c53-8da2081ebe32	1	6713671	9255788	1534	0.0038
9e120ba3-2374-4e42-8c53-8da2081ebe32	1	9266599	9346920	60	0.2116
9e120ba3-2374-4e42-8c53-8da2081ebe32	1	9347116	12779433	1769	0.0136
9e120ba3-2374-4e42-8c53-8da2081ebe32	1	12792599	12807830	20	-0.4089
9e120ba3-2374-4e42-8c53-8da2081ebe32	1	12813243	15707706	1759	0.016
9e120ba3-2374-4e42-8c53-8da2081ebe32	1	15719614	15753676	20	0.4177
9e120ba3-2374-4e42-8c53-8da2081ebe32	1	15761329	16719082	395	0.0135
9e120ba3-2374-4e42-8c53-8da2081ebe32	1	16719266	16788139	17	-0.7788
9e120ba3-2374-4e42-8c53-8da2081ebe32	1	16855942	16935737	55	-0.1822
9e120ba3-2374-4e42-8c53-8da2081ebe32	1	16935752	17003142	25	0.3724
9e120ba3-2374-4e42-8c53-8da2081ebe32	1	17003654	21358952	2955	0.0105
9e120ba3-2374-4e42-8c53-8da2081ebe32	1	21361264	21433632	44	0.2972
9e120ba3-2374-4e42-8c53-8da2081ebe32	1	21443394	21820584	229	0.0173
9e120ba3-2374-4e42-8c53-8da2081ebe32	1	21820786	21833764	5	0.6864
9e120ba3-2374-4e42-8c53-8da2081ebe32	1	21837671	21970933	79	0.0034
9e120ba3-2374-4e42-8c53-8da2081ebe32	1	21971792	22117517	80	0.1869
9e120ba3-2374-4e42-8c53-8da2081ebe32	1	22117997	25090270	1726	0.0081
9e120ba3-2374-4e42-8c53-8da2081ebe32	1	25092208	25097831	3	0.8006
9e120ba3-2374-4e42-8c53-8da2081ebe32	1	25098398	25256800	116	0.0889
9e120ba3-2374-4e42-8c53-8da2081ebe32	1	25256850	26486584	569	-0.0163
9e120ba3-2374-4e42-8c53-8da2081ebe32	1	26487476	26546754	26	0.3097
9e120ba3-2374-4e42-8c53-8da2081ebe32	1	26549798	27020298	151	-0.0226
9e120ba3-2374-4e42-8c53-8da2081ebe32	1	27022452	27072223	22	0.3644
9e120ba3-2374-4e42-8c53-8da2081ebe32	1	27072293	27480051	148	0.0157
9e120ba3-2374-4e42-8c53-8da2081ebe32	1	27481107	27522789	16	0.3131
9e120ba3-2374-4e42-8c53-8da2081ebe32	1	27523699	30666733	1823	0.0084
9e120ba3-2374-4e42-8c53-8da2081ebe32	1	30667100	30789158	85	0.3121
9e120ba3-2374-4e42-8c53-8da2081ebe32	1	30789990	34626073	2135	0.0005
9e120ba3-2374-4e42-8c53-8da2081ebe32	1	34637053	34638890	20	-0.5375
9e120ba3-2374-4e42-8c53-8da2081ebe32	1	34648667	37379639	1460	0.0078
9e120ba3-2374-4e42-8c53-8da2081ebe32	1	37383192	37433067	39	0.2379
9e120ba3-2374-4e42-8c53-8da2081ebe32	1	37434572	37437511	6	0.719
9e120ba3-2374-4e42-8c53-8da2081ebe32	1	37455082	39630381	1191	0.0041
9e120ba3-2374-4e42-8c53-8da2081ebe32	1	39631846	39687469	27	0.4537
9e120ba3-2374-4e42-8c53-8da2081ebe32	1	39688076	47599666	4453	0.0007
9e120ba3-2374-4e42-8c53-8da2081ebe32	1	47605484	47606313	5	-1.0444
9e120ba3-2374-4e42-8c53-8da2081ebe32	1	47606857	54742081	3935	0.0021
9e120ba3-2374-4e42-8c53-8da2081ebe32	1	54744794	54804242	46	0.2116
9e120ba3-2374-4e42-8c53-8da2081ebe32	1	54804357	72284670	12584	-0.0002
9e120ba3-2374-4e42-8c53-8da2081ebe32	1	72290430	72297687	9	-0.7145
9e120ba3-2374-4e42-8c53-8da2081ebe32	1	72302735	72345465	48	0.3024
9e120ba3-2374-4e42-8c53-8da2081ebe32	1	72346221	101153820	18484	-0.0046
9e120ba3-2374-4e42-8c53-8da2081ebe32	1	101154683	101154814	3	-1.7637
9e120ba3-2374-4e42-8c53-8da2081ebe32	1	101155224	102242320	810	-0.0119
9e120ba3-2374-4e42-8c53-8da2081ebe32	1	102242961	102353061	73	-0.2307
9e120ba3-2374-4e42-8c53-8da2081ebe32	1	102353130	105459522	1567	-0.0051
9e120ba3-2374-4e42-8c53-8da2081ebe32	1	105459540	105479468	17	0.413
9e120ba3-2374-4e42-8c53-8da2081ebe32	1	105479722	109664699	2633	-0.0011
9e120ba3-2374-4e42-8c53-8da2081ebe32	1	109676386	109709342	35	0.391
9e120ba3-2374-4e42-8c53-8da2081ebe32	1	109710508	119984772	7001	0.0035
9e120ba3-2374-4e42-8c53-8da2081ebe32	1	120002553	120144552	17	0.0919
9e120ba3-2374-4e42-8c53-8da2081ebe32	1	120146498	121106220	13	0.5193
9e120ba3-2374-4e42-8c53-8da2081ebe32	1	121113917	143648158	143	0.098
9e120ba3-2374-4e42-8c53-8da2081ebe32	1	143648488	143734438	43	0.3848
9e120ba3-2374-4e42-8c53-8da2081ebe32	1	143748012	147101882	273	0.1368
9e120ba3-2374-4e42-8c53-8da2081ebe32	1	147103211	147305310	157	-0.0115
9e120ba3-2374-4e42-8c53-8da2081ebe32	1	147307709	147308555	2	-1.2228
9e120ba3-2374-4e42-8c53-8da2081ebe32	1	147311853	152211137	1670	0.0333
9e120ba3-2374-4e42-8c53-8da2081ebe32	1	152211673	152212058	2	-1.3576
9e120ba3-2374-4e42-8c53-8da2081ebe32	1	152224726	152583230	242	0.0083
9e120ba3-2374-4e42-8c53-8da2081ebe32	1	152583291	152614064	32	1.2454
9e120ba3-2374-4e42-8c53-8da2081ebe32	1	152614100	152789809	176	0.0074
9e120ba3-2374-4e42-8c53-8da2081ebe32	1	152789918	152790286	7	-0.7377
9e120ba3-2374-4e42-8c53-8da2081ebe32	1	152790414	166215244	8983	-0.0006
9e120ba3-2374-4e42-8c53-8da2081ebe32	1	166215587	166217119	5	-1.0395
9e120ba3-2374-4e42-8c53-8da2081ebe32	1	166217516	174827267	5837	-0.0082
9e120ba3-2374-4e42-8c53-8da2081ebe32	1	174827418	174832599	15	-0.6186
9e120ba3-2374-4e42-8c53-8da2081ebe32	1	174832702	189354974	9684	0.0022
9e120ba3-2374-4e42-8c53-8da2081ebe32	1	189357207	189546555	110	-0.159
9e120ba3-2374-4e42-8c53-8da2081ebe32	1	189546636	196745743	4838	-0.0072
9e120ba3-2374-4e42-8c53-8da2081ebe32	1	196758720	196762956	4	-1.6251
9e120ba3-2374-4e42-8c53-8da2081ebe32	1	196769493	196790158	35	-0.4199
9e120ba3-2374-4e42-8c53-8da2081ebe32	1	196792690	209897717	8802	-0.0006
9e120ba3-2374-4e42-8c53-8da2081ebe32	1	209908268	209913207	4	0.9478
9e120ba3-2374-4e42-8c53-8da2081ebe32	1	209920149	216993402	4920	0.0043
9e120ba3-2374-4e42-8c53-8da2081ebe32	1	216993497	216994250	3	-1.0804
9e120ba3-2374-4e42-8c53-8da2081ebe32	1	216994306	217512530	441	0.0065
9e120ba3-2374-4e42-8c53-8da2081ebe32	1	217514182	217531817	14	0.5207
9e120ba3-2374-4e42-8c53-8da2081ebe32	1	217532253	225802761	5390	0.0005
9e120ba3-2374-4e42-8c53-8da2081ebe32	1	225806813	225881227	56	0.2489
9e120ba3-2374-4e42-8c53-8da2081ebe32	1	225883370	228309482	1409	0.0126
9e120ba3-2374-4e42-8c53-8da2081ebe32	1	228309769	228475585	68	0.2873
9e120ba3-2374-4e42-8c53-8da2081ebe32	1	228475958	246601373	13347	0.0071
9e120ba3-2374-4e42-8c53-8da2081ebe32	1	246602234	246800637	142	0.2026
9e120ba3-2374-4e42-8c53-8da2081ebe32	1	246801485	246992523	108	0.0619
9e120ba3-2374-4e42-8c53-8da2081ebe32	1	246993082	248702256	1001	-0.0151
9e120ba3-2374-4e42-8c53-8da2081ebe32	1	248702580	248930189	109	0.1553
9e120ba3-2374-4e42-8c53-8da2081ebe32	2	12784	1912805	1236	0.0855
9e120ba3-2374-4e42-8c53-8da2081ebe32	2	1912858	3144090	945	0.0106
9e120ba3-2374-4e42-8c53-8da2081ebe32	2	3144167	3293235	150	0.1789
9e120ba3-2374-4e42-8c53-8da2081ebe32	2	3293722	34450400	21747	0.0001
9e120ba3-2374-4e42-8c53-8da2081ebe32	2	34456427	34511990	50	0.4363
9e120ba3-2374-4e42-8c53-8da2081ebe32	2	34512096	128880504	55840	-0.0021
9e120ba3-2374-4e42-8c53-8da2081ebe32	2	128880904	128882741	15	-2.6583
9e120ba3-2374-4e42-8c53-8da2081ebe32	2	128882755	129946411	839	-0.0044
9e120ba3-2374-4e42-8c53-8da2081ebe32	2	129955615	130539652	150	0.128
9e120ba3-2374-4e42-8c53-8da2081ebe32	2	130560276	131226967	236	-0.0083
9e120ba3-2374-4e42-8c53-8da2081ebe32	2	131271344	131431178	71	0.0851
9e120ba3-2374-4e42-8c53-8da2081ebe32	2	131436145	131523263	38	0.2773
9e120ba3-2374-4e42-8c53-8da2081ebe32	2	131543558	132604568	461	0.0517
9e120ba3-2374-4e42-8c53-8da2081ebe32	2	132604677	146103836	8607	-0.0051
9e120ba3-2374-4e42-8c53-8da2081ebe32	2	146103878	146109139	23	0.5573
9e120ba3-2374-4e42-8c53-8da2081ebe32	2	146109230	183259021	22856	-0.0018
9e120ba3-2374-4e42-8c53-8da2081ebe32	2	183260135	183301817	25	0.2921
9e120ba3-2374-4e42-8c53-8da2081ebe32	2	183303002	207490231	14064	-0.0074
9e120ba3-2374-4e42-8c53-8da2081ebe32	2	207490454	207494612	16	-2.455
9e120ba3-2374-4e42-8c53-8da2081ebe32	2	207494752	231516587	15447	-0.0028
9e120ba3-2374-4e42-8c53-8da2081ebe32	2	231521930	231599597	54	0.19
9e120ba3-2374-4e42-8c53-8da2081ebe32	2	231600321	232319832	330	-0.0005
9e120ba3-2374-4e42-8c53-8da2081ebe32	2	232328858	232483937	102	0.2735
9e120ba3-2374-4e42-8c53-8da2081ebe32	2	232484500	238839679	4367	0.0076
9e120ba3-2374-4e42-8c53-8da2081ebe32	2	238842563	239117064	127	0.1816
9e120ba3-2374-4e42-8c53-8da2081ebe32	2	239120700	240671904	1041	0.0122
9e120ba3-2374-4e42-8c53-8da2081ebe32	2	240686640	240776486	30	0.3594
9e120ba3-2374-4e42-8c53-8da2081ebe32	2	240788528	241537572	387	-0.0125
9e120ba3-2374-4e42-8c53-8da2081ebe32	2	241537962	241789329	49	0.2727
9e120ba3-2374-4e42-8c53-8da2081ebe32	2	241793625	241831203	7	-0.0419
9e120ba3-2374-4e42-8c53-8da2081ebe32	2	241832814	241841181	4	0.891
9e120ba3-2374-4e42-8c53-8da2081ebe32	2	241841244	242035382	65	0.1732
9e120ba3-2374-4e42-8c53-8da2081ebe32	2	242037189	242147305	64	0.0683
9e120ba3-2374-4e42-8c53-8da2081ebe32	3	20930	10151245	8601	-0.008
9e120ba3-2374-4e42-8c53-8da2081ebe32	3	10151264	10266508	98	0.2644
9e120ba3-2374-4e42-8c53-8da2081ebe32	3	10266642	12664851	1832	0.0048
9e120ba3-2374-4e42-8c53-8da2081ebe32	3	12666277	12706191	17	0.3317
9e120ba3-2374-4e42-8c53-8da2081ebe32	3	12707631	12977801	158	0.0042
9e120ba3-2374-4e42-8c53-8da2081ebe32	3	12979625	13128185	126	0.1706
9e120ba3-2374-4e42-8c53-8da2081ebe32	3	13131212	41937981	19420	-0.0016
9e120ba3-2374-4e42-8c53-8da2081ebe32	3	41939998	42189417	135	0.1481
9e120ba3-2374-4e42-8c53-8da2081ebe32	3	42190958	68697013	17382	0.0025
9e120ba3-2374-4e42-8c53-8da2081ebe32	3	68697108	68698262	14	-0.9823
9e120ba3-2374-4e42-8c53-8da2081ebe32	3	68699607	74447964	4349	0.0036
9e120ba3-2374-4e42-8c53-8da2081ebe32	3	74449670	74449909	2	-1.1057
9e120ba3-2374-4e42-8c53-8da2081ebe32	3	74449911	75324447	488	-0.0137
9e120ba3-2374-4e42-8c53-8da2081ebe32	3	75325418	75519398	84	0.1513
9e120ba3-2374-4e42-8c53-8da2081ebe32	3	75523398	75537654	6	-1.2513
9e120ba3-2374-4e42-8c53-8da2081ebe32	3	75546030	75564023	4	-0.2116
9e120ba3-2374-4e42-8c53-8da2081ebe32	3	75566288	75794356	47	0.2313
9e120ba3-2374-4e42-8c53-8da2081ebe32	3	75800481	84650720	4926	-0.002
9e120ba3-2374-4e42-8c53-8da2081ebe32	3	84651145	84652985	10	-0.5601
9e120ba3-2374-4e42-8c53-8da2081ebe32	3	84653010	89620865	2865	-0.0017
9e120ba3-2374-4e42-8c53-8da2081ebe32	3	89622183	89629449	9	-0.9676
9e120ba3-2374-4e42-8c53-8da2081ebe32	3	89636157	121570652	16754	-0.003
9e120ba3-2374-4e42-8c53-8da2081ebe32	3	121571294	121681376	95	0.1462
9e120ba3-2374-4e42-8c53-8da2081ebe32	3	121681800	125688845	2513	0.0013
9e120ba3-2374-4e42-8c53-8da2081ebe32	3	125705628	125747704	18	0.4403
9e120ba3-2374-4e42-8c53-8da2081ebe32	3	125750578	126894546	714	0.0181
9e120ba3-2374-4e42-8c53-8da2081ebe32	3	126896959	126948598	31	0.257
9e120ba3-2374-4e42-8c53-8da2081ebe32	3	126953196	128553638	1019	0.0032
9e120ba3-2374-4e42-8c53-8da2081ebe32	3	128553687	128618528	36	0.3256
9e120ba3-2374-4e42-8c53-8da2081ebe32	3	128621917	128656683	18	0.0346
9e120ba3-2374-4e42-8c53-8da2081ebe32	3	128658241	128702323	20	0.241
9e120ba3-2374-4e42-8c53-8da2081ebe32	3	128702456	130412340	858	0.001
9e120ba3-2374-4e42-8c53-8da2081ebe32	3	130413358	130413787	3	-1.1424
9e120ba3-2374-4e42-8c53-8da2081ebe32	3	130415719	136300257	3820	0.0076
9e120ba3-2374-4e42-8c53-8da2081ebe32	3	136304109	136306584	2	1.2084
9e120ba3-2374-4e42-8c53-8da2081ebe32	3	136319699	137314218	471	0.0105
9e120ba3-2374-4e42-8c53-8da2081ebe32	3	137314418	137314421	3	0.872
9e120ba3-2374-4e42-8c53-8da2081ebe32	3	137314580	150781841	8327	-0.0056
9e120ba3-2374-4e42-8c53-8da2081ebe32	3	150783602	150844996	38	0.2993
9e120ba3-2374-4e42-8c53-8da2081ebe32	3	150845908	162795361	7397	-0.0028
9e120ba3-2374-4e42-8c53-8da2081ebe32	3	162795671	162857273	34	0.5199
9e120ba3-2374-4e42-8c53-8da2081ebe32	3	162860892	162906093	29	0.1105
9e120ba3-2374-4e42-8c53-8da2081ebe32	3	162906109	162908815	5	-0.6354
9e120ba3-2374-4e42-8c53-8da2081ebe32	3	162910826	162996729	70	-0.0509
9e120ba3-2374-4e42-8c53-8da2081ebe32	3	162999939	163001774	2	-2.2545
9e120ba3-2374-4e42-8c53-8da2081ebe32	3	163008371	165869414	1632	-0.0088
9e120ba3-2374-4e42-8c53-8da2081ebe32	3	165870188	166030430	75	-0.1983
9e120ba3-2374-4e42-8c53-8da2081ebe32	3	166032630	175413694	5927	-0.0084
9e120ba3-2374-4e42-8c53-8da2081ebe32	3	175418407	176214519	496	-0.0744
9e120ba3-2374-4e42-8c53-8da2081ebe32	3	176214790	183409000	4238	0.0012
9e120ba3-2374-4e42-8c53-8da2081ebe32	3	183411450	183878574	277	0.1165
9e120ba3-2374-4e42-8c53-8da2081ebe32	3	183885155	183943790	27	0.3827
9e120ba3-2374-4e42-8c53-8da2081ebe32	3	183944123	184698221	369	0.0937
9e120ba3-2374-4e42-8c53-8da2081ebe32	3	184700009	186668830	1280	-0.0016
9e120ba3-2374-4e42-8c53-8da2081ebe32	3	186668898	186695928	35	0.1994
9e120ba3-2374-4e42-8c53-8da2081ebe32	3	186696738	186709831	17	-0.047
9e120ba3-2374-4e42-8c53-8da2081ebe32	3	186711212	186718815	6	0.4243
9e120ba3-2374-4e42-8c53-8da2081ebe32	3	186718987	186980310	205	0.0137
9e120ba3-2374-4e42-8c53-8da2081ebe32	3	186983049	186983135	2	-1.078
9e120ba3-2374-4e42-8c53-8da2081ebe32	3	186991016	190627729	2759	-0.001
9e120ba3-2374-4e42-8c53-8da2081ebe32	3	190628429	190628736	2	1.1956
9e120ba3-2374-4e42-8c53-8da2081ebe32	3	190631691	193160256	1742	-0.0095
9e120ba3-2374-4e42-8c53-8da2081ebe32	3	193160406	193165114	17	-0.889
9e120ba3-2374-4e42-8c53-8da2081ebe32	3	193168646	195396989	1442	0.0066
9e120ba3-2374-4e42-8c53-8da2081ebe32	3	195398485	195729085	74	0.1678
9e120ba3-2374-4e42-8c53-8da2081ebe32	3	195729177	195747892	11	-0.3594
9e120ba3-2374-4e42-8c53-8da2081ebe32	3	195751823	195801072	19	0.1449
9e120ba3-2374-4e42-8c53-8da2081ebe32	3	195801355	195934679	61	0.232
9e120ba3-2374-4e42-8c53-8da2081ebe32	3	195963975	195998433	8	0.6175
9e120ba3-2374-4e42-8c53-8da2081ebe32	3	196012333	196938927	458	0.0466
9e120ba3-2374-4e42-8c53-8da2081ebe32	3	196939188	197025852	45	0.3459
9e120ba3-2374-4e42-8c53-8da2081ebe32	3	197039901	197352715	178	-0.0062
9e120ba3-2374-4e42-8c53-8da2081ebe32	3	197352955	197746211	184	0.1565
9e120ba3-2374-4e42-8c53-8da2081ebe32	3	197746739	198169247	212	0.026
9e120ba3-2374-4e42-8c53-8da2081ebe32	4	68929	483173	179	0.0445
9e120ba3-2374-4e42-8c53-8da2081ebe32	4	488020	1060146	178	0.2684
9e120ba3-2374-4e42-8c53-8da2081ebe32	4	1060371	1306692	132	-0.0022
9e120ba3-2374-4e42-8c53-8da2081ebe32	4	1308343	1379763	31	0.3504
9e120ba3-2374-4e42-8c53-8da2081ebe32	4	1387060	3461725	870	0.0146
9e120ba3-2374-4e42-8c53-8da2081ebe32	4	3462155	4192656	265	0.1243
9e120ba3-2374-4e42-8c53-8da2081ebe32	4	4192735	7420537	2567	0.0095
9e120ba3-2374-4e42-8c53-8da2081ebe32	4	7425210	7465589	43	0.4799
9e120ba3-2374-4e42-8c53-8da2081ebe32	4	7468311	8042534	432	0.0377
9e120ba3-2374-4e42-8c53-8da2081ebe32	4	8043332	8052085	8	0.5623
9e120ba3-2374-4e42-8c53-8da2081ebe32	4	8055017	8720526	392	0.0417
9e120ba3-2374-4e42-8c53-8da2081ebe32	4	8722817	9389204	15	0.4027
9e120ba3-2374-4e42-8c53-8da2081ebe32	4	9389545	9404392	15	-0.0014
9e120ba3-2374-4e42-8c53-8da2081ebe32	4	9404397	9415909	7	0.3673
9e120ba3-2374-4e42-8c53-8da2081ebe32	4	9415994	9455251	23	-0.0045
9e120ba3-2374-4e42-8c53-8da2081ebe32	4	9459504	9477699	6	0.9398
9e120ba3-2374-4e42-8c53-8da2081ebe32	4	9484440	10208766	538	0.0308
9e120ba3-2374-4e42-8c53-8da2081ebe32	4	10221792	10229874	28	-1.2622
9e120ba3-2374-4e42-8c53-8da2081ebe32	4	10232590	34777432	16974	0
9e120ba3-2374-4e42-8c53-8da2081ebe32	4	34784878	34823103	38	-0.6172
9e120ba3-2374-4e42-8c53-8da2081ebe32	4	34828250	68378716	19421	-0.0067
9e120ba3-2374-4e42-8c53-8da2081ebe32	4	68389352	68478894	19	-0.5015
9e120ba3-2374-4e42-8c53-8da2081ebe32	4	68494770	68620261	67	-1.256
9e120ba3-2374-4e42-8c53-8da2081ebe32	4	68623617	69523998	479	0.0063
9e120ba3-2374-4e42-8c53-8da2081ebe32	4	69524143	69525061	2	-1.8125
9e120ba3-2374-4e42-8c53-8da2081ebe32	4	69526170	182769271	69482	-0.0034
9e120ba3-2374-4e42-8c53-8da2081ebe32	4	182772582	182976373	136	0.1714
9e120ba3-2374-4e42-8c53-8da2081ebe32	4	182976705	184600783	1056	0.0324
9e120ba3-2374-4e42-8c53-8da2081ebe32	4	184608300	185261209	429	0.1328
9e120ba3-2374-4e42-8c53-8da2081ebe32	4	185261788	188300104	2080	0.013
9e120ba3-2374-4e42-8c53-8da2081ebe32	4	188300206	188300270	3	1.4783
9e120ba3-2374-4e42-8c53-8da2081ebe32	4	188300285	188724691	374	0.0556
9e120ba3-2374-4e42-8c53-8da2081ebe32	4	188725822	188931584	156	-0.0978
9e120ba3-2374-4e42-8c53-8da2081ebe32	4	188935041	190106768	613	0.0529
9e120ba3-2374-4e42-8c53-8da2081ebe32	5	15532	1287276	571	0.2122
9e120ba3-2374-4e42-8c53-8da2081ebe32	5	1287425	1427996	71	-0.0599
9e120ba3-2374-4e42-8c53-8da2081ebe32	5	1428020	1880474	278	0.2292
9e120ba3-2374-4e42-8c53-8da2081ebe32	5	1890119	9350658	6593	-0.0016
9e120ba3-2374-4e42-8c53-8da2081ebe32	5	9350940	9362883	27	0.2975
9e120ba3-2374-4e42-8c53-8da2081ebe32	5	9364637	12800777	2644	-0.0103
9e120ba3-2374-4e42-8c53-8da2081ebe32	5	12815668	12826538	11	0.4351
9e120ba3-2374-4e42-8c53-8da2081ebe32	5	12833745	15719241	1974	-0.008
9e120ba3-2374-4e42-8c53-8da2081ebe32	5	15719966	15723237	10	-0.8432
9e120ba3-2374-4e42-8c53-8da2081ebe32	5	15723376	27525283	7061	-0.002
9e120ba3-2374-4e42-8c53-8da2081ebe32	5	27525800	27525913	8	-1.4308
9e120ba3-2374-4e42-8c53-8da2081ebe32	5	27527372	46251204	11407	-0.0014
9e120ba3-2374-4e42-8c53-8da2081ebe32	5	46270906	46273400	8	0.8351
9e120ba3-2374-4e42-8c53-8da2081ebe32	5	46278110	58025819	5070	0.0015
9e120ba3-2374-4e42-8c53-8da2081ebe32	5	58030200	58037706	32	1.0968
9e120ba3-2374-4e42-8c53-8da2081ebe32	5	58042530	99123951	23701	-0.0023
9e120ba3-2374-4e42-8c53-8da2081ebe32	5	99124208	102137483	1801	-0.0459
9e120ba3-2374-4e42-8c53-8da2081ebe32	5	102139923	102184876	30	-1.1628
9e120ba3-2374-4e42-8c53-8da2081ebe32	5	102186533	106713333	2576	-0.0066
9e120ba3-2374-4e42-8c53-8da2081ebe32	5	106713773	106768824	31	0.5091
9e120ba3-2374-4e42-8c53-8da2081ebe32	5	106769398	118050922	8057	-0.0018
9e120ba3-2374-4e42-8c53-8da2081ebe32	5	118052727	118053390	11	-0.6527
9e120ba3-2374-4e42-8c53-8da2081ebe32	5	118068645	169925822	33642	-0.0012
9e120ba3-2374-4e42-8c53-8da2081ebe32	5	169926462	169974530	65	0.2896
9e120ba3-2374-4e42-8c53-8da2081ebe32	5	169974765	172004849	1435	0.0049
9e120ba3-2374-4e42-8c53-8da2081ebe32	5	172005090	172178906	137	0.2434
9e120ba3-2374-4e42-8c53-8da2081ebe32	5	172181365	172645362	356	0.0205
9e120ba3-2374-4e42-8c53-8da2081ebe32	5	172645840	172735933	61	0.2116
9e120ba3-2374-4e42-8c53-8da2081ebe32	5	172739256	174728779	1523	0.0105
9e120ba3-2374-4e42-8c53-8da2081ebe32	5	174743736	174756515	11	0.4442
9e120ba3-2374-4e42-8c53-8da2081ebe32	5	174756906	176622707	1123	0.0078
9e120ba3-2374-4e42-8c53-8da2081ebe32	5	176623510	176886981	136	0.2244
9e120ba3-2374-4e42-8c53-8da2081ebe32	5	176887433	179629594	1395	0.0309
9e120ba3-2374-4e42-8c53-8da2081ebe32	5	179631680	179681642	41	0.3455
9e120ba3-2374-4e42-8c53-8da2081ebe32	5	179683849	180382935	412	0.0088
9e120ba3-2374-4e42-8c53-8da2081ebe32	5	180383889	180400383	14	0.3837
9e120ba3-2374-4e42-8c53-8da2081ebe32	5	180401607	180671422	115	0.0515
9e120ba3-2374-4e42-8c53-8da2081ebe32	5	180673292	180682638	4	0.5777
9e120ba3-2374-4e42-8c53-8da2081ebe32	5	180683788	180766199	62	-0.0052
9e120ba3-2374-4e42-8c53-8da2081ebe32	5	180766779	180951710	105	0.1061
9e120ba3-2374-4e42-8c53-8da2081ebe32	5	180951888	180991103	18	0.5335
9e120ba3-2374-4e42-8c53-8da2081ebe32	5	181006225	181363319	170	0.1601
9e120ba3-2374-4e42-8c53-8da2081ebe32	6	149661	631909	423	0.0219
9e120ba3-2374-4e42-8c53-8da2081ebe32	6	632061	811291	138	0.124
9e120ba3-2374-4e42-8c53-8da2081ebe32	6	811952	847752	29	0.4131
9e120ba3-2374-4e42-8c53-8da2081ebe32	6	847932	945779	94	0.1047
9e120ba3-2374-4e42-8c53-8da2081ebe32	6	946334	7427228	5323	0.0165
9e120ba3-2374-4e42-8c53-8da2081ebe32	6	7427241	7452377	18	0.3643
9e120ba3-2374-4e42-8c53-8da2081ebe32	6	7452614	10460755	2260	-0.0006
9e120ba3-2374-4e42-8c53-8da2081ebe32	6	10465938	10724327	213	0.1119
9e120ba3-2374-4e42-8c53-8da2081ebe32	6	10724341	15419560	3506	-0.0026
9e120ba3-2374-4e42-8c53-8da2081ebe32	6	15420000	15536578	103	0.199
9e120ba3-2374-4e42-8c53-8da2081ebe32	6	15537094	18788547	2443	0.003
9e120ba3-2374-4e42-8c53-8da2081ebe32	6	18789526	18791485	4	-0.8189
9e120ba3-2374-4e42-8c53-8da2081ebe32	6	18791492	19039888	211	-0.0152
9e120ba3-2374-4e42-8c53-8da2081ebe32	6	19041950	19042587	3	-0.8875
9e120ba3-2374-4e42-8c53-8da2081ebe32	6	19044471	26743855	5455	0.0007
9e120ba3-2374-4e42-8c53-8da2081ebe32	6	26747492	26759781	5	0.8438
9e120ba3-2374-4e42-8c53-8da2081ebe32	6	26831719	26980435	39	0.0072
9e120ba3-2374-4e42-8c53-8da2081ebe32	6	26983268	26983345	2	-1.2052
9e120ba3-2374-4e42-8c53-8da2081ebe32	6	26983428	28518231	803	0.0485
9e120ba3-2374-4e42-8c53-8da2081ebe32	6	28520257	28521502	3	-0.9074
9e120ba3-2374-4e42-8c53-8da2081ebe32	6	28524877	29903859	586	0.0256
9e120ba3-2374-4e42-8c53-8da2081ebe32	6	29906865	29913570	7	0.6513
9e120ba3-2374-4e42-8c53-8da2081ebe32	6	29928196	31037655	462	0.0362
9e120ba3-2374-4e42-8c53-8da2081ebe32	6	31037949	32463370	696	0.1344
9e120ba3-2374-4e42-8c53-8da2081ebe32	6	32463515	34164831	995	0.0077
9e120ba3-2374-4e42-8c53-8da2081ebe32	6	34166743	34167087	2	-1.5611
9e120ba3-2374-4e42-8c53-8da2081ebe32	6	34169875	54066353	12760	0.0026
9e120ba3-2374-4e42-8c53-8da2081ebe32	6	54066432	54067057	6	-1.0214
9e120ba3-2374-4e42-8c53-8da2081ebe32	6	54070550	73882142	10384	-0.005
9e120ba3-2374-4e42-8c53-8da2081ebe32	6	73882509	73887625	9	-0.6667
9e120ba3-2374-4e42-8c53-8da2081ebe32	6	73891694	78253172	2762	0.0001
9e120ba3-2374-4e42-8c53-8da2081ebe32	6	78259348	78325468	112	-0.5012
9e120ba3-2374-4e42-8c53-8da2081ebe32	6	78329517	91089669	8075	-0.0005
9e120ba3-2374-4e42-8c53-8da2081ebe32	6	91090220	91090741	2	-1.403
9e120ba3-2374-4e42-8c53-8da2081ebe32	6	91091858	93760584	1817	0.0019
9e120ba3-2374-4e42-8c53-8da2081ebe32	6	93760711	94907818	761	-0.0595
9e120ba3-2374-4e42-8c53-8da2081ebe32	6	94909776	103299721	4825	0.0007
9e120ba3-2374-4e42-8c53-8da2081ebe32	6	103299735	103314186	32	0.4994
9e120ba3-2374-4e42-8c53-8da2081ebe32	6	103317795	126865409	14357	-0.0058
9e120ba3-2374-4e42-8c53-8da2081ebe32	6	126865874	126866513	2	-1.8021
9e120ba3-2374-4e42-8c53-8da2081ebe32	6	126866600	133945130	4705	-0.0056
9e120ba3-2374-4e42-8c53-8da2081ebe32	6	133947933	133948494	2	-1.672
9e120ba3-2374-4e42-8c53-8da2081ebe32	6	133950934	167147219	22949	0.0019
9e120ba3-2374-4e42-8c53-8da2081ebe32	6	167147930	168558700	710	0.1453
9e120ba3-2374-4e42-8c53-8da2081ebe32	6	168559554	169767293	993	0.0364
9e120ba3-2374-4e42-8c53-8da2081ebe32	6	169767522	170263653	198	0.2465
9e120ba3-2374-4e42-8c53-8da2081ebe32	6	170263910	170741917	222	0.0046
9e120ba3-2374-4e42-8c53-8da2081ebe32	7	43355	231145	134	0.2361
9e120ba3-2374-4e42-8c53-8da2081ebe32	7	664936	896168	86	-0.014
9e120ba3-2374-4e42-8c53-8da2081ebe32	7	902112	1103491	70	0.381
9e120ba3-2374-4e42-8c53-8da2081ebe32	7	1104810	1152843	42	0.1085
9e120ba3-2374-4e42-8c53-8da2081ebe32	7	1155628	1204095	22	0.3795
9e120ba3-2374-4e42-8c53-8da2081ebe32	7	1204113	2206699	358	0.0173
9e120ba3-2374-4e42-8c53-8da2081ebe32	7	2210259	2258592	25	0.3155
9e120ba3-2374-4e42-8c53-8da2081ebe32	7	2264735	2352216	28	0.0774
9e120ba3-2374-4e42-8c53-8da2081ebe32	7	2364820	2412989	29	0.4241
9e120ba3-2374-4e42-8c53-8da2081ebe32	7	2413092	3750360	996	-0.0058
9e120ba3-2374-4e42-8c53-8da2081ebe32	7	3753263	5764258	1207	0.0533
9e120ba3-2374-4e42-8c53-8da2081ebe32	7	5764272	5999498	81	0.2275
9e120ba3-2374-4e42-8c53-8da2081ebe32	7	6002602	6091144	52	0.0452
9e120ba3-2374-4e42-8c53-8da2081ebe32	7	6091538	6097232	4	0.5697
9e120ba3-2374-4e42-8c53-8da2081ebe32	7	6106007	6116242	8	0.0402
9e120ba3-2374-4e42-8c53-8da2081ebe32	7	6117421	14970188	6890	-0.0049
9e120ba3-2374-4e42-8c53-8da2081ebe32	7	14978234	14995946	14	0.4493
9e120ba3-2374-4e42-8c53-8da2081ebe32	7	14999874	38286177	17322	-0.0003
9e120ba3-2374-4e42-8c53-8da2081ebe32	7	38286323	38347190	97	0.18
9e120ba3-2374-4e42-8c53-8da2081ebe32	7	38347211	54305455	10988	0.004
9e120ba3-2374-4e42-8c53-8da2081ebe32	7	54318812	54318824	6	1.477
9e120ba3-2374-4e42-8c53-8da2081ebe32	7	54325795	56645958	1528	0.0104
9e120ba3-2374-4e42-8c53-8da2081ebe32	7	56646419	64343867	1118	0.0887
9e120ba3-2374-4e42-8c53-8da2081ebe32	7	64346560	65050285	356	-0.0188
9e120ba3-2374-4e42-8c53-8da2081ebe32	7	65052476	65320914	82	0.2403
9e120ba3-2374-4e42-8c53-8da2081ebe32	7	65323001	70955452	3038	0.0191
9e120ba3-2374-4e42-8c53-8da2081ebe32	7	70958264	70961155	2	-1.4896
9e120ba3-2374-4e42-8c53-8da2081ebe32	7	70963257	76445663	2128	0.0149
9e120ba3-2374-4e42-8c53-8da2081ebe32	7	76479444	76531980	15	0.4132
9e120ba3-2374-4e42-8c53-8da2081ebe32	7	76531991	98816033	14062	-0.0021
9e120ba3-2374-4e42-8c53-8da2081ebe32	7	98824241	99010579	102	0.1738
9e120ba3-2374-4e42-8c53-8da2081ebe32	7	99010905	101320594	899	-0.0063
9e120ba3-2374-4e42-8c53-8da2081ebe32	7	101322320	101498586	78	0.261
9e120ba3-2374-4e42-8c53-8da2081ebe32	7	101498690	105378441	2126	0.0012
9e120ba3-2374-4e42-8c53-8da2081ebe32	7	105381073	105557943	80	0.1668
9e120ba3-2374-4e42-8c53-8da2081ebe32	7	105563634	109793720	2800	0.0045
9e120ba3-2374-4e42-8c53-8da2081ebe32	7	109793728	109797717	18	-0.5363
9e120ba3-2374-4e42-8c53-8da2081ebe32	7	109800860	109801155	8	0.0236
9e120ba3-2374-4e42-8c53-8da2081ebe32	7	109801187	109813853	11	-1.4569
9e120ba3-2374-4e42-8c53-8da2081ebe32	7	109813925	126405502	10028	-0.0067
9e120ba3-2374-4e42-8c53-8da2081ebe32	7	126405597	126406561	10	-0.8739
9e120ba3-2374-4e42-8c53-8da2081ebe32	7	126406822	128448919	1375	-0.0032
9e120ba3-2374-4e42-8c53-8da2081ebe32	7	128451646	128534838	27	0.3918
9e120ba3-2374-4e42-8c53-8da2081ebe32	7	128535534	131994531	1875	0.0067
9e120ba3-2374-4e42-8c53-8da2081ebe32	7	131995789	132201669	153	0.1764
9e120ba3-2374-4e42-8c53-8da2081ebe32	7	132201927	132883495	543	-0.0075
9e120ba3-2374-4e42-8c53-8da2081ebe32	7	132884833	132884839	2	-1.4311
9e120ba3-2374-4e42-8c53-8da2081ebe32	7	132887144	134100424	725	0.0114
9e120ba3-2374-4e42-8c53-8da2081ebe32	7	134100442	134105690	22	-1.4942
9e120ba3-2374-4e42-8c53-8da2081ebe32	7	134110881	140303099	4007	0.0022
9e120ba3-2374-4e42-8c53-8da2081ebe32	7	140303518	140426707	65	0.1938
9e120ba3-2374-4e42-8c53-8da2081ebe32	7	140430863	140488358	33	-0.0249
9e120ba3-2374-4e42-8c53-8da2081ebe32	7	140488391	140506802	20	0.3263
9e120ba3-2374-4e42-8c53-8da2081ebe32	7	140506819	141302752	587	0.004
9e120ba3-2374-4e42-8c53-8da2081ebe32	7	141303245	141304226	2	0.9835
9e120ba3-2374-4e42-8c53-8da2081ebe32	7	141304666	142063324	484	0.0077
9e120ba3-2374-4e42-8c53-8da2081ebe32	7	142069843	142090383	31	0.357
9e120ba3-2374-4e42-8c53-8da2081ebe32	7	142090403	142767091	438	0.0847
9e120ba3-2374-4e42-8c53-8da2081ebe32	7	142768623	142809818	22	0.3444
9e120ba3-2374-4e42-8c53-8da2081ebe32	7	142809831	144199159	745	0.0006
9e120ba3-2374-4e42-8c53-8da2081ebe32	7	144207186	144352208	15	0.4891
9e120ba3-2374-4e42-8c53-8da2081ebe32	7	144377836	148970835	3036	-0.0077
9e120ba3-2374-4e42-8c53-8da2081ebe32	7	148971807	149103553	49	0.2177
9e120ba3-2374-4e42-8c53-8da2081ebe32	7	149118303	149827576	372	0.0103
9e120ba3-2374-4e42-8c53-8da2081ebe32	7	149834127	149981371	72	0.2131
9e120ba3-2374-4e42-8c53-8da2081ebe32	7	149985533	153909597	2350	0.0112
9e120ba3-2374-4e42-8c53-8da2081ebe32	7	153909664	154104301	116	0.1666
9e120ba3-2374-4e42-8c53-8da2081ebe32	7	154104509	157947781	2787	0.0155
9e120ba3-2374-4e42-8c53-8da2081ebe32	7	157950773	158010372	55	0.1759
9e120ba3-2374-4e42-8c53-8da2081ebe32	7	158010644	158725323	404	0.0857
9e120ba3-2374-4e42-8c53-8da2081ebe32	7	158726276	159229659	313	0.1946
9e120ba3-2374-4e42-8c53-8da2081ebe32	7	159233989	159334314	85	0.0186
9e120ba3-2374-4e42-8c53-8da2081ebe32	8	81254	643041	322	0.108
9e120ba3-2374-4e42-8c53-8da2081ebe32	8	644944	645908	10	-0.6364
9e120ba3-2374-4e42-8c53-8da2081ebe32	8	656117	2346023	1277	0.0602
9e120ba3-2374-4e42-8c53-8da2081ebe32	8	2350248	5736745	4384	-0.0007
9e120ba3-2374-4e42-8c53-8da2081ebe32	8	5741204	5746973	27	-0.5518
9e120ba3-2374-4e42-8c53-8da2081ebe32	8	5749566	6047401	379	-0.0626
9e120ba3-2374-4e42-8c53-8da2081ebe32	8	6047486	6364100	505	0.0987
9e120ba3-2374-4e42-8c53-8da2081ebe32	8	6364154	6968014	706	0.0156
9e120ba3-2374-4e42-8c53-8da2081ebe32	8	6968154	6982775	19	0.1984
9e120ba3-2374-4e42-8c53-8da2081ebe32	8	7001884	7018620	3	-0.5496
9e120ba3-2374-4e42-8c53-8da2081ebe32	8	7020666	7357288	91	0.1453
9e120ba3-2374-4e42-8c53-8da2081ebe32	8	7357323	7425015	22	-0.2133
9e120ba3-2374-4e42-8c53-8da2081ebe32	8	7433619	7941868	25	-0.9587
9e120ba3-2374-4e42-8c53-8da2081ebe32	8	7974123	8324042	115	0.1637
9e120ba3-2374-4e42-8c53-8da2081ebe32	8	8325008	9229768	860	0.0316
9e120ba3-2374-4e42-8c53-8da2081ebe32	8	9229789	9265814	32	0.1868
9e120ba3-2374-4e42-8c53-8da2081ebe32	8	9266430	9298817	32	0.4327
9e120ba3-2374-4e42-8c53-8da2081ebe32	8	9298958	9322624	32	0.1812
9e120ba3-2374-4e42-8c53-8da2081ebe32	8	9325829	10298552	792	-0.003
9e120ba3-2374-4e42-8c53-8da2081ebe32	8	10299891	10423297	126	0.1765
9e120ba3-2374-4e42-8c53-8da2081ebe32	8	10423308	10588597	143	0.0246
9e120ba3-2374-4e42-8c53-8da2081ebe32	8	10590632	10633946	20	0.3556
9e120ba3-2374-4e42-8c53-8da2081ebe32	8	10634174	11153220	425	0.0124
9e120ba3-2374-4e42-8c53-8da2081ebe32	8	11153238	11153316	2	-0.8476
9e120ba3-2374-4e42-8c53-8da2081ebe32	8	11153662	11536724	317	-0.0197
9e120ba3-2374-4e42-8c53-8da2081ebe32	8	11536871	11632385	69	0.1767
9e120ba3-2374-4e42-8c53-8da2081ebe32	8	11634030	11813532	116	-0.0309
9e120ba3-2374-4e42-8c53-8da2081ebe32	8	11813853	12092042	152	0.1906
9e120ba3-2374-4e42-8c53-8da2081ebe32	8	12130217	12376708	16	-0.752
9e120ba3-2374-4e42-8c53-8da2081ebe32	8	12376742	46015465	22120	0.0018
9e120ba3-2374-4e42-8c53-8da2081ebe32	8	46019151	46449903	104	0.231
9e120ba3-2374-4e42-8c53-8da2081ebe32	8	46456232	140975314	60353	-0.0014
9e120ba3-2374-4e42-8c53-8da2081ebe32	8	140981341	142410112	881	0.2362
9e120ba3-2374-4e42-8c53-8da2081ebe32	8	142410372	144177593	593	0.0523
9e120ba3-2374-4e42-8c53-8da2081ebe32	8	144182542	144845841	222	0.3527
9e120ba3-2374-4e42-8c53-8da2081ebe32	8	144850786	145072769	133	0.1436
9e120ba3-2374-4e42-8c53-8da2081ebe32	9	46587	672786	651	0.0734
9e120ba3-2374-4e42-8c53-8da2081ebe32	9	672895	673512	5	0.6547
9e120ba3-2374-4e42-8c53-8da2081ebe32	9	676055	1332016	670	0.0675
9e120ba3-2374-4e42-8c53-8da2081ebe32	9	1332204	6402856	4822	0.0011
9e120ba3-2374-4e42-8c53-8da2081ebe32	9	6407799	6695986	225	0.1266
9e120ba3-2374-4e42-8c53-8da2081ebe32	9	6701145	6708357	7	-0.4822
9e120ba3-2374-4e42-8c53-8da2081ebe32	9	6712314	6878612	123	0.1229
9e120ba3-2374-4e42-8c53-8da2081ebe32	9	6884704	8940725	2062	0.0013
9e120ba3-2374-4e42-8c53-8da2081ebe32	9	8941696	12608873	3167	-0.0454
9e120ba3-2374-4e42-8c53-8da2081ebe32	9	12609706	39833357	19429	-0.003
9e120ba3-2374-4e42-8c53-8da2081ebe32	9	39840169	61405110	194	0.0929
9e120ba3-2374-4e42-8c53-8da2081ebe32	9	61520021	61629689	28	-0.8105
9e120ba3-2374-4e42-8c53-8da2081ebe32	9	61633080	68407113	188	0.1193
9e120ba3-2374-4e42-8c53-8da2081ebe32	9	68412579	72897134	3373	0.001
9e120ba3-2374-4e42-8c53-8da2081ebe32	9	72897211	72897384	3	-1.27
9e120ba3-2374-4e42-8c53-8da2081ebe32	9	72898656	102921055	20771	0.0028
9e120ba3-2374-4e42-8c53-8da2081ebe32	9	102921116	102952234	23	-0.376
9e120ba3-2374-4e42-8c53-8da2081ebe32	9	102952262	103804216	597	-0.0245
9e120ba3-2374-4e42-8c53-8da2081ebe32	9	103806415	103807009	2	-2.5031
9e120ba3-2374-4e42-8c53-8da2081ebe32	9	103808421	103875594	45	-0.046
9e120ba3-2374-4e42-8c53-8da2081ebe32	9	103875658	103876002	2	-1.5275
9e120ba3-2374-4e42-8c53-8da2081ebe32	9	103876030	110156911	4964	-0.0016
9e120ba3-2374-4e42-8c53-8da2081ebe32	9	110157008	110306513	108	0.1538
9e120ba3-2374-4e42-8c53-8da2081ebe32	9	110306526	112668285	1703	-0.0065
9e120ba3-2374-4e42-8c53-8da2081ebe32	9	112669059	112827378	110	0.1426
9e120ba3-2374-4e42-8c53-8da2081ebe32	9	112828298	113046537	175	0.0111
9e120ba3-2374-4e42-8c53-8da2081ebe32	9	113050104	113134569	53	0.2034
9e120ba3-2374-4e42-8c53-8da2081ebe32	9	113135373	126847578	9840	0.0004
9e120ba3-2374-4e42-8c53-8da2081ebe32	9	126848140	126906452	32	0.3585
9e120ba3-2374-4e42-8c53-8da2081ebe32	9	126907071	134081211	4246	0.01
9e120ba3-2374-4e42-8c53-8da2081ebe32	9	134082209	134125256	18	0.3357
9e120ba3-2374-4e42-8c53-8da2081ebe32	9	134126051	134267814	47	0.0847
9e120ba3-2374-4e42-8c53-8da2081ebe32	9	134268791	134324562	25	0.3662
9e120ba3-2374-4e42-8c53-8da2081ebe32	9	134333257	135112427	477	-0.0077
9e120ba3-2374-4e42-8c53-8da2081ebe32	9	135113322	135132169	13	0.4083
9e120ba3-2374-4e42-8c53-8da2081ebe32	9	135134481	135245869	83	-0.0066
9e120ba3-2374-4e42-8c53-8da2081ebe32	9	135246978	135472087	154	0.245
9e120ba3-2374-4e42-8c53-8da2081ebe32	9	135472543	136160026	297	0.0313
9e120ba3-2374-4e42-8c53-8da2081ebe32	9	136161138	136228789	25	0.3785
9e120ba3-2374-4e42-8c53-8da2081ebe32	9	136228982	136514240	84	0.0188
9e120ba3-2374-4e42-8c53-8da2081ebe32	9	136514289	136540917	10	0.5503
9e120ba3-2374-4e42-8c53-8da2081ebe32	9	136540932	137269910	155	0.0262
9e120ba3-2374-4e42-8c53-8da2081ebe32	9	137270451	137396353	35	0.3226
9e120ba3-2374-4e42-8c53-8da2081ebe32	9	137396369	138044300	282	0.0569
9e120ba3-2374-4e42-8c53-8da2081ebe32	9	138044505	138200944	118	0.2139
9e120ba3-2374-4e42-8c53-8da2081ebe32	10	45792	468092	238	0.048
9e120ba3-2374-4e42-8c53-8da2081ebe32	10	468198	499659	29	0.4098
9e120ba3-2374-4e42-8c53-8da2081ebe32	10	501627	555149	45	0.178
9e120ba3-2374-4e42-8c53-8da2081ebe32	10	555415	1102333	287	0.0228
9e120ba3-2374-4e42-8c53-8da2081ebe32	10	1104271	1297961	131	0.2096
9e120ba3-2374-4e42-8c53-8da2081ebe32	10	1298425	2805817	1512	0.0195
9e120ba3-2374-4e42-8c53-8da2081ebe32	10	2807079	2807267	3	-0.9374
9e120ba3-2374-4e42-8c53-8da2081ebe32	10	2807355	2976627	161	0.0753
9e120ba3-2374-4e42-8c53-8da2081ebe32	10	2979432	3094525	116	0.1946
9e120ba3-2374-4e42-8c53-8da2081ebe32	10	3095280	5597711	2224	0.0085
9e120ba3-2374-4e42-8c53-8da2081ebe32	10	5599088	5638921	42	0.3411
9e120ba3-2374-4e42-8c53-8da2081ebe32	10	5639003	6369253	602	0.0055
9e120ba3-2374-4e42-8c53-8da2081ebe32	10	6369395	6369519	5	0.9353
9e120ba3-2374-4e42-8c53-8da2081ebe32	10	6376792	6796887	444	0.0008
9e120ba3-2374-4e42-8c53-8da2081ebe32	10	6796980	6803275	2	-1.2127
9e120ba3-2374-4e42-8c53-8da2081ebe32	10	6803711	25864384	14595	-0.0028
9e120ba3-2374-4e42-8c53-8da2081ebe32	10	25864568	25887404	26	0.3556
9e120ba3-2374-4e42-8c53-8da2081ebe32	10	25888678	26938239	719	0.013
9e120ba3-2374-4e42-8c53-8da2081ebe32	10	26938752	26941746	10	0.6874
9e120ba3-2374-4e42-8c53-8da2081ebe32	10	26941808	28314535	932	0.0082
9e120ba3-2374-4e42-8c53-8da2081ebe32	10	28315433	28315981	2	-1.1808
9e120ba3-2374-4e42-8c53-8da2081ebe32	10	28317814	34799993	4684	-0.0002
9e120ba3-2374-4e42-8c53-8da2081ebe32	10	34802869	35000854	121	0.1669
9e120ba3-2374-4e42-8c53-8da2081ebe32	10	35002344	46215867	4572	0.009
9e120ba3-2374-4e42-8c53-8da2081ebe32	10	46216095	46522571	154	0.1662
9e120ba3-2374-4e42-8c53-8da2081ebe32	10	46525652	46526280	14	-0.5509
9e120ba3-2374-4e42-8c53-8da2081ebe32	10	46526920	47084490	61	0.2663
9e120ba3-2374-4e42-8c53-8da2081ebe32	10	47084999	54556481	5045	0.0117
9e120ba3-2374-4e42-8c53-8da2081ebe32	10	54558560	58163860	2604	-0.0294
9e120ba3-2374-4e42-8c53-8da2081ebe32	10	58164581	65549249	5025	-0.003
9e120ba3-2374-4e42-8c53-8da2081ebe32	10	65549252	65554688	14	-0.7163
9e120ba3-2374-4e42-8c53-8da2081ebe32	10	65563037	66501390	732	-0.0045
9e120ba3-2374-4e42-8c53-8da2081ebe32	10	66504229	66504426	2	-1.1218
9e120ba3-2374-4e42-8c53-8da2081ebe32	10	66504479	70653619	2721	-0.0043
9e120ba3-2374-4e42-8c53-8da2081ebe32	10	70653677	70783715	119	0.235
9e120ba3-2374-4e42-8c53-8da2081ebe32	10	70794626	76493093	3205	0.0071
9e120ba3-2374-4e42-8c53-8da2081ebe32	10	76497303	76497852	2	1.938
9e120ba3-2374-4e42-8c53-8da2081ebe32	10	76501509	78929276	1984	0.0041
9e120ba3-2374-4e42-8c53-8da2081ebe32	10	78929352	78972382	25	0.3432
9e120ba3-2374-4e42-8c53-8da2081ebe32	10	78972656	79836564	464	0.0185
9e120ba3-2374-4e42-8c53-8da2081ebe32	10	79837113	80253363	227	0.1643
9e120ba3-2374-4e42-8c53-8da2081ebe32	10	80253378	89178916	6329	0.0017
9e120ba3-2374-4e42-8c53-8da2081ebe32	10	89183210	89188152	9	-0.7888
9e120ba3-2374-4e42-8c53-8da2081ebe32	10	89188211	89203638	26	0.0296
9e120ba3-2374-4e42-8c53-8da2081ebe32	10	89204638	89204745	2	-1.015
9e120ba3-2374-4e42-8c53-8da2081ebe32	10	89204974	90700170	1065	0.0011
9e120ba3-2374-4e42-8c53-8da2081ebe32	10	90702958	90703534	4	-0.9049
9e120ba3-2374-4e42-8c53-8da2081ebe32	10	90711823	92315067	955	0.008
9e120ba3-2374-4e42-8c53-8da2081ebe32	10	92320936	92643841	134	0.1481
9e120ba3-2374-4e42-8c53-8da2081ebe32	10	92645067	110384064	11280	-0.0002
9e120ba3-2374-4e42-8c53-8da2081ebe32	10	110384658	110394352	11	-0.8873
9e120ba3-2374-4e42-8c53-8da2081ebe32	10	110397332	130423171	14859	0.0031
9e120ba3-2374-4e42-8c53-8da2081ebe32	10	130424187	131130644	643	0.1418
9e120ba3-2374-4e42-8c53-8da2081ebe32	10	131131686	131303072	160	0.0115
9e120ba3-2374-4e42-8c53-8da2081ebe32	10	131304171	131914143	412	0.1389
9e120ba3-2374-4e42-8c53-8da2081ebe32	10	131914230	132277603	222	0.0292
9e120ba3-2374-4e42-8c53-8da2081ebe32	10	132277871	132302850	7	0.4255
9e120ba3-2374-4e42-8c53-8da2081ebe32	10	132303267	132753318	205	0.0427
9e120ba3-2374-4e42-8c53-8da2081ebe32	10	132754677	133038543	128	0.2792
9e120ba3-2374-4e42-8c53-8da2081ebe32	10	133054949	133654968	257	0.0589
9e120ba3-2374-4e42-8c53-8da2081ebe32	11	198510	456012	104	0.2813
9e120ba3-2374-4e42-8c53-8da2081ebe32	11	456120	733813	71	0.0276
9e120ba3-2374-4e42-8c53-8da2081ebe32	11	741820	745581	6	0.5055
9e120ba3-2374-4e42-8c53-8da2081ebe32	11	748946	1623675	303	0.0271
9e120ba3-2374-4e42-8c53-8da2081ebe32	11	1624736	1639207	15	0.3697
9e120ba3-2374-4e42-8c53-8da2081ebe32	11	1639494	1660062	23	0.0206
9e120ba3-2374-4e42-8c53-8da2081ebe32	11	1662334	1883943	73	0.3277
9e120ba3-2374-4e42-8c53-8da2081ebe32	11	1884019	2227332	87	-0.0116
9e120ba3-2374-4e42-8c53-8da2081ebe32	11	2234311	2238350	5	0.5905
9e120ba3-2374-4e42-8c53-8da2081ebe32	11	2239652	2454345	86	0.072
9e120ba3-2374-4e42-8c53-8da2081ebe32	11	2457965	2609253	75	0.2235
9e120ba3-2374-4e42-8c53-8da2081ebe32	11	2611669	3385839	420	-0.0012
9e120ba3-2374-4e42-8c53-8da2081ebe32	11	3385876	3657448	105	0.1969
9e120ba3-2374-4e42-8c53-8da2081ebe32	11	3658428	4946420	1043	-0.0053
9e120ba3-2374-4e42-8c53-8da2081ebe32	11	4947280	4954475	28	-1.0748
9e120ba3-2374-4e42-8c53-8da2081ebe32	11	4955027	5762693	784	-0.0043
9e120ba3-2374-4e42-8c53-8da2081ebe32	11	5766175	5787818	32	-0.5862
9e120ba3-2374-4e42-8c53-8da2081ebe32	11	5787909	18919323	9405	0.0019
9e120ba3-2374-4e42-8c53-8da2081ebe32	11	18927525	18939631	35	-0.945
9e120ba3-2374-4e42-8c53-8da2081ebe32	11	18939734	44649239	18494	0.0015
9e120ba3-2374-4e42-8c53-8da2081ebe32	11	44650344	44679845	24	0.3949
9e120ba3-2374-4e42-8c53-8da2081ebe32	11	44679894	48576870	2063	-0.0011
9e120ba3-2374-4e42-8c53-8da2081ebe32	11	48579882	48581124	2	-1.2626
9e120ba3-2374-4e42-8c53-8da2081ebe32	11	48584766	55608804	1184	0.008
9e120ba3-2374-4e42-8c53-8da2081ebe32	11	55609022	55685533	51	-0.3777
9e120ba3-2374-4e42-8c53-8da2081ebe32	11	55686100	55741892	47	-0.0412
9e120ba3-2374-4e42-8c53-8da2081ebe32	11	55753280	55753284	2	-1.1836
9e120ba3-2374-4e42-8c53-8da2081ebe32	11	55756095	55914572	113	-0.0231
9e120ba3-2374-4e42-8c53-8da2081ebe32	11	55915128	55916311	6	-0.6267
9e120ba3-2374-4e42-8c53-8da2081ebe32	11	55916468	62263907	3771	-0.0049
9e120ba3-2374-4e42-8c53-8da2081ebe32	11	62264114	62270111	5	0.1568
9e120ba3-2374-4e42-8c53-8da2081ebe32	11	62271280	62285608	9	0.4501
9e120ba3-2374-4e42-8c53-8da2081ebe32	11	62286215	62364604	45	0.0973
9e120ba3-2374-4e42-8c53-8da2081ebe32	11	62372597	62391414	12	0.3228
9e120ba3-2374-4e42-8c53-8da2081ebe32	11	62391452	63954141	755	0.0036
9e120ba3-2374-4e42-8c53-8da2081ebe32	11	63954976	63987039	19	0.4236
9e120ba3-2374-4e42-8c53-8da2081ebe32	11	63987743	64817543	334	0.0058
9e120ba3-2374-4e42-8c53-8da2081ebe32	11	64825254	65935052	427	0.2634
9e120ba3-2374-4e42-8c53-8da2081ebe32	11	65935152	67526837	604	-0.0043
9e120ba3-2374-4e42-8c53-8da2081ebe32	11	67529387	68007631	151	0.2124
9e120ba3-2374-4e42-8c53-8da2081ebe32	11	68007658	101723653	22247	0.0015
9e120ba3-2374-4e42-8c53-8da2081ebe32	11	101727129	101727233	4	1.0571
9e120ba3-2374-4e42-8c53-8da2081ebe32	11	101727481	132953650	22118	0.0011
9e120ba3-2374-4e42-8c53-8da2081ebe32	11	132953663	133242402	252	0.0912
9e120ba3-2374-4e42-8c53-8da2081ebe32	11	133243253	133933344	499	0.009
9e120ba3-2374-4e42-8c53-8da2081ebe32	11	133935690	134101478	119	0.2519
9e120ba3-2374-4e42-8c53-8da2081ebe32	11	134110131	134326238	132	0.0096
9e120ba3-2374-4e42-8c53-8da2081ebe32	11	134331004	134761929	362	0.2038
9e120ba3-2374-4e42-8c53-8da2081ebe32	11	134768855	135043201	213	0.0415
9e120ba3-2374-4e42-8c53-8da2081ebe32	11	135051589	135074876	23	-0.9388
9e120ba3-2374-4e42-8c53-8da2081ebe32	12	51460	225844	99	0.2657
9e120ba3-2374-4e42-8c53-8da2081ebe32	12	225899	422959	103	0.0527
9e120ba3-2374-4e42-8c53-8da2081ebe32	12	424313	769835	243	0.2526
9e120ba3-2374-4e42-8c53-8da2081ebe32	12	770280	1445796	378	0.0169
9e120ba3-2374-4e42-8c53-8da2081ebe32	12	1453523	1881425	273	0.1427
9e120ba3-2374-4e42-8c53-8da2081ebe32	12	1886456	7810165	4256	0.0098
9e120ba3-2374-4e42-8c53-8da2081ebe32	12	7810616	7982496	70	0.2074
9e120ba3-2374-4e42-8c53-8da2081ebe32	12	7985126	8204911	114	-0.0163
9e120ba3-2374-4e42-8c53-8da2081ebe32	12	8209454	8428347	77	0.2682
9e120ba3-2374-4e42-8c53-8da2081ebe32	12	8432076	9301952	479	0.008
9e120ba3-2374-4e42-8c53-8da2081ebe32	12	9304225	9315213	4	0.8229
9e120ba3-2374-4e42-8c53-8da2081ebe32	12	9320561	9477960	77	0.0989
9e120ba3-2374-4e42-8c53-8da2081ebe32	12	9481274	9562969	23	-1.1448
9e120ba3-2374-4e42-8c53-8da2081ebe32	12	9575696	33141726	16575	-0.0007
9e120ba3-2374-4e42-8c53-8da2081ebe32	12	33148472	33154440	27	-0.6188
9e120ba3-2374-4e42-8c53-8da2081ebe32	12	33155426	33628774	336	-0.0066
9e120ba3-2374-4e42-8c53-8da2081ebe32	12	33639604	33645240	7	-0.841
9e120ba3-2374-4e42-8c53-8da2081ebe32	12	33647148	34078005	228	-0.0554
9e120ba3-2374-4e42-8c53-8da2081ebe32	12	34078180	34091994	7	-0.7831
9e120ba3-2374-4e42-8c53-8da2081ebe32	12	34092010	34209817	68	0.0401
9e120ba3-2374-4e42-8c53-8da2081ebe32	12	34210024	34309460	45	0.1474
9e120ba3-2374-4e42-8c53-8da2081ebe32	12	34311534	34423775	41	0.3313
9e120ba3-2374-4e42-8c53-8da2081ebe32	12	34424876	45506042	4852	-0.0067
9e120ba3-2374-4e42-8c53-8da2081ebe32	12	45510655	45515754	4	1.0979
9e120ba3-2374-4e42-8c53-8da2081ebe32	12	45519509	51833911	3409	0
9e120ba3-2374-4e42-8c53-8da2081ebe32	12	51839320	51916521	38	0.2787
9e120ba3-2374-4e42-8c53-8da2081ebe32	12	51917059	52282133	257	-0.0104
9e120ba3-2374-4e42-8c53-8da2081ebe32	12	52282619	52453801	178	0.1355
9e120ba3-2374-4e42-8c53-8da2081ebe32	12	52453820	53013811	485	0.0132
9e120ba3-2374-4e42-8c53-8da2081ebe32	12	53017314	53129357	57	0.2513
9e120ba3-2374-4e42-8c53-8da2081ebe32	12	53129428	55332968	1220	-0.0033
9e120ba3-2374-4e42-8c53-8da2081ebe32	12	55333295	55333399	7	0.4206
9e120ba3-2374-4e42-8c53-8da2081ebe32	12	55334751	55404021	44	-0.0603
9e120ba3-2374-4e42-8c53-8da2081ebe32	12	55409338	55416184	3	-1.0196
9e120ba3-2374-4e42-8c53-8da2081ebe32	12	55417944	77981800	14296	-0.0009
9e120ba3-2374-4e42-8c53-8da2081ebe32	12	77982375	77988456	2	-1.2197
9e120ba3-2374-4e42-8c53-8da2081ebe32	12	77993818	102639985	15674	-0.0013
9e120ba3-2374-4e42-8c53-8da2081ebe32	12	102641286	102641351	2	-1.1888
9e120ba3-2374-4e42-8c53-8da2081ebe32	12	102643137	104550519	1337	0.0037
9e120ba3-2374-4e42-8c53-8da2081ebe32	12	104551033	104578429	23	0.2995
9e120ba3-2374-4e42-8c53-8da2081ebe32	12	104578700	108087640	2572	-0.0026
9e120ba3-2374-4e42-8c53-8da2081ebe32	12	108089997	108092446	4	0.78
9e120ba3-2374-4e42-8c53-8da2081ebe32	12	108092663	109111774	669	-0.0134
9e120ba3-2374-4e42-8c53-8da2081ebe32	12	109112100	109232663	90	0.197
9e120ba3-2374-4e42-8c53-8da2081ebe32	12	109235204	110388006	614	0.0098
9e120ba3-2374-4e42-8c53-8da2081ebe32	12	110392756	110393949	2	-0.7501
9e120ba3-2374-4e42-8c53-8da2081ebe32	12	110397978	111732572	624	0.0255
9e120ba3-2374-4e42-8c53-8da2081ebe32	12	111735404	111876531	54	0.2291
9e120ba3-2374-4e42-8c53-8da2081ebe32	12	111876910	113819403	1251	0.0029
9e120ba3-2374-4e42-8c53-8da2081ebe32	12	113819629	114049777	222	0.1765
9e120ba3-2374-4e42-8c53-8da2081ebe32	12	114050583	129440594	10850	0.0099
9e120ba3-2374-4e42-8c53-8da2081ebe32	12	129441295	132125415	2066	0.0874
9e120ba3-2374-4e42-8c53-8da2081ebe32	12	132126981	133020056	282	0.2195
9e120ba3-2374-4e42-8c53-8da2081ebe32	12	133020313	133201603	77	0.0501
9e120ba3-2374-4e42-8c53-8da2081ebe32	13	18452809	19199374	329	0.0242
9e120ba3-2374-4e42-8c53-8da2081ebe32	13	19202953	19203130	2	1.4073
9e120ba3-2374-4e42-8c53-8da2081ebe32	13	19207320	20601052	816	0.0664
9e120ba3-2374-4e42-8c53-8da2081ebe32	13	20603760	22931933	1616	-0.0116
9e120ba3-2374-4e42-8c53-8da2081ebe32	13	22945791	22950543	2	-1.0977
9e120ba3-2374-4e42-8c53-8da2081ebe32	13	22950740	23040979	70	-0.0098
9e120ba3-2374-4e42-8c53-8da2081ebe32	13	23044325	23064056	33	-0.3679
9e120ba3-2374-4e42-8c53-8da2081ebe32	13	23064071	24594338	1242	0.0118
9e120ba3-2374-4e42-8c53-8da2081ebe32	13	24597505	24722721	96	0.195
9e120ba3-2374-4e42-8c53-8da2081ebe32	13	24722804	25093578	217	0.0463
9e120ba3-2374-4e42-8c53-8da2081ebe32	13	25101832	25109177	5	-0.8453
9e120ba3-2374-4e42-8c53-8da2081ebe32	13	25111959	37501828	9048	-0.003
9e120ba3-2374-4e42-8c53-8da2081ebe32	13	37502130	37510620	12	-0.5721
9e120ba3-2374-4e42-8c53-8da2081ebe32	13	37514193	112641884	49833	-0.0023
9e120ba3-2374-4e42-8c53-8da2081ebe32	13	112642030	112974526	188	0.0955
9e120ba3-2374-4e42-8c53-8da2081ebe32	13	112976829	113062977	46	0.3702
9e120ba3-2374-4e42-8c53-8da2081ebe32	13	113070745	113971527	386	0.0445
9e120ba3-2374-4e42-8c53-8da2081ebe32	13	113979343	114072232	27	0.3847
9e120ba3-2374-4e42-8c53-8da2081ebe32	13	114072251	114342922	125	0.0709
9e120ba3-2374-4e42-8c53-8da2081ebe32	14	18239283	19735307	69	-0.035
9e120ba3-2374-4e42-8c53-8da2081ebe32	14	19735726	19955213	98	0.1779
9e120ba3-2374-4e42-8c53-8da2081ebe32	14	19956767	21856963	1258	0.0053
9e120ba3-2374-4e42-8c53-8da2081ebe32	14	21857294	21859138	3	-1.4023
9e120ba3-2374-4e42-8c53-8da2081ebe32	14	21859825	22138291	270	-0.0128
9e120ba3-2374-4e42-8c53-8da2081ebe32	14	22139013	22798909	543	0.1372
9e120ba3-2374-4e42-8c53-8da2081ebe32	14	22799195	23975769	636	0.0158
9e120ba3-2374-4e42-8c53-8da2081ebe32	14	23975815	24019187	23	0.4935
9e120ba3-2374-4e42-8c53-8da2081ebe32	14	24019200	38174697	8985	-0.0024
9e120ba3-2374-4e42-8c53-8da2081ebe32	14	38174711	38174829	2	-1.446
9e120ba3-2374-4e42-8c53-8da2081ebe32	14	38175298	69546420	19695	-0.0065
9e120ba3-2374-4e42-8c53-8da2081ebe32	14	69546512	69561830	19	0.4609
9e120ba3-2374-4e42-8c53-8da2081ebe32	14	69566109	73523958	2614	0.0049
9e120ba3-2374-4e42-8c53-8da2081ebe32	14	73526068	73578262	17	0.42
9e120ba3-2374-4e42-8c53-8da2081ebe32	14	73578479	98857675	17257	0.0038
9e120ba3-2374-4e42-8c53-8da2081ebe32	14	98857846	98969086	104	0.1813
9e120ba3-2374-4e42-8c53-8da2081ebe32	14	98974537	104311398	2889	0.0076
9e120ba3-2374-4e42-8c53-8da2081ebe32	14	104311687	104403887	46	0.2495
9e120ba3-2374-4e42-8c53-8da2081ebe32	14	104404920	104568156	64	0.0585
9e120ba3-2374-4e42-8c53-8da2081ebe32	14	104570413	104670444	27	0.295
9e120ba3-2374-4e42-8c53-8da2081ebe32	14	104670656	105521701	248	0.0144
9e120ba3-2374-4e42-8c53-8da2081ebe32	14	105533894	106070718	138	0.2187
9e120ba3-2374-4e42-8c53-8da2081ebe32	14	106117522	106364815	106	-0.6508
9e120ba3-2374-4e42-8c53-8da2081ebe32	14	106365807	106719325	199	0.0558
9e120ba3-2374-4e42-8c53-8da2081ebe32	14	106769689	106770361	4	-1.9396
9e120ba3-2374-4e42-8c53-8da2081ebe32	14	106775945	106877229	68	0.0292
9e120ba3-2374-4e42-8c53-8da2081ebe32	15	19811075	19879999	11	0.0882
9e120ba3-2374-4e42-8c53-8da2081ebe32	15	19882777	19904997	5	-0.4157
9e120ba3-2374-4e42-8c53-8da2081ebe32	15	19907021	20041902	33	0.1762
9e120ba3-2374-4e42-8c53-8da2081ebe32	15	20056983	20373168	39	1.1888
9e120ba3-2374-4e42-8c53-8da2081ebe32	15	20376198	20376311	7	-0.0806
9e120ba3-2374-4e42-8c53-8da2081ebe32	15	20380735	20670989	56	1.1145
9e120ba3-2374-4e42-8c53-8da2081ebe32	15	20981071	20988347	5	0.0784
9e120ba3-2374-4e42-8c53-8da2081ebe32	15	21005443	22413894	53	1.2332
9e120ba3-2374-4e42-8c53-8da2081ebe32	15	22455811	23425837	325	0.1231
9e120ba3-2374-4e42-8c53-8da2081ebe32	15	23426699	27932726	3239	-0.0011
9e120ba3-2374-4e42-8c53-8da2081ebe32	15	27932760	30077828	1047	0.0935
9e120ba3-2374-4e42-8c53-8da2081ebe32	15	30094208	30668578	53	0.3308
9e120ba3-2374-4e42-8c53-8da2081ebe32	15	30668947	60182164	18848	0.0008
9e120ba3-2374-4e42-8c53-8da2081ebe32	15	60182825	60183143	2	-1.4582
9e120ba3-2374-4e42-8c53-8da2081ebe32	15	60186110	66583499	4264	0.0007
9e120ba3-2374-4e42-8c53-8da2081ebe32	15	66585946	66590070	5	0.5981
9e120ba3-2374-4e42-8c53-8da2081ebe32	15	66591464	76599170	5904	-0.0011
9e120ba3-2374-4e42-8c53-8da2081ebe32	15	76599286	76603433	19	0.5808
9e120ba3-2374-4e42-8c53-8da2081ebe32	15	76603434	99894946	16041	0.0058
9e120ba3-2374-4e42-8c53-8da2081ebe32	15	99895535	100386082	418	0.1394
9e120ba3-2374-4e42-8c53-8da2081ebe32	15	100389839	101066942	527	0.0055
9e120ba3-2374-4e42-8c53-8da2081ebe32	15	101067308	101928837	617	0.1129
9e120ba3-2374-4e42-8c53-8da2081ebe32	16	10777	1515717	486	0.2216
9e120ba3-2374-4e42-8c53-8da2081ebe32	16	1516381	8821001	5919	0.0203
9e120ba3-2374-4e42-8c53-8da2081ebe32	16	8821048	9196493	227	0.2158
9e120ba3-2374-4e42-8c53-8da2081ebe32	16	9196892	11293688	1878	0.008
9e120ba3-2374-4e42-8c53-8da2081ebe32	16	11295191	11295279	2	-1.0443
9e120ba3-2374-4e42-8c53-8da2081ebe32	16	11295771	14660341	2577	0.008
9e120ba3-2374-4e42-8c53-8da2081ebe32	16	14662430	16622170	694	0.208
9e120ba3-2374-4e42-8c53-8da2081ebe32	16	16645406	18149179	981	0.0946
9e120ba3-2374-4e42-8c53-8da2081ebe32	16	18153433	18768634	35	0.2635
9e120ba3-2374-4e42-8c53-8da2081ebe32	16	18771837	19934328	668	0.0219
9e120ba3-2374-4e42-8c53-8da2081ebe32	16	19934486	19959926	33	0.2621
9e120ba3-2374-4e42-8c53-8da2081ebe32	16	19959974	20030027	51	-0.0053
9e120ba3-2374-4e42-8c53-8da2081ebe32	16	20032008	20053173	21	0.4331
9e120ba3-2374-4e42-8c53-8da2081ebe32	16	20055570	21356685	811	-0.0043
9e120ba3-2374-4e42-8c53-8da2081ebe32	16	21361279	21582134	26	0.4161
9e120ba3-2374-4e42-8c53-8da2081ebe32	16	21582313	22686177	424	0.1631
9e120ba3-2374-4e42-8c53-8da2081ebe32	16	22687160	22706983	13	0.3848
9e120ba3-2374-4e42-8c53-8da2081ebe32	16	22707065	27783854	3591	0.0034
9e120ba3-2374-4e42-8c53-8da2081ebe32	16	27792430	27831950	55	0.2025
9e120ba3-2374-4e42-8c53-8da2081ebe32	16	27838659	28228152	284	0.0142
9e120ba3-2374-4e42-8c53-8da2081ebe32	16	28228614	28240535	12	0.4179
9e120ba3-2374-4e42-8c53-8da2081ebe32	16	28243807	28696878	109	0.0078
9e120ba3-2374-4e42-8c53-8da2081ebe32	16	28736213	29013907	71	0.2936
9e120ba3-2374-4e42-8c53-8da2081ebe32	16	29014657	29581056	131	0.0326
9e120ba3-2374-4e42-8c53-8da2081ebe32	16	29586515	30308999	205	0.306
9e120ba3-2374-4e42-8c53-8da2081ebe32	16	30320763	30495944	51	0.0641
9e120ba3-2374-4e42-8c53-8da2081ebe32	16	30496018	30527776	9	0.4855
9e120ba3-2374-4e42-8c53-8da2081ebe32	16	30535167	31948830	579	0.0157
9e120ba3-2374-4e42-8c53-8da2081ebe32	16	31954295	35209940	208	0.1628
9e120ba3-2374-4e42-8c53-8da2081ebe32	16	35209952	55761136	6771	0.0022
9e120ba3-2374-4e42-8c53-8da2081ebe32	16	55762477	55782734	18	-0.5678
9e120ba3-2374-4e42-8c53-8da2081ebe32	16	55782793	55809606	9	-0.0229
9e120ba3-2374-4e42-8c53-8da2081ebe32	16	55809810	55836505	10	0.6707
9e120ba3-2374-4e42-8c53-8da2081ebe32	16	55839497	78337711	14260	0.0041
9e120ba3-2374-4e42-8c53-8da2081ebe32	16	78338543	78350868	16	0.6571
9e120ba3-2374-4e42-8c53-8da2081ebe32	16	78351104	81123748	3195	0.011
9e120ba3-2374-4e42-8c53-8da2081ebe32	16	81123780	81244433	136	0.2139
9e120ba3-2374-4e42-8c53-8da2081ebe32	16	81246494	81450965	163	-0.0048
9e120ba3-2374-4e42-8c53-8da2081ebe32	16	81451749	81480561	46	0.2517
9e120ba3-2374-4e42-8c53-8da2081ebe32	16	81482810	83995248	2790	0.0225
9e120ba3-2374-4e42-8c53-8da2081ebe32	16	83995534	84886473	813	0.2138
9e120ba3-2374-4e42-8c53-8da2081ebe32	16	84892020	86980226	1919	0.0253
9e120ba3-2374-4e42-8c53-8da2081ebe32	16	86982302	87017042	25	0.3298
9e120ba3-2374-4e42-8c53-8da2081ebe32	16	87017436	87836773	568	0.0351
9e120ba3-2374-4e42-8c53-8da2081ebe32	16	87841250	87850115	5	0.6475
9e120ba3-2374-4e42-8c53-8da2081ebe32	16	87850911	88459423	278	0.0832
9e120ba3-2374-4e42-8c53-8da2081ebe32	16	88459876	89223504	245	0.324
9e120ba3-2374-4e42-8c53-8da2081ebe32	16	89223555	89498761	154	0.1299
9e120ba3-2374-4e42-8c53-8da2081ebe32	16	89501984	90096867	281	0.3097
9e120ba3-2374-4e42-8c53-8da2081ebe32	17	150733	584832	218	0.2318
9e120ba3-2374-4e42-8c53-8da2081ebe32	17	585366	711254	88	0.0725
9e120ba3-2374-4e42-8c53-8da2081ebe32	17	711559	1278872	256	0.2614
9e120ba3-2374-4e42-8c53-8da2081ebe32	17	1297910	3572691	1270	0.0351
9e120ba3-2374-4e42-8c53-8da2081ebe32	17	3574296	3646040	49	0.2872
9e120ba3-2374-4e42-8c53-8da2081ebe32	17	3649105	4396337	440	0.0234
9e120ba3-2374-4e42-8c53-8da2081ebe32	17	4396818	4469759	38	0.3331
9e120ba3-2374-4e42-8c53-8da2081ebe32	17	4471274	5448471	429	0.0264
9e120ba3-2374-4e42-8c53-8da2081ebe32	17	5449043	5454180	4	0.5851
9e120ba3-2374-4e42-8c53-8da2081ebe32	17	5455870	5697542	165	0.033
9e120ba3-2374-4e42-8c53-8da2081ebe32	17	5697594	5734582	32	0.4629
9e120ba3-2374-4e42-8c53-8da2081ebe32	17	5734803	7338611	1089	0.0145
9e120ba3-2374-4e42-8c53-8da2081ebe32	17	7344520	7368495	13	0.368
9e120ba3-2374-4e42-8c53-8da2081ebe32	17	7370758	8185604	364	0.0071
9e120ba3-2374-4e42-8c53-8da2081ebe32	17	8187577	8190702	2	0.8451
9e120ba3-2374-4e42-8c53-8da2081ebe32	17	8193993	10021684	1280	0.0024
9e120ba3-2374-4e42-8c53-8da2081ebe32	17	10022489	10132230	80	0.2425
9e120ba3-2374-4e42-8c53-8da2081ebe32	17	10132347	18957997	5733	0.0186
9e120ba3-2374-4e42-8c53-8da2081ebe32	17	18971407	19126843	31	0.4317
9e120ba3-2374-4e42-8c53-8da2081ebe32	17	19190137	22530709	1221	0.0441
9e120ba3-2374-4e42-8c53-8da2081ebe32	17	22531085	33643580	3618	0.0045
9e120ba3-2374-4e42-8c53-8da2081ebe32	17	33643646	34454926	754	0.0544
9e120ba3-2374-4e42-8c53-8da2081ebe32	17	34455157	34611015	167	0.213
9e120ba3-2374-4e42-8c53-8da2081ebe32	17	34616624	36208249	943	0.0007
9e120ba3-2374-4e42-8c53-8da2081ebe32	17	36460442	36530405	78	0.1984
9e120ba3-2374-4e42-8c53-8da2081ebe32	17	36548281	37771465	829	0.003
9e120ba3-2374-4e42-8c53-8da2081ebe32	17	37773129	37838330	51	0.2301
9e120ba3-2374-4e42-8c53-8da2081ebe32	17	37838654	41079711	1461	0.0185
9e120ba3-2374-4e42-8c53-8da2081ebe32	17	41080200	41089704	7	0.5067
9e120ba3-2374-4e42-8c53-8da2081ebe32	17	41090139	41496870	359	0.005
9e120ba3-2374-4e42-8c53-8da2081ebe32	17	41499055	41540812	24	0.3223
9e120ba3-2374-4e42-8c53-8da2081ebe32	17	41543562	44610565	1485	0.0106
9e120ba3-2374-4e42-8c53-8da2081ebe32	17	44610593	44619846	8	0.5075
9e120ba3-2374-4e42-8c53-8da2081ebe32	17	44620001	45117271	238	0.0331
9e120ba3-2374-4e42-8c53-8da2081ebe32	17	45117838	45119179	7	0.4492
9e120ba3-2374-4e42-8c53-8da2081ebe32	17	45120226	45372072	111	-0.0161
9e120ba3-2374-4e42-8c53-8da2081ebe32	17	45374188	45382537	6	0.4423
9e120ba3-2374-4e42-8c53-8da2081ebe32	17	45384094	45577724	40	0.067
9e120ba3-2374-4e42-8c53-8da2081ebe32	17	45579014	45699947	67	0.1383
9e120ba3-2374-4e42-8c53-8da2081ebe32	17	45700344	46130967	308	0.2467
9e120ba3-2374-4e42-8c53-8da2081ebe32	17	46131308	46351954	94	0.6137
9e120ba3-2374-4e42-8c53-8da2081ebe32	17	46446345	51344122	2393	0.0112
9e120ba3-2374-4e42-8c53-8da2081ebe32	17	51344450	51403889	57	0.2104
9e120ba3-2374-4e42-8c53-8da2081ebe32	17	51403897	57610128	4551	-0.0041
9e120ba3-2374-4e42-8c53-8da2081ebe32	17	57610972	57611632	2	1.3194
9e120ba3-2374-4e42-8c53-8da2081ebe32	17	57614632	67435149	5217	0.001
9e120ba3-2374-4e42-8c53-8da2081ebe32	17	67444250	67448377	8	-0.7266
9e120ba3-2374-4e42-8c53-8da2081ebe32	17	67448766	73840460	4587	0.0046
9e120ba3-2374-4e42-8c53-8da2081ebe32	17	73840477	74684398	553	0.2301
9e120ba3-2374-4e42-8c53-8da2081ebe32	17	74684915	76913017	1048	0.0181
9e120ba3-2374-4e42-8c53-8da2081ebe32	17	76914310	76944230	29	0.2974
9e120ba3-2374-4e42-8c53-8da2081ebe32	17	76951353	77337490	237	-0.0068
9e120ba3-2374-4e42-8c53-8da2081ebe32	17	77342328	77375740	36	0.4488
9e120ba3-2374-4e42-8c53-8da2081ebe32	17	77375892	77393507	9	0.0074
9e120ba3-2374-4e42-8c53-8da2081ebe32	17	77394155	77396170	7	0.4724
9e120ba3-2374-4e42-8c53-8da2081ebe32	17	77398743	77462221	41	0.0199
9e120ba3-2374-4e42-8c53-8da2081ebe32	17	77464555	77567552	56	0.2739
9e120ba3-2374-4e42-8c53-8da2081ebe32	17	77568225	77644343	51	-0.0033
9e120ba3-2374-4e42-8c53-8da2081ebe32	17	77644738	77654835	12	0.3641
9e120ba3-2374-4e42-8c53-8da2081ebe32	17	77657739	78270924	343	0.0152
9e120ba3-2374-4e42-8c53-8da2081ebe32	17	78270988	78733662	301	0.1707
9e120ba3-2374-4e42-8c53-8da2081ebe32	17	78736256	79158854	224	0.0083
9e120ba3-2374-4e42-8c53-8da2081ebe32	17	79159586	79238441	44	0.2766
9e120ba3-2374-4e42-8c53-8da2081ebe32	17	79238589	79245561	14	0.0391
9e120ba3-2374-4e42-8c53-8da2081ebe32	17	79245867	79251117	13	0.3208
9e120ba3-2374-4e42-8c53-8da2081ebe32	17	79251130	79365779	111	0.0179
9e120ba3-2374-4e42-8c53-8da2081ebe32	17	79367431	79406159	23	0.3003
9e120ba3-2374-4e42-8c53-8da2081ebe32	17	79407482	80243298	407	0.0341
9e120ba3-2374-4e42-8c53-8da2081ebe32	17	80245008	80352501	55	0.2785
9e120ba3-2374-4e42-8c53-8da2081ebe32	17	80357445	80636822	170	-0.0002
9e120ba3-2374-4e42-8c53-8da2081ebe32	17	80636836	80670218	22	0.2746
9e120ba3-2374-4e42-8c53-8da2081ebe32	17	80682687	81042058	197	0.0071
9e120ba3-2374-4e42-8c53-8da2081ebe32	17	81047415	81055216	7	0.4264
9e120ba3-2374-4e42-8c53-8da2081ebe32	17	81060235	81139363	20	-0.0064
9e120ba3-2374-4e42-8c53-8da2081ebe32	17	81139641	81168461	9	0.5513
9e120ba3-2374-4e42-8c53-8da2081ebe32	17	81168719	81235307	26	0.0358
9e120ba3-2374-4e42-8c53-8da2081ebe32	17	81249695	81267189	9	0.4424
9e120ba3-2374-4e42-8c53-8da2081ebe32	17	81267721	81470691	68	0.0385
9e120ba3-2374-4e42-8c53-8da2081ebe32	17	81470706	81485136	7	0.5022
9e120ba3-2374-4e42-8c53-8da2081ebe32	17	81485310	82125680	133	0.0114
9e120ba3-2374-4e42-8c53-8da2081ebe32	17	82128370	82251373	53	0.3149
9e120ba3-2374-4e42-8c53-8da2081ebe32	17	82256888	83046894	400	0.0403
9e120ba3-2374-4e42-8c53-8da2081ebe32	17	83048410	83091923	15	0.4561
9e120ba3-2374-4e42-8c53-8da2081ebe32	18	48133	885054	626	0.0935
9e120ba3-2374-4e42-8c53-8da2081ebe32	18	885712	14108789	9418	-0.0011
9e120ba3-2374-4e42-8c53-8da2081ebe32	18	14113929	21193352	449	0.0685
9e120ba3-2374-4e42-8c53-8da2081ebe32	18	21195837	49563584	18186	-0.0056
9e120ba3-2374-4e42-8c53-8da2081ebe32	18	49564514	49590067	24	0.4425
9e120ba3-2374-4e42-8c53-8da2081ebe32	18	49590284	64366270	10447	-0.0054
9e120ba3-2374-4e42-8c53-8da2081ebe32	18	64371134	64416360	29	0.3241
9e120ba3-2374-4e42-8c53-8da2081ebe32	18	64417434	66095064	1166	-0.029
9e120ba3-2374-4e42-8c53-8da2081ebe32	18	66099904	66100686	3	-1.3734
9e120ba3-2374-4e42-8c53-8da2081ebe32	18	66108359	71394939	3783	-0.0068
9e120ba3-2374-4e42-8c53-8da2081ebe32	18	71395099	73764113	1904	-0.0515
9e120ba3-2374-4e42-8c53-8da2081ebe32	18	73766781	74438607	576	0.0068
9e120ba3-2374-4e42-8c53-8da2081ebe32	18	74439346	74471994	29	0.2699
9e120ba3-2374-4e42-8c53-8da2081ebe32	18	74472427	79350514	3645	0.0031
9e120ba3-2374-4e42-8c53-8da2081ebe32	18	79350713	80257174	433	0.1854
9e120ba3-2374-4e42-8c53-8da2081ebe32	19	90910	464681	101	0.1524
9e120ba3-2374-4e42-8c53-8da2081ebe32	19	468402	515138	13	0.4933
9e120ba3-2374-4e42-8c53-8da2081ebe32	19	516363	865374	47	0.0429
9e120ba3-2374-4e42-8c53-8da2081ebe32	19	865406	967584	21	0.4448
9e120ba3-2374-4e42-8c53-8da2081ebe32	19	968486	1283189	91	0.0627
9e120ba3-2374-4e42-8c53-8da2081ebe32	19	1302966	1318010	6	0.6644
9e120ba3-2374-4e42-8c53-8da2081ebe32	19	1319333	1731832	104	-0.0068
9e120ba3-2374-4e42-8c53-8da2081ebe32	19	1732601	1817867	17	0.483
9e120ba3-2374-4e42-8c53-8da2081ebe32	19	1829947	2405118	136	0.0509
9e120ba3-2374-4e42-8c53-8da2081ebe32	19	2409867	2420096	10	0.516
9e120ba3-2374-4e42-8c53-8da2081ebe32	19	2422593	2482763	18	-0.0397
9e120ba3-2374-4e42-8c53-8da2081ebe32	19	2483299	2498449	11	0.4884
9e120ba3-2374-4e42-8c53-8da2081ebe32	19	2499529	4412209	589	0.0271
9e120ba3-2374-4e42-8c53-8da2081ebe32	19	4414597	4806497	117	0.2184
9e120ba3-2374-4e42-8c53-8da2081ebe32	19	4807263	6909438	987	0.0171
9e120ba3-2374-4e42-8c53-8da2081ebe32	19	6909554	7108052	99	0.1818
9e120ba3-2374-4e42-8c53-8da2081ebe32	19	7112112	11053013	1897	0.0133
9e120ba3-2374-4e42-8c53-8da2081ebe32	19	11057986	11058376	2	-1.2276
9e120ba3-2374-4e42-8c53-8da2081ebe32	19	11066732	16565516	2868	0.0199
9e120ba3-2374-4e42-8c53-8da2081ebe32	19	16566478	16621095	36	0.2856
9e120ba3-2374-4e42-8c53-8da2081ebe32	19	16621668	19720735	1326	0.0127
9e120ba3-2374-4e42-8c53-8da2081ebe32	19	19724944	19763283	21	0.5357
9e120ba3-2374-4e42-8c53-8da2081ebe32	19	19764062	27707365	2710	0.0458
9e120ba3-2374-4e42-8c53-8da2081ebe32	19	27707531	35166555	5301	0.0011
9e120ba3-2374-4e42-8c53-8da2081ebe32	19	35167825	35358269	170	0.0454
9e120ba3-2374-4e42-8c53-8da2081ebe32	19	35358285	35385420	34	0.392
9e120ba3-2374-4e42-8c53-8da2081ebe32	19	35385973	36262089	421	-0.003
9e120ba3-2374-4e42-8c53-8da2081ebe32	19	36265950	36354973	11	0.573
9e120ba3-2374-4e42-8c53-8da2081ebe32	19	36355248	39026777	1379	0.0007
9e120ba3-2374-4e42-8c53-8da2081ebe32	19	39034196	39092058	40	0.2673
9e120ba3-2374-4e42-8c53-8da2081ebe32	19	39092520	39208725	54	0.0045
9e120ba3-2374-4e42-8c53-8da2081ebe32	19	39214100	39254056	21	0.4508
9e120ba3-2374-4e42-8c53-8da2081ebe32	19	39257070	40555976	692	-0.0044
9e120ba3-2374-4e42-8c53-8da2081ebe32	19	40556633	40646985	34	0.4217
9e120ba3-2374-4e42-8c53-8da2081ebe32	19	40653288	40828833	102	-0.0061
9e120ba3-2374-4e42-8c53-8da2081ebe32	19	40828847	40922915	58	0.1521
9e120ba3-2374-4e42-8c53-8da2081ebe32	19	40923767	40948897	16	-0.0766
9e120ba3-2374-4e42-8c53-8da2081ebe32	19	40950739	40982879	24	0.4243
9e120ba3-2374-4e42-8c53-8da2081ebe32	19	40983175	41023115	38	0.1429
9e120ba3-2374-4e42-8c53-8da2081ebe32	19	41038859	42711176	763	0.0062
9e120ba3-2374-4e42-8c53-8da2081ebe32	19	42712819	43274463	233	0.0882
9e120ba3-2374-4e42-8c53-8da2081ebe32	19	43280140	43301176	12	-0.3454
9e120ba3-2374-4e42-8c53-8da2081ebe32	19	43304322	43460592	84	0.222
9e120ba3-2374-4e42-8c53-8da2081ebe32	19	43468990	45353668	1110	0.0026
9e120ba3-2374-4e42-8c53-8da2081ebe32	19	45353791	45400216	23	0.3309
9e120ba3-2374-4e42-8c53-8da2081ebe32	19	45407710	49613373	1830	0.0198
9e120ba3-2374-4e42-8c53-8da2081ebe32	19	49613779	50135241	239	0.1567
9e120ba3-2374-4e42-8c53-8da2081ebe32	19	50135318	50752054	250	0.0024
9e120ba3-2374-4e42-8c53-8da2081ebe32	19	50753993	50768480	7	0.3578
9e120ba3-2374-4e42-8c53-8da2081ebe32	19	50772526	50824513	25	-0.0093
9e120ba3-2374-4e42-8c53-8da2081ebe32	19	50824837	50884063	47	0.2738
9e120ba3-2374-4e42-8c53-8da2081ebe32	19	50886245	51125365	150	0.001
9e120ba3-2374-4e42-8c53-8da2081ebe32	19	51130403	51142526	9	0.4447
9e120ba3-2374-4e42-8c53-8da2081ebe32	19	51148092	51639099	352	0.0049
9e120ba3-2374-4e42-8c53-8da2081ebe32	19	51639362	51652217	12	0.4241
9e120ba3-2374-4e42-8c53-8da2081ebe32	19	51652635	52712988	715	0.0387
9e120ba3-2374-4e42-8c53-8da2081ebe32	19	52719882	52903724	143	0.1489
9e120ba3-2374-4e42-8c53-8da2081ebe32	19	52904249	52982996	55	0.3031
9e120ba3-2374-4e42-8c53-8da2081ebe32	19	52983057	53013829	23	0.1018
9e120ba3-2374-4e42-8c53-8da2081ebe32	19	53015494	53053571	27	0.5584
9e120ba3-2374-4e42-8c53-8da2081ebe32	19	53055166	53563791	401	0.0554
9e120ba3-2374-4e42-8c53-8da2081ebe32	19	53564581	53872572	191	0.228
9e120ba3-2374-4e42-8c53-8da2081ebe32	19	53875419	54194014	143	0.0089
9e120ba3-2374-4e42-8c53-8da2081ebe32	19	54194272	54434666	119	0.1749
9e120ba3-2374-4e42-8c53-8da2081ebe32	19	54437283	54725849	189	0.0138
9e120ba3-2374-4e42-8c53-8da2081ebe32	19	54726927	54867244	53	0.2386
9e120ba3-2374-4e42-8c53-8da2081ebe32	19	54868000	54955584	55	0.004
9e120ba3-2374-4e42-8c53-8da2081ebe32	19	54970030	55002752	17	0.437
9e120ba3-2374-4e42-8c53-8da2081ebe32	19	55005440	55682391	297	0.0182
9e120ba3-2374-4e42-8c53-8da2081ebe32	19	55682641	55766684	59	0.2154
9e120ba3-2374-4e42-8c53-8da2081ebe32	19	55770704	55771169	3	-0.4425
9e120ba3-2374-4e42-8c53-8da2081ebe32	19	55771663	55771701	2	-1.9662
9e120ba3-2374-4e42-8c53-8da2081ebe32	19	55774927	55943522	165	0.0077
9e120ba3-2374-4e42-8c53-8da2081ebe32	19	55943971	56003968	63	0.2109
9e120ba3-2374-4e42-8c53-8da2081ebe32	19	56004509	56194937	90	-0.0247
9e120ba3-2374-4e42-8c53-8da2081ebe32	19	56195145	56243973	46	0.1999
9e120ba3-2374-4e42-8c53-8da2081ebe32	19	56247597	57813061	1052	0.0218
9e120ba3-2374-4e42-8c53-8da2081ebe32	19	57814633	57840921	9	0.4668
9e120ba3-2374-4e42-8c53-8da2081ebe32	19	57841154	58366859	312	0.0087
9e120ba3-2374-4e42-8c53-8da2081ebe32	19	58370362	58586487	101	0.3342
9e120ba3-2374-4e42-8c53-8da2081ebe32	20	80664	274100	153	0.0387
9e120ba3-2374-4e42-8c53-8da2081ebe32	20	274177	435382	98	0.2653
9e120ba3-2374-4e42-8c53-8da2081ebe32	20	435505	1590106	963	0.0518
9e120ba3-2374-4e42-8c53-8da2081ebe32	20	1590128	1613247	31	-0.4096
9e120ba3-2374-4e42-8c53-8da2081ebe32	20	1617300	3822799	1562	-0.0059
9e120ba3-2374-4e42-8c53-8da2081ebe32	20	3823017	3908874	43	0.2972
9e120ba3-2374-4e42-8c53-8da2081ebe32	20	3911249	4011202	52	0.0564
9e120ba3-2374-4e42-8c53-8da2081ebe32	20	4012707	4123473	97	0.3488
9e120ba3-2374-4e42-8c53-8da2081ebe32	20	4123863	4818690	618	-0.0031
9e120ba3-2374-4e42-8c53-8da2081ebe32	20	4819603	4846688	25	0.2096
9e120ba3-2374-4e42-8c53-8da2081ebe32	20	4846901	5417495	382	-0.011
9e120ba3-2374-4e42-8c53-8da2081ebe32	20	5417599	5780959	227	0.1272
9e120ba3-2374-4e42-8c53-8da2081ebe32	20	5781088	49560638	27420	0.004
9e120ba3-2374-4e42-8c53-8da2081ebe32	20	49563559	49820922	159	0.1302
9e120ba3-2374-4e42-8c53-8da2081ebe32	20	49821295	49953484	78	-0.054
9e120ba3-2374-4e42-8c53-8da2081ebe32	20	49955136	49999680	19	0.2195
9e120ba3-2374-4e42-8c53-8da2081ebe32	20	50001086	50162588	67	-0.0106
9e120ba3-2374-4e42-8c53-8da2081ebe32	20	50165621	50186081	11	0.5079
9e120ba3-2374-4e42-8c53-8da2081ebe32	20	50186457	56546702	4951	0.005
9e120ba3-2374-4e42-8c53-8da2081ebe32	20	56547663	56558355	6	0.549
9e120ba3-2374-4e42-8c53-8da2081ebe32	20	56560330	56719483	109	0.0231
9e120ba3-2374-4e42-8c53-8da2081ebe32	20	56720619	56772914	37	0.2964
9e120ba3-2374-4e42-8c53-8da2081ebe32	20	56774684	63080185	4766	0.0141
9e120ba3-2374-4e42-8c53-8da2081ebe32	20	63081166	63141749	38	0.3302
9e120ba3-2374-4e42-8c53-8da2081ebe32	20	63144417	63368850	69	0.0151
9e120ba3-2374-4e42-8c53-8da2081ebe32	20	63371227	63385537	4	0.5231
9e120ba3-2374-4e42-8c53-8da2081ebe32	20	63387314	63588484	58	0.0313
9e120ba3-2374-4e42-8c53-8da2081ebe32	20	63588502	64249281	282	0.3121
9e120ba3-2374-4e42-8c53-8da2081ebe32	20	64250193	64324800	31	0.0778
9e120ba3-2374-4e42-8c53-8da2081ebe32	21	10354168	10388383	5	0.4536
9e120ba3-2374-4e42-8c53-8da2081ebe32	21	10388521	10556313	44	0.0202
9e120ba3-2374-4e42-8c53-8da2081ebe32	21	10558268	13101978	56	0.2082
9e120ba3-2374-4e42-8c53-8da2081ebe32	21	13111368	36090867	16314	-0.0039
9e120ba3-2374-4e42-8c53-8da2081ebe32	21	36091333	36178019	53	0.242
9e120ba3-2374-4e42-8c53-8da2081ebe32	21	36178108	36183028	7	-0.2022
9e120ba3-2374-4e42-8c53-8da2081ebe32	21	36184927	36247216	50	0.1996
9e120ba3-2374-4e42-8c53-8da2081ebe32	21	36247984	39556573	2571	0.0055
9e120ba3-2374-4e42-8c53-8da2081ebe32	21	39556590	39608396	56	0.259
9e120ba3-2374-4e42-8c53-8da2081ebe32	21	39611851	43033459	2921	-0.0028
9e120ba3-2374-4e42-8c53-8da2081ebe32	21	43034042	43374861	92	0.3427
9e120ba3-2374-4e42-8c53-8da2081ebe32	21	43572694	44342833	321	-0.0137
9e120ba3-2374-4e42-8c53-8da2081ebe32	21	44343759	44448469	43	0.263
9e120ba3-2374-4e42-8c53-8da2081ebe32	21	44452104	44602612	87	-0.009
9e120ba3-2374-4e42-8c53-8da2081ebe32	21	44603656	44603796	4	0.7424
9e120ba3-2374-4e42-8c53-8da2081ebe32	21	44603809	45242946	396	0.0355
9e120ba3-2374-4e42-8c53-8da2081ebe32	21	45243875	45647830	219	0.3071
9e120ba3-2374-4e42-8c53-8da2081ebe32	21	45658230	46258860	324	0.0122
9e120ba3-2374-4e42-8c53-8da2081ebe32	21	46262057	46569891	190	0.1902
9e120ba3-2374-4e42-8c53-8da2081ebe32	21	46570095	46677045	90	0.0807
9e120ba3-2374-4e42-8c53-8da2081ebe32	22	15294547	17014661	299	0.0767
9e120ba3-2374-4e42-8c53-8da2081ebe32	22	17018144	17018618	2	0.9962
9e120ba3-2374-4e42-8c53-8da2081ebe32	22	17019000	18760941	834	0.0307
9e120ba3-2374-4e42-8c53-8da2081ebe32	22	18783014	19694232	475	0.1852
9e120ba3-2374-4e42-8c53-8da2081ebe32	22	19694298	20317352	400	0.3409
9e120ba3-2374-4e42-8c53-8da2081ebe32	22	20322846	21741482	791	0.2198
9e120ba3-2374-4e42-8c53-8da2081ebe32	22	21742513	21767860	25	-0.0228
9e120ba3-2374-4e42-8c53-8da2081ebe32	22	21768900	21776250	3	-1.5981
9e120ba3-2374-4e42-8c53-8da2081ebe32	22	21776836	21938623	70	0.0103
9e120ba3-2374-4e42-8c53-8da2081ebe32	22	21939017	21999583	54	0.2497
9e120ba3-2374-4e42-8c53-8da2081ebe32	22	21999789	22119549	165	0.0284
9e120ba3-2374-4e42-8c53-8da2081ebe32	22	22119654	22120255	5	-0.7289
9e120ba3-2374-4e42-8c53-8da2081ebe32	22	22127104	22154322	87	0.006
9e120ba3-2374-4e42-8c53-8da2081ebe32	22	22154363	23065939	619	0.1417
9e120ba3-2374-4e42-8c53-8da2081ebe32	22	23067591	23293931	156	0.2977
9e120ba3-2374-4e42-8c53-8da2081ebe32	22	23294354	23458354	96	0.1987
9e120ba3-2374-4e42-8c53-8da2081ebe32	22	23462773	23548649	69	0.0301
9e120ba3-2374-4e42-8c53-8da2081ebe32	22	23553602	23635326	41	0.267
9e120ba3-2374-4e42-8c53-8da2081ebe32	22	23637032	23987520	202	0.0807
9e120ba3-2374-4e42-8c53-8da2081ebe32	22	23988078	23990739	4	-1.4214
9e120ba3-2374-4e42-8c53-8da2081ebe32	22	23995113	24403213	213	0.0421
9e120ba3-2374-4e42-8c53-8da2081ebe32	22	24404890	24451106	23	0.3274
9e120ba3-2374-4e42-8c53-8da2081ebe32	22	24456667	24481808	18	0.1033
9e120ba3-2374-4e42-8c53-8da2081ebe32	22	24482250	24487560	8	0.303
9e120ba3-2374-4e42-8c53-8da2081ebe32	22	24489255	25225896	525	0.0096
9e120ba3-2374-4e42-8c53-8da2081ebe32	22	25226475	25265409	26	0.2062
9e120ba3-2374-4e42-8c53-8da2081ebe32	22	25265731	25522742	286	0.6681
9e120ba3-2374-4e42-8c53-8da2081ebe32	22	25526375	25550912	36	0.1563
9e120ba3-2374-4e42-8c53-8da2081ebe32	22	25553459	27705746	2175	0.0004
9e120ba3-2374-4e42-8c53-8da2081ebe32	22	27705774	27734084	33	0.2611
9e120ba3-2374-4e42-8c53-8da2081ebe32	22	27734142	29256169	844	-0.0048
9e120ba3-2374-4e42-8c53-8da2081ebe32	22	29257420	29257430	2	-1.3469
9e120ba3-2374-4e42-8c53-8da2081ebe32	22	29257717	29469995	129	0.0047
9e120ba3-2374-4e42-8c53-8da2081ebe32	22	29472866	29485839	9	0.4364
9e120ba3-2374-4e42-8c53-8da2081ebe32	22	29485895	31019501	871	-0.007
9e120ba3-2374-4e42-8c53-8da2081ebe32	22	31019850	31074065	26	0.2584
9e120ba3-2374-4e42-8c53-8da2081ebe32	22	31075987	31631827	302	0.0207
9e120ba3-2374-4e42-8c53-8da2081ebe32	22	31632679	31681068	22	0.3137
9e120ba3-2374-4e42-8c53-8da2081ebe32	22	31681261	35567386	3296	-0.0019
9e120ba3-2374-4e42-8c53-8da2081ebe32	22	35568111	35625767	47	0.2473
9e120ba3-2374-4e42-8c53-8da2081ebe32	22	35626299	36281286	382	0.0479
9e120ba3-2374-4e42-8c53-8da2081ebe32	22	36281354	36319792	37	0.3388
9e120ba3-2374-4e42-8c53-8da2081ebe32	22	36320269	38098157	1057	0.019
9e120ba3-2374-4e42-8c53-8da2081ebe32	22	38104375	38148291	31	0.4652
9e120ba3-2374-4e42-8c53-8da2081ebe32	22	38150693	38967614	435	0.0008
9e120ba3-2374-4e42-8c53-8da2081ebe32	22	38967679	38979302	23	-0.3196
9e120ba3-2374-4e42-8c53-8da2081ebe32	22	38993700	39205570	88	0.0435
9e120ba3-2374-4e42-8c53-8da2081ebe32	22	39207924	39222576	13	0.422
9e120ba3-2374-4e42-8c53-8da2081ebe32	22	39223357	39531505	144	-0.0008
9e120ba3-2374-4e42-8c53-8da2081ebe32	22	39531614	39582675	21	0.2231
9e120ba3-2374-4e42-8c53-8da2081ebe32	22	39584874	39912424	168	-0.0113
9e120ba3-2374-4e42-8c53-8da2081ebe32	22	39912696	39962376	43	0.1698
9e120ba3-2374-4e42-8c53-8da2081ebe32	22	39963386	40390482	215	-0.0283
9e120ba3-2374-4e42-8c53-8da2081ebe32	22	40390794	40419868	10	0.3469
9e120ba3-2374-4e42-8c53-8da2081ebe32	22	40428599	40749600	154	-0.0114
9e120ba3-2374-4e42-8c53-8da2081ebe32	22	40751321	40756027	3	-1.6709
9e120ba3-2374-4e42-8c53-8da2081ebe32	22	40757172	41901150	712	-0.0118
9e120ba3-2374-4e42-8c53-8da2081ebe32	22	41903281	41975550	36	0.4158
9e120ba3-2374-4e42-8c53-8da2081ebe32	22	41979300	42309365	179	-0.0212
9e120ba3-2374-4e42-8c53-8da2081ebe32	22	42314046	42331417	11	0.5417
9e120ba3-2374-4e42-8c53-8da2081ebe32	22	42331925	42380962	30	0.0023
9e120ba3-2374-4e42-8c53-8da2081ebe32	22	42385617	42585161	100	0.2697
9e120ba3-2374-4e42-8c53-8da2081ebe32	22	42586566	48929644	4887	0.0135
9e120ba3-2374-4e42-8c53-8da2081ebe32	22	48929714	50796027	1199	0.2394
9e120ba3-2374-4e42-8c53-8da2081ebe32	X	251810	155952689	83363	0.0028
9e120ba3-2374-4e42-8c53-8da2081ebe32	Y	2782397	6875084	911	-1.0081
9e120ba3-2374-4e42-8c53-8da2081ebe32	Y	6883528	7784803	440	-0.917
9e120ba3-2374-4e42-8c53-8da2081ebe32	Y	7785097	8514548	533	-1.0067
9e120ba3-2374-4e42-8c53-8da2081ebe32	Y	8514835	9318732	337	-0.9273
9e120ba3-2374-4e42-8c53-8da2081ebe32	Y	9323688	9549835	26	-0.64
9e120ba3-2374-4e42-8c53-8da2081ebe32	Y	9550385	12571673	606	-0.9271
9e120ba3-2374-4e42-8c53-8da2081ebe32	Y	12571943	15802135	1632	-0.9915
9e120ba3-2374-4e42-8c53-8da2081ebe32	Y	15804153	17086460	548	-1.0541
9e120ba3-2374-4e42-8c53-8da2081ebe32	Y	17089693	56872112	1605	-0.9555
