GDC_Aliquot	Chromosome	Start	End	Num_Probes	Segment_Mean
ac413594-8e06-43d4-bf8b-704ff567c26a	1	62920	15827002	8329	-0.0091
ac413594-8e06-43d4-bf8b-704ff567c26a	1	15827041	15827430	5	-1.8702
ac413594-8e06-43d4-bf8b-704ff567c26a	1	15827706	16041638	90	-0.0611
ac413594-8e06-43d4-bf8b-704ff567c26a	1	16041908	16042482	2	-2.4302
ac413594-8e06-43d4-bf8b-704ff567c26a	1	16047835	61647091	27012	-0.0097
ac413594-8e06-43d4-bf8b-704ff567c26a	1	61647430	61649279	3	-1.7543
ac413594-8e06-43d4-bf8b-704ff567c26a	1	61652515	72284670	7273	0.0031
ac413594-8e06-43d4-bf8b-704ff567c26a	1	72290430	72297687	9	-0.6877
ac413594-8e06-43d4-bf8b-704ff567c26a	1	72302735	72305684	6	0.0576
ac413594-8e06-43d4-bf8b-704ff567c26a	1	72305835	72362629	56	0.2989
ac413594-8e06-43d4-bf8b-704ff567c26a	1	72362638	105459540	20906	0.0022
ac413594-8e06-43d4-bf8b-704ff567c26a	1	105470132	105481433	20	0.7641
ac413594-8e06-43d4-bf8b-704ff567c26a	1	105481448	109690352	2634	0.0056
ac413594-8e06-43d4-bf8b-704ff567c26a	1	109690415	109697556	12	-1.4135
ac413594-8e06-43d4-bf8b-704ff567c26a	1	109702376	110788378	800	-0.0043
ac413594-8e06-43d4-bf8b-704ff567c26a	1	110789023	110880054	115	0.1695
ac413594-8e06-43d4-bf8b-704ff567c26a	1	110881776	120146498	6109	-0.0095
ac413594-8e06-43d4-bf8b-704ff567c26a	1	120370887	145664420	248	0.1854
ac413594-8e06-43d4-bf8b-704ff567c26a	1	145670653	152583051	2290	-0.0005
ac413594-8e06-43d4-bf8b-704ff567c26a	1	152583230	152614100	34	-1.4913
ac413594-8e06-43d4-bf8b-704ff567c26a	1	152614118	152787202	168	-0.0412
ac413594-8e06-43d4-bf8b-704ff567c26a	1	152789447	152795006	22	0.6146
ac413594-8e06-43d4-bf8b-704ff567c26a	1	152795027	152795783	10	0.9742
ac413594-8e06-43d4-bf8b-704ff567c26a	1	152795805	157183612	2279	-0.0161
ac413594-8e06-43d4-bf8b-704ff567c26a	1	157184086	157188465	4	-1.1256
ac413594-8e06-43d4-bf8b-704ff567c26a	1	157188781	159958008	2040	-0.0124
ac413594-8e06-43d4-bf8b-704ff567c26a	1	159958269	159958921	2	-2.2093
ac413594-8e06-43d4-bf8b-704ff567c26a	1	159961349	169017136	6755	-0.0166
ac413594-8e06-43d4-bf8b-704ff567c26a	1	169017254	169038604	15	-0.6258
ac413594-8e06-43d4-bf8b-704ff567c26a	1	169039274	169247699	178	-0.0349
ac413594-8e06-43d4-bf8b-704ff567c26a	1	169264736	169272528	7	-1.8175
ac413594-8e06-43d4-bf8b-704ff567c26a	1	169273163	174827267	3509	-0.0052
ac413594-8e06-43d4-bf8b-704ff567c26a	1	174827418	174832702	16	-2.2882
ac413594-8e06-43d4-bf8b-704ff567c26a	1	174832716	187744309	8661	-0.0058
ac413594-8e06-43d4-bf8b-704ff567c26a	1	187745476	187752238	6	-1.0833
ac413594-8e06-43d4-bf8b-704ff567c26a	1	187755479	189308416	985	0.0163
ac413594-8e06-43d4-bf8b-704ff567c26a	1	189309274	189687970	251	0.1523
ac413594-8e06-43d4-bf8b-704ff567c26a	1	189691163	196735966	4712	0.0271
ac413594-8e06-43d4-bf8b-704ff567c26a	1	196736037	196973325	154	0.3557
ac413594-8e06-43d4-bf8b-704ff567c26a	1	196974508	199138574	1290	-0.0262
ac413594-8e06-43d4-bf8b-704ff567c26a	1	199142235	199144712	9	-1.6995
ac413594-8e06-43d4-bf8b-704ff567c26a	1	199145110	215318153	11117	-0.0071
ac413594-8e06-43d4-bf8b-704ff567c26a	1	215320126	215325761	6	-0.9255
ac413594-8e06-43d4-bf8b-704ff567c26a	1	215327688	220764449	3801	0.0063
ac413594-8e06-43d4-bf8b-704ff567c26a	1	220766406	220777663	12	-0.8193
ac413594-8e06-43d4-bf8b-704ff567c26a	1	220777793	242960635	15685	0.0016
ac413594-8e06-43d4-bf8b-704ff567c26a	1	242966050	243119182	30	0.4233
ac413594-8e06-43d4-bf8b-704ff567c26a	1	243129825	246477341	2296	0.0049
ac413594-8e06-43d4-bf8b-704ff567c26a	1	246479836	246482495	2	-2.1434
ac413594-8e06-43d4-bf8b-704ff567c26a	1	246488245	247897078	892	0.0209
ac413594-8e06-43d4-bf8b-704ff567c26a	1	247897239	248524859	347	0.1687
ac413594-8e06-43d4-bf8b-704ff567c26a	1	248525264	248596046	18	-0.1675
ac413594-8e06-43d4-bf8b-704ff567c26a	1	248599627	248645563	23	-0.7214
ac413594-8e06-43d4-bf8b-704ff567c26a	1	248645808	248930189	140	0.107
ac413594-8e06-43d4-bf8b-704ff567c26a	2	12784	13062181	9991	0.0041
ac413594-8e06-43d4-bf8b-704ff567c26a	2	13062541	13088548	13	0.6272
ac413594-8e06-43d4-bf8b-704ff567c26a	2	13088971	13101607	4	-0.1352
ac413594-8e06-43d4-bf8b-704ff567c26a	2	13102073	13144180	26	0.594
ac413594-8e06-43d4-bf8b-704ff567c26a	2	13144785	34466002	14011	0.0013
ac413594-8e06-43d4-bf8b-704ff567c26a	2	34474248	34511990	46	-1.7273
ac413594-8e06-43d4-bf8b-704ff567c26a	2	34512096	35594378	735	0.0357
ac413594-8e06-43d4-bf8b-704ff567c26a	2	35597802	35752875	138	0.2232
ac413594-8e06-43d4-bf8b-704ff567c26a	2	35759563	50650564	10830	0.0001
ac413594-8e06-43d4-bf8b-704ff567c26a	2	50651031	50694794	41	0.2328
ac413594-8e06-43d4-bf8b-704ff567c26a	2	50696595	50698702	4	-0.8641
ac413594-8e06-43d4-bf8b-704ff567c26a	2	50700120	51152471	303	0.1422
ac413594-8e06-43d4-bf8b-704ff567c26a	2	51155789	52531977	948	0.0375
ac413594-8e06-43d4-bf8b-704ff567c26a	2	52537070	52553699	12	-0.5504
ac413594-8e06-43d4-bf8b-704ff567c26a	2	52553839	54195834	1241	0.01
ac413594-8e06-43d4-bf8b-704ff567c26a	2	54196860	54207604	8	-0.8001
ac413594-8e06-43d4-bf8b-704ff567c26a	2	54207695	54402189	152	-0.0303
ac413594-8e06-43d4-bf8b-704ff567c26a	2	54406340	54407107	2	-2.4015
ac413594-8e06-43d4-bf8b-704ff567c26a	2	54407568	60257220	4029	0.0039
ac413594-8e06-43d4-bf8b-704ff567c26a	2	60257372	60257545	2	-1.8229
ac413594-8e06-43d4-bf8b-704ff567c26a	2	60257774	66391022	3568	-0.0148
ac413594-8e06-43d4-bf8b-704ff567c26a	2	66397244	66415973	5	-1.2275
ac413594-8e06-43d4-bf8b-704ff567c26a	2	66417342	68515331	1513	0.0055
ac413594-8e06-43d4-bf8b-704ff567c26a	2	68515361	68520941	4	1.0482
ac413594-8e06-43d4-bf8b-704ff567c26a	2	68524491	68596153	38	0.0625
ac413594-8e06-43d4-bf8b-704ff567c26a	2	68596173	68608137	7	0.6393
ac413594-8e06-43d4-bf8b-704ff567c26a	2	68609403	68650833	20	-0.0088
ac413594-8e06-43d4-bf8b-704ff567c26a	2	68653679	68654481	2	-1.8154
ac413594-8e06-43d4-bf8b-704ff567c26a	2	68655815	76629075	4956	-0.017
ac413594-8e06-43d4-bf8b-704ff567c26a	2	76629207	79120446	1642	0.0408
ac413594-8e06-43d4-bf8b-704ff567c26a	2	79120619	79122246	3	-1.6791
ac413594-8e06-43d4-bf8b-704ff567c26a	2	79122932	87086146	4788	0.0013
ac413594-8e06-43d4-bf8b-704ff567c26a	2	87087002	87877400	126	0.1847
ac413594-8e06-43d4-bf8b-704ff567c26a	2	87892388	88938545	541	-0.0229
ac413594-8e06-43d4-bf8b-704ff567c26a	2	88940206	94675975	306	0.2328
ac413594-8e06-43d4-bf8b-704ff567c26a	2	94680914	97091849	809	0.0174
ac413594-8e06-43d4-bf8b-704ff567c26a	2	97093216	97642429	98	0.2587
ac413594-8e06-43d4-bf8b-704ff567c26a	2	97643270	106258193	5537	-0.0001
ac413594-8e06-43d4-bf8b-704ff567c26a	2	106258266	106268901	13	0.6497
ac413594-8e06-43d4-bf8b-704ff567c26a	2	106270799	110179524	2155	0.0023
ac413594-8e06-43d4-bf8b-704ff567c26a	2	110184573	110184619	2	-1.9566
ac413594-8e06-43d4-bf8b-704ff567c26a	2	110185239	110631055	26	0.1931
ac413594-8e06-43d4-bf8b-704ff567c26a	2	110639188	111482755	442	-0.0054
ac413594-8e06-43d4-bf8b-704ff567c26a	2	111483498	111511630	10	0.5185
ac413594-8e06-43d4-bf8b-704ff567c26a	2	111519763	111522564	3	-1.9346
ac413594-8e06-43d4-bf8b-704ff567c26a	2	111529956	116727503	3044	0.0039
ac413594-8e06-43d4-bf8b-704ff567c26a	2	116728336	116867887	65	0.1574
ac413594-8e06-43d4-bf8b-704ff567c26a	2	116872015	116872027	4	1.0945
ac413594-8e06-43d4-bf8b-704ff567c26a	2	116872896	117175447	178	0.154
ac413594-8e06-43d4-bf8b-704ff567c26a	2	117176374	123296838	3971	-0.0003
ac413594-8e06-43d4-bf8b-704ff567c26a	2	123297301	125694336	1532	0.0795
ac413594-8e06-43d4-bf8b-704ff567c26a	2	125694355	131956771	3448	0.0069
ac413594-8e06-43d4-bf8b-704ff567c26a	2	131962142	132562078	257	0.1542
ac413594-8e06-43d4-bf8b-704ff567c26a	2	132562488	145120288	8069	0.0084
ac413594-8e06-43d4-bf8b-704ff567c26a	2	145129017	145130010	2	-2.3534
ac413594-8e06-43d4-bf8b-704ff567c26a	2	145130666	146106861	576	-0.0052
ac413594-8e06-43d4-bf8b-704ff567c26a	2	146106875	146109366	22	-1.5962
ac413594-8e06-43d4-bf8b-704ff567c26a	2	146120238	153625846	4627	-0.0019
ac413594-8e06-43d4-bf8b-704ff567c26a	2	153626180	153659580	22	0.5037
ac413594-8e06-43d4-bf8b-704ff567c26a	2	153660142	185400292	19528	0.0056
ac413594-8e06-43d4-bf8b-704ff567c26a	2	185402188	186031936	308	0.1458
ac413594-8e06-43d4-bf8b-704ff567c26a	2	186032030	194759671	4836	0.0223
ac413594-8e06-43d4-bf8b-704ff567c26a	2	194763444	195304739	324	0.1756
ac413594-8e06-43d4-bf8b-704ff567c26a	2	195306144	207481338	7265	0.0059
ac413594-8e06-43d4-bf8b-704ff567c26a	2	207485210	207494795	28	-0.65
ac413594-8e06-43d4-bf8b-704ff567c26a	2	207494836	212300067	3010	0.015
ac413594-8e06-43d4-bf8b-704ff567c26a	2	212300502	212316597	23	0.4424
ac413594-8e06-43d4-bf8b-704ff567c26a	2	212321824	212325660	15	-0.9044
ac413594-8e06-43d4-bf8b-704ff567c26a	2	212325966	226384101	9188	0.007
ac413594-8e06-43d4-bf8b-704ff567c26a	2	226384261	226384520	2	-2.2688
ac413594-8e06-43d4-bf8b-704ff567c26a	2	226386710	240671904	9198	0.0021
ac413594-8e06-43d4-bf8b-704ff567c26a	2	240686640	240705394	3	-1.5145
ac413594-8e06-43d4-bf8b-704ff567c26a	2	240705517	242147305	603	0.0153
ac413594-8e06-43d4-bf8b-704ff567c26a	3	20930	6964857	6109	0.0524
ac413594-8e06-43d4-bf8b-704ff567c26a	3	6965193	21027432	9616	-0.0091
ac413594-8e06-43d4-bf8b-704ff567c26a	3	21030137	22837800	1475	0.0595
ac413594-8e06-43d4-bf8b-704ff567c26a	3	22838058	24210211	824	-0.0076
ac413594-8e06-43d4-bf8b-704ff567c26a	3	24214614	24214926	2	-2.0265
ac413594-8e06-43d4-bf8b-704ff567c26a	3	24215815	52300577	17310	0.001
ac413594-8e06-43d4-bf8b-704ff567c26a	3	52315396	52320231	2	-3.2548
ac413594-8e06-43d4-bf8b-704ff567c26a	3	52320756	52989195	332	-0.0136
ac413594-8e06-43d4-bf8b-704ff567c26a	3	52994359	53005100	37	-0.71
ac413594-8e06-43d4-bf8b-704ff567c26a	3	53005201	65203560	9544	0.0094
ac413594-8e06-43d4-bf8b-704ff567c26a	3	65203644	65214027	30	-0.7197
ac413594-8e06-43d4-bf8b-704ff567c26a	3	65214192	65218037	10	0.0078
ac413594-8e06-43d4-bf8b-704ff567c26a	3	65221229	65224777	11	-1.1826
ac413594-8e06-43d4-bf8b-704ff567c26a	3	65230674	68697013	2419	-0.0022
ac413594-8e06-43d4-bf8b-704ff567c26a	3	68697108	68698262	14	1.0465
ac413594-8e06-43d4-bf8b-704ff567c26a	3	68699607	75342786	4852	-0.0026
ac413594-8e06-43d4-bf8b-704ff567c26a	3	75342927	75466940	49	-0.565
ac413594-8e06-43d4-bf8b-704ff567c26a	3	75478031	75499583	14	-0.1864
ac413594-8e06-43d4-bf8b-704ff567c26a	3	75500567	75909004	100	0.2172
ac413594-8e06-43d4-bf8b-704ff567c26a	3	75910220	84809725	4999	0.0208
ac413594-8e06-43d4-bf8b-704ff567c26a	3	84819683	84821735	3	-1.2797
ac413594-8e06-43d4-bf8b-704ff567c26a	3	84821836	87785260	1658	0.0435
ac413594-8e06-43d4-bf8b-704ff567c26a	3	87786018	87796807	5	-0.8615
ac413594-8e06-43d4-bf8b-704ff567c26a	3	87798026	87883160	40	0.0971
ac413594-8e06-43d4-bf8b-704ff567c26a	3	87888244	87897100	5	0.6863
ac413594-8e06-43d4-bf8b-704ff567c26a	3	87897168	89210883	725	0.0035
ac413594-8e06-43d4-bf8b-704ff567c26a	3	89211124	89211843	5	0.9504
ac413594-8e06-43d4-bf8b-704ff567c26a	3	89211911	89336737	153	0.0011
ac413594-8e06-43d4-bf8b-704ff567c26a	3	89337324	89376664	62	0.2316
ac413594-8e06-43d4-bf8b-704ff567c26a	3	89376731	91462299	380	0.0139
ac413594-8e06-43d4-bf8b-704ff567c26a	3	93800634	94001836	79	0.237
ac413594-8e06-43d4-bf8b-704ff567c26a	3	94005441	108877854	8608	0.0057
ac413594-8e06-43d4-bf8b-704ff567c26a	3	108878889	109072645	154	0.2
ac413594-8e06-43d4-bf8b-704ff567c26a	3	109077096	130035506	12713	-0.0041
ac413594-8e06-43d4-bf8b-704ff567c26a	3	130035762	130074811	33	0.4653
ac413594-8e06-43d4-bf8b-704ff567c26a	3	130075130	146674197	10390	0.003
ac413594-8e06-43d4-bf8b-704ff567c26a	3	146675288	146843488	96	0.1783
ac413594-8e06-43d4-bf8b-704ff567c26a	3	146847229	146856651	8	-0.5234
ac413594-8e06-43d4-bf8b-704ff567c26a	3	146857734	147590316	370	0.1103
ac413594-8e06-43d4-bf8b-704ff567c26a	3	147590336	151807265	2714	-0.0023
ac413594-8e06-43d4-bf8b-704ff567c26a	3	151807536	151812525	3	-1.2964
ac413594-8e06-43d4-bf8b-704ff567c26a	3	151814106	152629479	513	-0.0089
ac413594-8e06-43d4-bf8b-704ff567c26a	3	152629693	152632481	11	0.5761
ac413594-8e06-43d4-bf8b-704ff567c26a	3	152632536	161728951	5412	-0.0013
ac413594-8e06-43d4-bf8b-704ff567c26a	3	161730019	161797734	47	0.3011
ac413594-8e06-43d4-bf8b-704ff567c26a	3	161797809	162174057	275	0.0545
ac413594-8e06-43d4-bf8b-704ff567c26a	3	162176883	162186942	9	0.647
ac413594-8e06-43d4-bf8b-704ff567c26a	3	162190518	162235401	38	0.1059
ac413594-8e06-43d4-bf8b-704ff567c26a	3	162235786	162239158	6	0.5878
ac413594-8e06-43d4-bf8b-704ff567c26a	3	162243614	162405578	79	-0.04
ac413594-8e06-43d4-bf8b-704ff567c26a	3	162419812	162424900	13	-0.621
ac413594-8e06-43d4-bf8b-704ff567c26a	3	162424917	162790480	258	0.0556
ac413594-8e06-43d4-bf8b-704ff567c26a	3	162794869	162849883	32	0.9875
ac413594-8e06-43d4-bf8b-704ff567c26a	3	162849938	162908192	37	0.5032
ac413594-8e06-43d4-bf8b-704ff567c26a	3	162908207	163050008	111	0.2327
ac413594-8e06-43d4-bf8b-704ff567c26a	3	163053054	165817669	1557	0.0524
ac413594-8e06-43d4-bf8b-704ff567c26a	3	165818310	166177080	201	0.1965
ac413594-8e06-43d4-bf8b-704ff567c26a	3	166177239	166869636	399	0.0496
ac413594-8e06-43d4-bf8b-704ff567c26a	3	166870271	166914405	21	0.3278
ac413594-8e06-43d4-bf8b-704ff567c26a	3	166915121	172284372	3222	0.0051
ac413594-8e06-43d4-bf8b-704ff567c26a	3	172285165	172285431	4	1.0289
ac413594-8e06-43d4-bf8b-704ff567c26a	3	172286880	173589121	870	0.0075
ac413594-8e06-43d4-bf8b-704ff567c26a	3	173589816	173593604	8	1.0036
ac413594-8e06-43d4-bf8b-704ff567c26a	3	173600320	175403815	1301	0.0348
ac413594-8e06-43d4-bf8b-704ff567c26a	3	175403980	175911152	311	0.1475
ac413594-8e06-43d4-bf8b-704ff567c26a	3	175916841	175917527	2	-0.7837
ac413594-8e06-43d4-bf8b-704ff567c26a	3	175919865	193155915	11133	0.0127
ac413594-8e06-43d4-bf8b-704ff567c26a	3	193156958	193165114	21	0.4609
ac413594-8e06-43d4-bf8b-704ff567c26a	3	193168646	194879838	1139	-0.0047
ac413594-8e06-43d4-bf8b-704ff567c26a	3	194883193	194883325	2	-1.4038
ac413594-8e06-43d4-bf8b-704ff567c26a	3	194885923	194941224	42	0.2461
ac413594-8e06-43d4-bf8b-704ff567c26a	3	194948867	194952897	2	-2.4984
ac413594-8e06-43d4-bf8b-704ff567c26a	3	194953385	196937288	882	0.009
ac413594-8e06-43d4-bf8b-704ff567c26a	3	196938927	196950538	8	-0.8629
ac413594-8e06-43d4-bf8b-704ff567c26a	3	196951464	198169247	613	0.0585
ac413594-8e06-43d4-bf8b-704ff567c26a	4	68929	3876063	1563	0.0037
ac413594-8e06-43d4-bf8b-704ff567c26a	4	3877891	4174902	76	0.3117
ac413594-8e06-43d4-bf8b-704ff567c26a	4	4175446	9455251	3504	0.0155
ac413594-8e06-43d4-bf8b-704ff567c26a	4	9459504	9477699	6	1.2712
ac413594-8e06-43d4-bf8b-704ff567c26a	4	9484440	10208766	538	-0.0072
ac413594-8e06-43d4-bf8b-704ff567c26a	4	10221792	10233644	35	-1.5714
ac413594-8e06-43d4-bf8b-704ff567c26a	4	10234518	34785333	16947	0.0015
ac413594-8e06-43d4-bf8b-704ff567c26a	4	34785368	34822561	35	-0.4238
ac413594-8e06-43d4-bf8b-704ff567c26a	4	34823103	49037909	8926	0.0089
ac413594-8e06-43d4-bf8b-704ff567c26a	4	49045189	51820017	60	0.5017
ac413594-8e06-43d4-bf8b-704ff567c26a	4	51822949	62475847	6807	0.0029
ac413594-8e06-43d4-bf8b-704ff567c26a	4	62476879	62477788	2	-1.5832
ac413594-8e06-43d4-bf8b-704ff567c26a	4	62482900	65736606	1982	0.0306
ac413594-8e06-43d4-bf8b-704ff567c26a	4	65736941	65767139	34	0.3603
ac413594-8e06-43d4-bf8b-704ff567c26a	4	65770337	68361130	1595	0.0108
ac413594-8e06-43d4-bf8b-704ff567c26a	4	68378716	68509237	25	0.2904
ac413594-8e06-43d4-bf8b-704ff567c26a	4	68509442	68620261	62	0.609
ac413594-8e06-43d4-bf8b-704ff567c26a	4	68623617	69433003	407	0.1769
ac413594-8e06-43d4-bf8b-704ff567c26a	4	69433747	90363792	13058	0.005
ac413594-8e06-43d4-bf8b-704ff567c26a	4	90366001	90370365	9	-1.4365
ac413594-8e06-43d4-bf8b-704ff567c26a	4	90373217	91452878	648	0.0016
ac413594-8e06-43d4-bf8b-704ff567c26a	4	91457930	91560923	70	0.2455
ac413594-8e06-43d4-bf8b-704ff567c26a	4	91563123	111427187	11662	0.0086
ac413594-8e06-43d4-bf8b-704ff567c26a	4	111427206	111466449	37	0.3759
ac413594-8e06-43d4-bf8b-704ff567c26a	4	111469313	114252456	1768	0.0107
ac413594-8e06-43d4-bf8b-704ff567c26a	4	114252472	114261019	26	0.8102
ac413594-8e06-43d4-bf8b-704ff567c26a	4	114263073	172066777	35005	0.0194
ac413594-8e06-43d4-bf8b-704ff567c26a	4	172067997	172068382	12	-1.2961
ac413594-8e06-43d4-bf8b-704ff567c26a	4	172074828	172492746	223	0.0322
ac413594-8e06-43d4-bf8b-704ff567c26a	4	172501121	172507492	14	0.6049
ac413594-8e06-43d4-bf8b-704ff567c26a	4	172519981	177666684	3085	0.0074
ac413594-8e06-43d4-bf8b-704ff567c26a	4	177675377	177677394	25	0.3863
ac413594-8e06-43d4-bf8b-704ff567c26a	4	177677607	178306444	422	0.0455
ac413594-8e06-43d4-bf8b-704ff567c26a	4	178311052	178606348	229	0.1662
ac413594-8e06-43d4-bf8b-704ff567c26a	4	178615158	178615856	4	-0.924
ac413594-8e06-43d4-bf8b-704ff567c26a	4	178618258	178769724	111	0.1834
ac413594-8e06-43d4-bf8b-704ff567c26a	4	178769867	180632625	1364	0.0266
ac413594-8e06-43d4-bf8b-704ff567c26a	4	180633964	181170142	381	0.151
ac413594-8e06-43d4-bf8b-704ff567c26a	4	181170296	184906876	2758	0.0152
ac413594-8e06-43d4-bf8b-704ff567c26a	4	184907164	184907523	2	-1.9662
ac413594-8e06-43d4-bf8b-704ff567c26a	4	184912855	188312140	2333	0.0264
ac413594-8e06-43d4-bf8b-704ff567c26a	4	188312815	190106768	1113	0.123
ac413594-8e06-43d4-bf8b-704ff567c26a	5	15532	698390	309	-0.0017
ac413594-8e06-43d4-bf8b-704ff567c26a	5	717264	773453	24	0.906
ac413594-8e06-43d4-bf8b-704ff567c26a	5	779766	12800777	9846	0.013
ac413594-8e06-43d4-bf8b-704ff567c26a	5	12815668	12838421	14	-1.1871
ac413594-8e06-43d4-bf8b-704ff567c26a	5	12849089	15390500	1775	0.0098
ac413594-8e06-43d4-bf8b-704ff567c26a	5	15400648	15887247	299	0.1483
ac413594-8e06-43d4-bf8b-704ff567c26a	5	15890563	20379412	2797	0.0185
ac413594-8e06-43d4-bf8b-704ff567c26a	5	20385448	20892560	312	0.1371
ac413594-8e06-43d4-bf8b-704ff567c26a	5	20895970	21361673	268	-0.0121
ac413594-8e06-43d4-bf8b-704ff567c26a	5	21370455	21583145	88	0.2709
ac413594-8e06-43d4-bf8b-704ff567c26a	5	21583342	25053532	2041	0.0094
ac413594-8e06-43d4-bf8b-704ff567c26a	5	25053895	25331812	154	0.2262
ac413594-8e06-43d4-bf8b-704ff567c26a	5	25333904	28635718	1924	0.0067
ac413594-8e06-43d4-bf8b-704ff567c26a	5	28635768	28719384	61	0.2798
ac413594-8e06-43d4-bf8b-704ff567c26a	5	28719574	29077794	223	0.0146
ac413594-8e06-43d4-bf8b-704ff567c26a	5	29077809	29082473	10	-1.058
ac413594-8e06-43d4-bf8b-704ff567c26a	5	29082547	34087401	3428	-0.0013
ac413594-8e06-43d4-bf8b-704ff567c26a	5	34091143	34412164	109	0.2233
ac413594-8e06-43d4-bf8b-704ff567c26a	5	34414432	35015093	408	-0.0039
ac413594-8e06-43d4-bf8b-704ff567c26a	5	35022929	35023681	3	-1.1697
ac413594-8e06-43d4-bf8b-704ff567c26a	5	35024513	45336399	6239	-0.0052
ac413594-8e06-43d4-bf8b-704ff567c26a	5	45337870	50684769	522	0.1685
ac413594-8e06-43d4-bf8b-704ff567c26a	5	50684968	58025819	4853	0.002
ac413594-8e06-43d4-bf8b-704ff567c26a	5	58030200	58037706	32	1.0817
ac413594-8e06-43d4-bf8b-704ff567c26a	5	58042530	64790240	4254	0.0125
ac413594-8e06-43d4-bf8b-704ff567c26a	5	64791196	64792362	2	-2.0313
ac413594-8e06-43d4-bf8b-704ff567c26a	5	64794740	66963782	1387	-0.0026
ac413594-8e06-43d4-bf8b-704ff567c26a	5	66966022	66976257	8	-0.4131
ac413594-8e06-43d4-bf8b-704ff567c26a	5	66978838	66979510	4	-1.2349
ac413594-8e06-43d4-bf8b-704ff567c26a	5	66979686	71010832	1647	-0.0114
ac413594-8e06-43d4-bf8b-704ff567c26a	5	71010901	71358245	8	1.0592
ac413594-8e06-43d4-bf8b-704ff567c26a	5	71364924	76133449	3087	-0.0083
ac413594-8e06-43d4-bf8b-704ff567c26a	5	76135614	76154548	41	-0.3382
ac413594-8e06-43d4-bf8b-704ff567c26a	5	76154637	83923655	4889	-0.0157
ac413594-8e06-43d4-bf8b-704ff567c26a	5	83924249	85858687	1069	0.0288
ac413594-8e06-43d4-bf8b-704ff567c26a	5	85860280	85916095	30	0.3509
ac413594-8e06-43d4-bf8b-704ff567c26a	5	85917406	92919459	3738	0.0199
ac413594-8e06-43d4-bf8b-704ff567c26a	5	92921358	99164961	3554	-0.0046
ac413594-8e06-43d4-bf8b-704ff567c26a	5	99165649	100740230	890	0.1521
ac413594-8e06-43d4-bf8b-704ff567c26a	5	100740737	101651543	528	0.022
ac413594-8e06-43d4-bf8b-704ff567c26a	5	101651869	101947464	234	0.2256
ac413594-8e06-43d4-bf8b-704ff567c26a	5	101948661	104370762	1354	0.0124
ac413594-8e06-43d4-bf8b-704ff567c26a	5	104373645	104378182	4	0.9435
ac413594-8e06-43d4-bf8b-704ff567c26a	5	104378724	104515520	78	0.0689
ac413594-8e06-43d4-bf8b-704ff567c26a	5	104524672	104524903	4	1.1493
ac413594-8e06-43d4-bf8b-704ff567c26a	5	104525348	105100942	448	0.0005
ac413594-8e06-43d4-bf8b-704ff567c26a	5	105101012	105311213	145	0.2008
ac413594-8e06-43d4-bf8b-704ff567c26a	5	105311825	106778109	734	0.002
ac413594-8e06-43d4-bf8b-704ff567c26a	5	106778283	106897416	98	0.27
ac413594-8e06-43d4-bf8b-704ff567c26a	5	106904875	140839137	21750	0.0069
ac413594-8e06-43d4-bf8b-704ff567c26a	5	140844251	140864171	13	-1.603
ac413594-8e06-43d4-bf8b-704ff567c26a	5	140872578	172731670	21847	0.0014
ac413594-8e06-43d4-bf8b-704ff567c26a	5	172732234	172735813	2	-1.6908
ac413594-8e06-43d4-bf8b-704ff567c26a	5	172735933	173775504	742	0.0055
ac413594-8e06-43d4-bf8b-704ff567c26a	5	173778055	173778869	6	-1.1214
ac413594-8e06-43d4-bf8b-704ff567c26a	5	173779213	181082910	4266	0.0017
ac413594-8e06-43d4-bf8b-704ff567c26a	5	181083947	181085315	2	-2.079
ac413594-8e06-43d4-bf8b-704ff567c26a	5	181091765	181363319	111	-0.1039
ac413594-8e06-43d4-bf8b-704ff567c26a	6	149661	174834	14	0.497
ac413594-8e06-43d4-bf8b-704ff567c26a	6	174988	245187	70	0.0362
ac413594-8e06-43d4-bf8b-704ff567c26a	6	245232	365138	108	0.3179
ac413594-8e06-43d4-bf8b-704ff567c26a	6	365720	29869295	21420	0.0048
ac413594-8e06-43d4-bf8b-704ff567c26a	6	29869410	29882497	18	0.6044
ac413594-8e06-43d4-bf8b-704ff567c26a	6	29882589	31318528	661	-0.006
ac413594-8e06-43d4-bf8b-704ff567c26a	6	31318754	31342147	10	1.1225
ac413594-8e06-43d4-bf8b-704ff567c26a	6	31349570	32722250	606	-0.0243
ac413594-8e06-43d4-bf8b-704ff567c26a	6	32723020	32723035	2	2.0188
ac413594-8e06-43d4-bf8b-704ff567c26a	6	32723053	52746320	12642	-0.0017
ac413594-8e06-43d4-bf8b-704ff567c26a	6	52746586	52800741	49	0.2967
ac413594-8e06-43d4-bf8b-704ff567c26a	6	52800766	54066286	943	-0.011
ac413594-8e06-43d4-bf8b-704ff567c26a	6	54066353	54067057	7	-1.005
ac413594-8e06-43d4-bf8b-704ff567c26a	6	54070550	55964252	1210	0.0182
ac413594-8e06-43d4-bf8b-704ff567c26a	6	55965065	55978531	7	-0.8891
ac413594-8e06-43d4-bf8b-704ff567c26a	6	55978862	57434511	774	-0.0112
ac413594-8e06-43d4-bf8b-704ff567c26a	6	57791244	61823514	761	0.1833
ac413594-8e06-43d4-bf8b-704ff567c26a	6	61823563	67692636	3669	0.032
ac413594-8e06-43d4-bf8b-704ff567c26a	6	67693139	67698636	5	0.6575
ac413594-8e06-43d4-bf8b-704ff567c26a	6	67700814	67913200	123	0.1827
ac413594-8e06-43d4-bf8b-704ff567c26a	6	67918139	67922829	5	0.8104
ac413594-8e06-43d4-bf8b-704ff567c26a	6	67927925	73882142	3818	0.0164
ac413594-8e06-43d4-bf8b-704ff567c26a	6	73882509	73893839	11	0.7059
ac413594-8e06-43d4-bf8b-704ff567c26a	6	73893889	76710720	1756	0.0069
ac413594-8e06-43d4-bf8b-704ff567c26a	6	76711665	76758749	35	-0.411
ac413594-8e06-43d4-bf8b-704ff567c26a	6	76758871	78205838	929	0.0293
ac413594-8e06-43d4-bf8b-704ff567c26a	6	78208159	78325468	155	0.4254
ac413594-8e06-43d4-bf8b-704ff567c26a	6	78329517	80566375	1424	0.0044
ac413594-8e06-43d4-bf8b-704ff567c26a	6	80566395	80575042	10	0.6194
ac413594-8e06-43d4-bf8b-704ff567c26a	6	80575241	82573474	1310	0.0267
ac413594-8e06-43d4-bf8b-704ff567c26a	6	82575015	82579170	3	-1.2358
ac413594-8e06-43d4-bf8b-704ff567c26a	6	82580035	93819476	7177	0.0061
ac413594-8e06-43d4-bf8b-704ff567c26a	6	93826906	95386776	753	0.154
ac413594-8e06-43d4-bf8b-704ff567c26a	6	95388284	100731203	3270	0.0024
ac413594-8e06-43d4-bf8b-704ff567c26a	6	100731478	100731523	2	1.6579
ac413594-8e06-43d4-bf8b-704ff567c26a	6	100736707	103286941	1506	0.0238
ac413594-8e06-43d4-bf8b-704ff567c26a	6	103286950	103317836	50	0.7998
ac413594-8e06-43d4-bf8b-704ff567c26a	6	103317855	135014291	19773	0.0008
ac413594-8e06-43d4-bf8b-704ff567c26a	6	135021116	135022100	2	-1.8884
ac413594-8e06-43d4-bf8b-704ff567c26a	6	135028432	140482637	3627	-0.0005
ac413594-8e06-43d4-bf8b-704ff567c26a	6	140484203	140928544	218	0.1615
ac413594-8e06-43d4-bf8b-704ff567c26a	6	140929434	168012713	18687	0.0081
ac413594-8e06-43d4-bf8b-704ff567c26a	6	168012777	168017013	6	-1.0649
ac413594-8e06-43d4-bf8b-704ff567c26a	6	168017306	168342785	219	-0.0256
ac413594-8e06-43d4-bf8b-704ff567c26a	6	168343112	168348231	3	-1.8358
ac413594-8e06-43d4-bf8b-704ff567c26a	6	168350686	168506774	103	0.0297
ac413594-8e06-43d4-bf8b-704ff567c26a	6	168507728	168507871	2	-2.2942
ac413594-8e06-43d4-bf8b-704ff567c26a	6	168508639	170741917	1464	0.0363
ac413594-8e06-43d4-bf8b-704ff567c26a	7	43355	1045899	262	-0.0451
ac413594-8e06-43d4-bf8b-704ff567c26a	7	1046441	1118508	41	-0.3682
ac413594-8e06-43d4-bf8b-704ff567c26a	7	1119423	8681273	4667	0.0121
ac413594-8e06-43d4-bf8b-704ff567c26a	7	8681874	9175917	464	0.1271
ac413594-8e06-43d4-bf8b-704ff567c26a	7	9183039	9187340	7	-0.9028
ac413594-8e06-43d4-bf8b-704ff567c26a	7	9188222	9827913	491	0.0837
ac413594-8e06-43d4-bf8b-704ff567c26a	7	9828780	9831240	6	-0.8841
ac413594-8e06-43d4-bf8b-704ff567c26a	7	9835337	10595621	557	0.1013
ac413594-8e06-43d4-bf8b-704ff567c26a	7	10595698	18943818	6692	0.0271
ac413594-8e06-43d4-bf8b-704ff567c26a	7	18944219	19895444	940	0.1167
ac413594-8e06-43d4-bf8b-704ff567c26a	7	19898785	28934667	6641	-0.0036
ac413594-8e06-43d4-bf8b-704ff567c26a	7	28935009	28939369	11	-0.6005
ac413594-8e06-43d4-bf8b-704ff567c26a	7	28942667	54298796	17653	-0.001
ac413594-8e06-43d4-bf8b-704ff567c26a	7	54299021	54318824	11	0.702
ac413594-8e06-43d4-bf8b-704ff567c26a	7	54325795	57428858	1822	0.0115
ac413594-8e06-43d4-bf8b-704ff567c26a	7	57429076	57864241	203	0.2061
ac413594-8e06-43d4-bf8b-704ff567c26a	7	57876479	62933040	146	0.3998
ac413594-8e06-43d4-bf8b-704ff567c26a	7	62944328	64323620	458	0.1552
ac413594-8e06-43d4-bf8b-704ff567c26a	7	64324517	65375306	485	0.037
ac413594-8e06-43d4-bf8b-704ff567c26a	7	65375310	65595136	82	0.2731
ac413594-8e06-43d4-bf8b-704ff567c26a	7	65601789	76506413	5050	0.0191
ac413594-8e06-43d4-bf8b-704ff567c26a	7	76507072	77161900	195	0.1743
ac413594-8e06-43d4-bf8b-704ff567c26a	7	77162396	85451023	5685	0.0148
ac413594-8e06-43d4-bf8b-704ff567c26a	7	85453063	85581500	81	0.2272
ac413594-8e06-43d4-bf8b-704ff567c26a	7	85581892	88695542	1755	0.0043
ac413594-8e06-43d4-bf8b-704ff567c26a	7	88696744	89941921	808	0.1331
ac413594-8e06-43d4-bf8b-704ff567c26a	7	89943652	91728999	1271	0.0142
ac413594-8e06-43d4-bf8b-704ff567c26a	7	91729225	91730276	9	-0.9175
ac413594-8e06-43d4-bf8b-704ff567c26a	7	91731675	105946407	7844	-0.0016
ac413594-8e06-43d4-bf8b-704ff567c26a	7	105946471	105946514	3	-1.8337
ac413594-8e06-43d4-bf8b-704ff567c26a	7	105946772	126405597	12547	0.014
ac413594-8e06-43d4-bf8b-704ff567c26a	7	126405632	126406824	12	1.0727
ac413594-8e06-43d4-bf8b-704ff567c26a	7	126406825	142069891	9919	-0.0016
ac413594-8e06-43d4-bf8b-704ff567c26a	7	142070260	142092307	31	-0.685
ac413594-8e06-43d4-bf8b-704ff567c26a	7	142099190	142323575	170	-0.0019
ac413594-8e06-43d4-bf8b-704ff567c26a	7	142325216	142330494	2	-1.8988
ac413594-8e06-43d4-bf8b-704ff567c26a	7	142330945	143529806	726	0.0122
ac413594-8e06-43d4-bf8b-704ff567c26a	7	143530003	143846772	29	0.5083
ac413594-8e06-43d4-bf8b-704ff567c26a	7	143848268	144169439	267	0.0693
ac413594-8e06-43d4-bf8b-704ff567c26a	7	144172375	144378656	26	0.5272
ac413594-8e06-43d4-bf8b-704ff567c26a	7	144378810	148971807	3030	0.0179
ac413594-8e06-43d4-bf8b-704ff567c26a	7	148975254	148977113	3	-1.4912
ac413594-8e06-43d4-bf8b-704ff567c26a	7	148979653	153152566	2261	0.0026
ac413594-8e06-43d4-bf8b-704ff567c26a	7	153152623	153921863	590	0.131
ac413594-8e06-43d4-bf8b-704ff567c26a	7	153921977	159334314	3743	0.0139
ac413594-8e06-43d4-bf8b-704ff567c26a	8	81254	1187085	682	0.0358
ac413594-8e06-43d4-bf8b-704ff567c26a	8	1190588	1195163	6	-1.0922
ac413594-8e06-43d4-bf8b-704ff567c26a	8	1196999	2171065	858	0.0271
ac413594-8e06-43d4-bf8b-704ff567c26a	8	2172168	2182030	18	-0.581
ac413594-8e06-43d4-bf8b-704ff567c26a	8	2182176	2844412	476	0.0741
ac413594-8e06-43d4-bf8b-704ff567c26a	8	2846011	2846377	7	-1.3222
ac413594-8e06-43d4-bf8b-704ff567c26a	8	2849649	5736745	3950	0.0316
ac413594-8e06-43d4-bf8b-704ff567c26a	8	5741204	5746973	27	-0.8089
ac413594-8e06-43d4-bf8b-704ff567c26a	8	5749566	5958604	256	0.1498
ac413594-8e06-43d4-bf8b-704ff567c26a	8	5958953	6102302	199	-0.1079
ac413594-8e06-43d4-bf8b-704ff567c26a	8	6103513	6236931	240	0.0742
ac413594-8e06-43d4-bf8b-704ff567c26a	8	6240723	6245327	3	-1.7199
ac413594-8e06-43d4-bf8b-704ff567c26a	8	6246072	7076236	967	-0.0132
ac413594-8e06-43d4-bf8b-704ff567c26a	8	7078298	7414835	56	0.4177
ac413594-8e06-43d4-bf8b-704ff567c26a	8	7422376	9105985	880	-0.0014
ac413594-8e06-43d4-bf8b-704ff567c26a	8	9106252	9109595	7	-1.0468
ac413594-8e06-43d4-bf8b-704ff567c26a	8	9109924	12134777	2372	-0.0078
ac413594-8e06-43d4-bf8b-704ff567c26a	8	12139586	12697234	78	0.2726
ac413594-8e06-43d4-bf8b-704ff567c26a	8	12698533	43084488	21786	0.0023
ac413594-8e06-43d4-bf8b-704ff567c26a	8	43085341	43925152	239	0.14
ac413594-8e06-43d4-bf8b-704ff567c26a	8	43928841	46026549	18	0.6311
ac413594-8e06-43d4-bf8b-704ff567c26a	8	46028400	46552443	129	0.2036
ac413594-8e06-43d4-bf8b-704ff567c26a	8	46553821	46805288	127	0.0109
ac413594-8e06-43d4-bf8b-704ff567c26a	8	46808561	46821242	12	0.5795
ac413594-8e06-43d4-bf8b-704ff567c26a	8	46822506	49514234	1342	-0.0039
ac413594-8e06-43d4-bf8b-704ff567c26a	8	49516192	49638807	74	0.2944
ac413594-8e06-43d4-bf8b-704ff567c26a	8	49639118	55891630	4070	-0.0015
ac413594-8e06-43d4-bf8b-704ff567c26a	8	55893500	55948406	42	0.3429
ac413594-8e06-43d4-bf8b-704ff567c26a	8	55949183	104194914	29266	0.0074
ac413594-8e06-43d4-bf8b-704ff567c26a	8	104199739	104204873	2	-1.6819
ac413594-8e06-43d4-bf8b-704ff567c26a	8	104205571	114623472	6124	0.0155
ac413594-8e06-43d4-bf8b-704ff567c26a	8	114626121	114660731	29	0.4349
ac413594-8e06-43d4-bf8b-704ff567c26a	8	114661835	136780991	15949	0.0035
ac413594-8e06-43d4-bf8b-704ff567c26a	8	136786861	136895774	119	0.281
ac413594-8e06-43d4-bf8b-704ff567c26a	8	136896559	143616987	4444	0.016
ac413594-8e06-43d4-bf8b-704ff567c26a	8	143622987	143623105	3	-1.4109
ac413594-8e06-43d4-bf8b-704ff567c26a	8	143624575	144674595	314	0.0516
ac413594-8e06-43d4-bf8b-704ff567c26a	8	144675159	144693741	3	-2.8634
ac413594-8e06-43d4-bf8b-704ff567c26a	8	144694333	145072769	191	0.0197
ac413594-8e06-43d4-bf8b-704ff567c26a	9	46587	8143829	7832	-0.0058
ac413594-8e06-43d4-bf8b-704ff567c26a	9	8144163	8147857	3	-1.7548
ac413594-8e06-43d4-bf8b-704ff567c26a	9	8148244	11371745	2915	0.0274
ac413594-8e06-43d4-bf8b-704ff567c26a	9	11375251	12526258	910	0.1578
ac413594-8e06-43d4-bf8b-704ff567c26a	9	12526333	17635578	4201	-0.0045
ac413594-8e06-43d4-bf8b-704ff567c26a	9	17636339	17720177	96	0.2402
ac413594-8e06-43d4-bf8b-704ff567c26a	9	17720190	21652667	3279	-0.0128
ac413594-8e06-43d4-bf8b-704ff567c26a	9	21655805	21701943	59	0.2832
ac413594-8e06-43d4-bf8b-704ff567c26a	9	21702087	22492890	515	-0.0102
ac413594-8e06-43d4-bf8b-704ff567c26a	9	22501914	22502700	2	-2.8151
ac413594-8e06-43d4-bf8b-704ff567c26a	9	22509341	27971181	4032	0.0198
ac413594-8e06-43d4-bf8b-704ff567c26a	9	27973768	27974496	4	-0.9707
ac413594-8e06-43d4-bf8b-704ff567c26a	9	27974579	28073102	117	-0.018
ac413594-8e06-43d4-bf8b-704ff567c26a	9	28074512	28083093	14	0.3677
ac413594-8e06-43d4-bf8b-704ff567c26a	9	28083319	28176870	67	-0.0882
ac413594-8e06-43d4-bf8b-704ff567c26a	9	28177392	30699184	1784	0.0767
ac413594-8e06-43d4-bf8b-704ff567c26a	9	30699867	39588611	5303	0.0019
ac413594-8e06-43d4-bf8b-704ff567c26a	9	39747848	39840169	5	1.1143
ac413594-8e06-43d4-bf8b-704ff567c26a	9	40018947	42265987	126	0.0527
ac413594-8e06-43d4-bf8b-704ff567c26a	9	42279025	64587807	205	0.3334
ac413594-8e06-43d4-bf8b-704ff567c26a	9	64603195	94907507	18841	-0.0009
ac413594-8e06-43d4-bf8b-704ff567c26a	9	94909022	94910050	2	-2.0945
ac413594-8e06-43d4-bf8b-704ff567c26a	9	94912078	102028487	4738	-0.0067
ac413594-8e06-43d4-bf8b-704ff567c26a	9	102028662	104631326	1953	0.0624
ac413594-8e06-43d4-bf8b-704ff567c26a	9	104631410	111677376	5505	-0.0132
ac413594-8e06-43d4-bf8b-704ff567c26a	9	111685145	111686407	4	-1.2419
ac413594-8e06-43d4-bf8b-704ff567c26a	9	111686832	138200944	16879	-0.0024
ac413594-8e06-43d4-bf8b-704ff567c26a	10	45792	1709827	1143	0.0011
ac413594-8e06-43d4-bf8b-704ff567c26a	10	1710718	1711367	2	-3.413
ac413594-8e06-43d4-bf8b-704ff567c26a	10	1713937	24086334	18007	0.0102
ac413594-8e06-43d4-bf8b-704ff567c26a	10	24088745	24089125	11	0.775
ac413594-8e06-43d4-bf8b-704ff567c26a	10	24089979	38770869	9835	0.0019
ac413594-8e06-43d4-bf8b-704ff567c26a	10	38770921	42357675	73	0.4491
ac413594-8e06-43d4-bf8b-704ff567c26a	10	42358241	47344720	2835	0.0113
ac413594-8e06-43d4-bf8b-704ff567c26a	10	47346057	47347292	2	-2.0028
ac413594-8e06-43d4-bf8b-704ff567c26a	10	47348506	50312082	1507	-0.0025
ac413594-8e06-43d4-bf8b-704ff567c26a	10	50313152	50325651	10	-0.708
ac413594-8e06-43d4-bf8b-704ff567c26a	10	50325814	54685856	3394	0.0177
ac413594-8e06-43d4-bf8b-704ff567c26a	10	54693189	54708677	13	0.7155
ac413594-8e06-43d4-bf8b-704ff567c26a	10	54712504	55691553	658	0.0844
ac413594-8e06-43d4-bf8b-704ff567c26a	10	55691651	55754831	55	0.3871
ac413594-8e06-43d4-bf8b-704ff567c26a	10	55756766	57519654	1285	0.0561
ac413594-8e06-43d4-bf8b-704ff567c26a	10	57520058	65528488	5478	0.0027
ac413594-8e06-43d4-bf8b-704ff567c26a	10	65528772	65548259	30	0.2267
ac413594-8e06-43d4-bf8b-704ff567c26a	10	65548272	65551543	17	0.7025
ac413594-8e06-43d4-bf8b-704ff567c26a	10	65551602	65585568	39	0.2507
ac413594-8e06-43d4-bf8b-704ff567c26a	10	65586200	66321660	585	-0.0044
ac413594-8e06-43d4-bf8b-704ff567c26a	10	66322927	66755394	319	0.1462
ac413594-8e06-43d4-bf8b-704ff567c26a	10	66762662	70725424	2585	-0.003
ac413594-8e06-43d4-bf8b-704ff567c26a	10	70725435	70726045	2	-2.3814
ac413594-8e06-43d4-bf8b-704ff567c26a	10	70727302	74750046	2128	-0.0064
ac413594-8e06-43d4-bf8b-704ff567c26a	10	74752878	74753131	2	-1.9444
ac413594-8e06-43d4-bf8b-704ff567c26a	10	74754105	133654968	40503	-0.0006
ac413594-8e06-43d4-bf8b-704ff567c26a	11	198510	48434205	33183	0.001
ac413594-8e06-43d4-bf8b-704ff567c26a	11	48438038	48570540	60	0.3367
ac413594-8e06-43d4-bf8b-704ff567c26a	11	48570883	48604894	18	-0.2472
ac413594-8e06-43d4-bf8b-704ff567c26a	11	48605068	48688881	36	0.1639
ac413594-8e06-43d4-bf8b-704ff567c26a	11	48692523	48700215	3	1.2421
ac413594-8e06-43d4-bf8b-704ff567c26a	11	48702884	48908369	50	0.3323
ac413594-8e06-43d4-bf8b-704ff567c26a	11	48908580	48982389	21	0.0189
ac413594-8e06-43d4-bf8b-704ff567c26a	11	48982473	49000027	12	0.454
ac413594-8e06-43d4-bf8b-704ff567c26a	11	49002025	49689309	297	0.01
ac413594-8e06-43d4-bf8b-704ff567c26a	11	49692155	49725102	12	0.4895
ac413594-8e06-43d4-bf8b-704ff567c26a	11	49735950	50096159	164	0.0183
ac413594-8e06-43d4-bf8b-704ff567c26a	11	50101778	55609201	585	0.2221
ac413594-8e06-43d4-bf8b-704ff567c26a	11	55609206	55685533	45	-0.196
ac413594-8e06-43d4-bf8b-704ff567c26a	11	55686100	56246322	397	0.2041
ac413594-8e06-43d4-bf8b-704ff567c26a	11	56247303	93285549	21765	0.0038
ac413594-8e06-43d4-bf8b-704ff567c26a	11	93287317	93296295	3	-2.2579
ac413594-8e06-43d4-bf8b-704ff567c26a	11	93297287	112740121	13563	0.009
ac413594-8e06-43d4-bf8b-704ff567c26a	11	112740856	112742097	2	-2.1643
ac413594-8e06-43d4-bf8b-704ff567c26a	11	112746803	128461728	11363	-0.0016
ac413594-8e06-43d4-bf8b-704ff567c26a	11	128463161	128463624	5	-1.0793
ac413594-8e06-43d4-bf8b-704ff567c26a	11	128464871	134386602	4554	-0.0013
ac413594-8e06-43d4-bf8b-704ff567c26a	11	134386911	134398517	9	-0.8053
ac413594-8e06-43d4-bf8b-704ff567c26a	11	134401836	135074876	551	-0.0038
ac413594-8e06-43d4-bf8b-704ff567c26a	12	51460	759943	415	-0.0437
ac413594-8e06-43d4-bf8b-704ff567c26a	12	760032	764338	15	-0.6744
ac413594-8e06-43d4-bf8b-704ff567c26a	12	764778	8165239	5085	-0.0191
ac413594-8e06-43d4-bf8b-704ff567c26a	12	8168303	8409838	80	0.4319
ac413594-8e06-43d4-bf8b-704ff567c26a	12	8410039	9477960	565	-0.0095
ac413594-8e06-43d4-bf8b-704ff567c26a	12	9481274	9575696	24	-1.1288
ac413594-8e06-43d4-bf8b-704ff567c26a	12	9582373	11066824	1035	0.0166
ac413594-8e06-43d4-bf8b-704ff567c26a	12	11068125	11088933	10	0.9943
ac413594-8e06-43d4-bf8b-704ff567c26a	12	11099275	33141726	15511	0.002
ac413594-8e06-43d4-bf8b-704ff567c26a	12	33148472	33155426	28	-0.5486
ac413594-8e06-43d4-bf8b-704ff567c26a	12	33155453	33368172	139	0.0382
ac413594-8e06-43d4-bf8b-704ff567c26a	12	33368216	38601996	1030	0.1702
ac413594-8e06-43d4-bf8b-704ff567c26a	12	38607205	48331037	6125	0.0051
ac413594-8e06-43d4-bf8b-704ff567c26a	12	48331236	48331632	5	-1.9548
ac413594-8e06-43d4-bf8b-704ff567c26a	12	48336253	52366128	2069	-0.0059
ac413594-8e06-43d4-bf8b-704ff567c26a	12	52367895	52368175	2	-1.7389
ac413594-8e06-43d4-bf8b-704ff567c26a	12	52368286	52372779	6	0.2424
ac413594-8e06-43d4-bf8b-704ff567c26a	12	52375402	52389052	22	-0.246
ac413594-8e06-43d4-bf8b-704ff567c26a	12	52391735	52429430	35	0.0825
ac413594-8e06-43d4-bf8b-704ff567c26a	12	52429489	52437100	9	-0.5057
ac413594-8e06-43d4-bf8b-704ff567c26a	12	52438548	52530197	90	0.0439
ac413594-8e06-43d4-bf8b-704ff567c26a	12	52531472	52531875	3	-1.3826
ac413594-8e06-43d4-bf8b-704ff567c26a	12	52532185	55320243	1651	-0.0129
ac413594-8e06-43d4-bf8b-704ff567c26a	12	55320315	55332410	32	0.3631
ac413594-8e06-43d4-bf8b-704ff567c26a	12	55332598	63519520	4976	-0.0013
ac413594-8e06-43d4-bf8b-704ff567c26a	12	63520650	63652845	34	0.3361
ac413594-8e06-43d4-bf8b-704ff567c26a	12	63656406	72806577	5999	-0.0046
ac413594-8e06-43d4-bf8b-704ff567c26a	12	72807819	72957808	91	0.2041
ac413594-8e06-43d4-bf8b-704ff567c26a	12	72959739	79889864	4395	-0.0019
ac413594-8e06-43d4-bf8b-704ff567c26a	12	79891979	90526755	6363	0.0287
ac413594-8e06-43d4-bf8b-704ff567c26a	12	90528232	99398036	6156	-0.0004
ac413594-8e06-43d4-bf8b-704ff567c26a	12	99401515	99404284	24	0.518
ac413594-8e06-43d4-bf8b-704ff567c26a	12	99404374	133201603	22680	0.0057
ac413594-8e06-43d4-bf8b-704ff567c26a	13	18452809	18895448	118	0.2316
ac413594-8e06-43d4-bf8b-704ff567c26a	13	18904860	37502130	13350	-0.0008
ac413594-8e06-43d4-bf8b-704ff567c26a	13	37502150	37510620	11	0.7073
ac413594-8e06-43d4-bf8b-704ff567c26a	13	37514193	50163113	8543	-0.0076
ac413594-8e06-43d4-bf8b-704ff567c26a	13	50163733	50189716	24	-0.409
ac413594-8e06-43d4-bf8b-704ff567c26a	13	50195165	50385800	123	0.0605
ac413594-8e06-43d4-bf8b-704ff567c26a	13	50386041	50386530	3	0.5275
ac413594-8e06-43d4-bf8b-704ff567c26a	13	50387357	50388322	3	-1.6835
ac413594-8e06-43d4-bf8b-704ff567c26a	13	50389228	57176962	3808	0.0221
ac413594-8e06-43d4-bf8b-704ff567c26a	13	57184136	57204246	34	-0.6183
ac413594-8e06-43d4-bf8b-704ff567c26a	13	57215580	63428138	3663	0.0184
ac413594-8e06-43d4-bf8b-704ff567c26a	13	63429412	64468531	612	0.1189
ac413594-8e06-43d4-bf8b-704ff567c26a	13	64468586	110936620	31878	0.015
ac413594-8e06-43d4-bf8b-704ff567c26a	13	110936805	110940433	3	-1.5583
ac413594-8e06-43d4-bf8b-704ff567c26a	13	110941584	114342922	1858	0.0251
ac413594-8e06-43d4-bf8b-704ff567c26a	14	18239283	19256296	43	0.1452
ac413594-8e06-43d4-bf8b-704ff567c26a	14	19280948	19932561	108	-0.241
ac413594-8e06-43d4-bf8b-704ff567c26a	14	19932636	21793013	1234	0.0004
ac413594-8e06-43d4-bf8b-704ff567c26a	14	21798901	21817867	17	0.4467
ac413594-8e06-43d4-bf8b-704ff567c26a	14	21820576	21925548	114	0.1205
ac413594-8e06-43d4-bf8b-704ff567c26a	14	21925817	21942429	25	0.4479
ac413594-8e06-43d4-bf8b-704ff567c26a	14	21942460	39881029	11343	-0.0032
ac413594-8e06-43d4-bf8b-704ff567c26a	14	39882316	41159271	858	0.0731
ac413594-8e06-43d4-bf8b-704ff567c26a	14	41160037	41160039	2	1.441
ac413594-8e06-43d4-bf8b-704ff567c26a	14	41164182	46496827	3100	0.0481
ac413594-8e06-43d4-bf8b-704ff567c26a	14	46497234	105542308	37965	-0.0051
ac413594-8e06-43d4-bf8b-704ff567c26a	14	105544971	106416146	267	0.1604
ac413594-8e06-43d4-bf8b-704ff567c26a	14	106418444	106462144	47	-0.4219
ac413594-8e06-43d4-bf8b-704ff567c26a	14	106462169	106877229	196	0.1126
ac413594-8e06-43d4-bf8b-704ff567c26a	15	19811075	22799164	269	0.2605
ac413594-8e06-43d4-bf8b-704ff567c26a	15	22801195	22840228	40	0.0018
ac413594-8e06-43d4-bf8b-704ff567c26a	15	22848167	22849250	7	-0.7355
ac413594-8e06-43d4-bf8b-704ff567c26a	15	22849910	24103856	735	0.0218
ac413594-8e06-43d4-bf8b-704ff567c26a	15	24105498	24375710	132	0.2433
ac413594-8e06-43d4-bf8b-704ff567c26a	15	24380697	32212063	4717	0.0225
ac413594-8e06-43d4-bf8b-704ff567c26a	15	32217691	32339520	17	-0.7369
ac413594-8e06-43d4-bf8b-704ff567c26a	15	32355957	38064961	4009	-0.0069
ac413594-8e06-43d4-bf8b-704ff567c26a	15	38066504	38068008	2	-2.0136
ac413594-8e06-43d4-bf8b-704ff567c26a	15	38069939	57481648	11731	-0.0132
ac413594-8e06-43d4-bf8b-704ff567c26a	15	57483628	57485891	2	-1.6909
ac413594-8e06-43d4-bf8b-704ff567c26a	15	57486126	58331129	734	-0.0251
ac413594-8e06-43d4-bf8b-704ff567c26a	15	58332197	58333564	3	-1.7898
ac413594-8e06-43d4-bf8b-704ff567c26a	15	58334143	70741270	8359	-0.019
ac413594-8e06-43d4-bf8b-704ff567c26a	15	70741674	70741906	4	1.115
ac413594-8e06-43d4-bf8b-704ff567c26a	15	70741930	76603003	3113	-0.0193
ac413594-8e06-43d4-bf8b-704ff567c26a	15	76603426	76603434	7	1.0901
ac413594-8e06-43d4-bf8b-704ff567c26a	15	76609838	93319185	11140	-0.0112
ac413594-8e06-43d4-bf8b-704ff567c26a	15	93321103	93321342	2	-2.7758
ac413594-8e06-43d4-bf8b-704ff567c26a	15	93322301	101848489	6433	0.005
ac413594-8e06-43d4-bf8b-704ff567c26a	15	101855176	101928837	20	0.1813
ac413594-8e06-43d4-bf8b-704ff567c26a	16	10777	357844	177	-0.0052
ac413594-8e06-43d4-bf8b-704ff567c26a	16	364608	399345	10	-0.9202
ac413594-8e06-43d4-bf8b-704ff567c26a	16	403856	9010069	6324	0.0057
ac413594-8e06-43d4-bf8b-704ff567c26a	16	9010273	9057034	19	-0.6387
ac413594-8e06-43d4-bf8b-704ff567c26a	16	9060829	31946047	13389	0.001
ac413594-8e06-43d4-bf8b-704ff567c26a	16	31948053	46470502	530	0.2132
ac413594-8e06-43d4-bf8b-704ff567c26a	16	46473753	55762682	6453	-0.0103
ac413594-8e06-43d4-bf8b-704ff567c26a	16	55764310	55775554	10	0.7569
ac413594-8e06-43d4-bf8b-704ff567c26a	16	55776109	79826460	16108	-0.0013
ac413594-8e06-43d4-bf8b-704ff567c26a	16	79826617	79827157	2	-2.0634
ac413594-8e06-43d4-bf8b-704ff567c26a	16	79833296	81174598	1425	-0.0214
ac413594-8e06-43d4-bf8b-704ff567c26a	16	81175217	81177192	7	-1.1683
ac413594-8e06-43d4-bf8b-704ff567c26a	16	81177943	87653129	6258	-0.0285
ac413594-8e06-43d4-bf8b-704ff567c26a	16	87653610	87654962	4	-1.658
ac413594-8e06-43d4-bf8b-704ff567c26a	16	87655730	90096867	1074	-0.0127
ac413594-8e06-43d4-bf8b-704ff567c26a	17	150733	21468220	12583	-0.004
ac413594-8e06-43d4-bf8b-704ff567c26a	17	21471100	27071011	343	0.1829
ac413594-8e06-43d4-bf8b-704ff567c26a	17	27072105	34497475	4268	-0.0035
ac413594-8e06-43d4-bf8b-704ff567c26a	17	34498137	34502389	12	-0.9164
ac413594-8e06-43d4-bf8b-704ff567c26a	17	34503451	46099741	6101	-0.0127
ac413594-8e06-43d4-bf8b-704ff567c26a	17	46100092	46286804	113	-0.3784
ac413594-8e06-43d4-bf8b-704ff567c26a	17	46323701	46446360	4	0.8645
ac413594-8e06-43d4-bf8b-704ff567c26a	17	46569894	57610128	6997	-0.005
ac413594-8e06-43d4-bf8b-704ff567c26a	17	57610972	57614632	3	-1.2672
ac413594-8e06-43d4-bf8b-704ff567c26a	17	57616251	74116749	10007	-0.0011
ac413594-8e06-43d4-bf8b-704ff567c26a	17	74117024	74224067	62	-0.2877
ac413594-8e06-43d4-bf8b-704ff567c26a	17	74228051	74538828	165	-0.0249
ac413594-8e06-43d4-bf8b-704ff567c26a	17	74539182	74541349	5	-1.3274
ac413594-8e06-43d4-bf8b-704ff567c26a	17	74541628	80326746	3159	-0.0019
ac413594-8e06-43d4-bf8b-704ff567c26a	17	80327021	80342379	10	-0.7994
ac413594-8e06-43d4-bf8b-704ff567c26a	17	80343642	83091923	1138	0.0288
ac413594-8e06-43d4-bf8b-704ff567c26a	18	48133	1564284	1058	-0.0092
ac413594-8e06-43d4-bf8b-704ff567c26a	18	1564746	1930367	295	0.1386
ac413594-8e06-43d4-bf8b-704ff567c26a	18	1930559	14104214	8678	0
ac413594-8e06-43d4-bf8b-704ff567c26a	18	14108789	14366664	63	0.2966
ac413594-8e06-43d4-bf8b-704ff567c26a	18	14371644	14980157	207	0.0324
ac413594-8e06-43d4-bf8b-704ff567c26a	18	14980541	20966787	95	0.3465
ac413594-8e06-43d4-bf8b-704ff567c26a	18	20968244	65432221	29393	-0.0022
ac413594-8e06-43d4-bf8b-704ff567c26a	18	65432633	66095064	513	0.123
ac413594-8e06-43d4-bf8b-704ff567c26a	18	66099904	71670651	4003	0.0312
ac413594-8e06-43d4-bf8b-704ff567c26a	18	71670822	73578651	1501	0.1095
ac413594-8e06-43d4-bf8b-704ff567c26a	18	73578850	78219499	3699	-0.0004
ac413594-8e06-43d4-bf8b-704ff567c26a	18	78222660	78222732	2	-1.749
ac413594-8e06-43d4-bf8b-704ff567c26a	18	78223084	80097877	1066	0.0105
ac413594-8e06-43d4-bf8b-704ff567c26a	18	80101974	80104114	2	-1.5961
ac413594-8e06-43d4-bf8b-704ff567c26a	18	80110633	80257174	91	-0.0272
ac413594-8e06-43d4-bf8b-704ff567c26a	19	90910	15713261	6612	0.0081
ac413594-8e06-43d4-bf8b-704ff567c26a	19	15714132	15714133	2	-2.0377
ac413594-8e06-43d4-bf8b-704ff567c26a	19	15714788	19720119	1865	0.0301
ac413594-8e06-43d4-bf8b-704ff567c26a	19	19720735	20963790	729	0.13
ac413594-8e06-43d4-bf8b-704ff567c26a	19	20965506	22059602	629	0.02
ac413594-8e06-43d4-bf8b-704ff567c26a	19	22060301	22417371	206	0.1926
ac413594-8e06-43d4-bf8b-704ff567c26a	19	22417744	23975259	900	0.0158
ac413594-8e06-43d4-bf8b-704ff567c26a	19	23978766	27829014	321	0.1789
ac413594-8e06-43d4-bf8b-704ff567c26a	19	27829127	55946752	16145	0.0138
ac413594-8e06-43d4-bf8b-704ff567c26a	19	55950666	55951241	2	-3.4096
ac413594-8e06-43d4-bf8b-704ff567c26a	19	55951550	58586487	1666	0.0042
ac413594-8e06-43d4-bf8b-704ff567c26a	20	80664	1579897	1196	0.0272
ac413594-8e06-43d4-bf8b-704ff567c26a	20	1579916	1581021	8	-0.8345
ac413594-8e06-43d4-bf8b-704ff567c26a	20	1586808	1590626	13	0.0114
ac413594-8e06-43d4-bf8b-704ff567c26a	20	1590679	1613247	26	-0.6162
ac413594-8e06-43d4-bf8b-704ff567c26a	20	1617300	14812166	9899	-0.0038
ac413594-8e06-43d4-bf8b-704ff567c26a	20	14812188	14812192	2	-2.1939
ac413594-8e06-43d4-bf8b-704ff567c26a	20	14812769	26215232	8788	-0.0002
ac413594-8e06-43d4-bf8b-704ff567c26a	20	26215250	31258478	98	0.3866
ac413594-8e06-43d4-bf8b-704ff567c26a	20	31258500	64324800	22281	-0.0028
ac413594-8e06-43d4-bf8b-704ff567c26a	21	10354168	13677975	272	0.3127
ac413594-8e06-43d4-bf8b-704ff567c26a	21	13803967	22816458	6404	0.0184
ac413594-8e06-43d4-bf8b-704ff567c26a	21	22816536	23136896	271	0.1946
ac413594-8e06-43d4-bf8b-704ff567c26a	21	23147030	23147033	3	1.4506
ac413594-8e06-43d4-bf8b-704ff567c26a	21	23148780	23334248	159	0.2064
ac413594-8e06-43d4-bf8b-704ff567c26a	21	23336644	23438489	74	-0.0222
ac413594-8e06-43d4-bf8b-704ff567c26a	21	23438877	23570757	105	0.1819
ac413594-8e06-43d4-bf8b-704ff567c26a	21	23571243	41918291	13915	-0.0019
ac413594-8e06-43d4-bf8b-704ff567c26a	21	41920596	41935354	11	-0.7882
ac413594-8e06-43d4-bf8b-704ff567c26a	21	41939060	45402350	1880	0.0206
ac413594-8e06-43d4-bf8b-704ff567c26a	21	45407594	45428674	10	-0.8711
ac413594-8e06-43d4-bf8b-704ff567c26a	21	45429306	46677045	719	-0.0156
ac413594-8e06-43d4-bf8b-704ff567c26a	22	15294547	50796027	23239	0.0019
ac413594-8e06-43d4-bf8b-704ff567c26a	X	251810	23044050	13764	-0.0135
ac413594-8e06-43d4-bf8b-704ff567c26a	X	23044941	23045032	2	-5.7184
ac413594-8e06-43d4-bf8b-704ff567c26a	X	23047294	30436547	4726	-0.0032
ac413594-8e06-43d4-bf8b-704ff567c26a	X	30438014	30440352	2	-4.6316
ac413594-8e06-43d4-bf8b-704ff567c26a	X	30440438	38438304	5039	0.0032
ac413594-8e06-43d4-bf8b-704ff567c26a	X	38438347	38438583	2	-5.5023
ac413594-8e06-43d4-bf8b-704ff567c26a	X	38438756	103264954	29425	0.0144
ac413594-8e06-43d4-bf8b-704ff567c26a	X	103269032	103269115	2	-5.2224
ac413594-8e06-43d4-bf8b-704ff567c26a	X	103269279	137966939	19047	0.0031
ac413594-8e06-43d4-bf8b-704ff567c26a	X	137968518	137969511	2	-5.9901
ac413594-8e06-43d4-bf8b-704ff567c26a	X	137977232	145168583	4585	0.009
ac413594-8e06-43d4-bf8b-704ff567c26a	X	145168902	145168996	2	-4.7381
ac413594-8e06-43d4-bf8b-704ff567c26a	X	145169392	155952689	6331	0.0142
ac413594-8e06-43d4-bf8b-704ff567c26a	Y	2782397	9599011	2275	-0.8537
ac413594-8e06-43d4-bf8b-704ff567c26a	Y	9603914	9603925	5	0.3147
ac413594-8e06-43d4-bf8b-704ff567c26a	Y	9604262	56872112	4356	-0.8828
