GDC_Aliquot	Chromosome	Start	End	Num_Probes	Segment_Mean
681399c0-07d4-4283-87df-45b902c31e8b	1	62920	1052992	78	-0.0974
681399c0-07d4-4283-87df-45b902c31e8b	1	1055037	3302359	660	0.3868
681399c0-07d4-4283-87df-45b902c31e8b	1	3303537	248930189	139706	0.0981
681399c0-07d4-4283-87df-45b902c31e8b	2	12784	53134376	37193	-0.0645
681399c0-07d4-4283-87df-45b902c31e8b	2	53134593	53137040	3	-4.2358
681399c0-07d4-4283-87df-45b902c31e8b	2	53137308	242147305	110745	-0.0755
681399c0-07d4-4283-87df-45b902c31e8b	3	20930	239919	198	-0.0084
681399c0-07d4-4283-87df-45b902c31e8b	3	241080	243633	3	-3.053
681399c0-07d4-4283-87df-45b902c31e8b	3	243886	22139954	16321	-0.038
681399c0-07d4-4283-87df-45b902c31e8b	3	22140554	22149410	9	-2.185
681399c0-07d4-4283-87df-45b902c31e8b	3	22149442	173467502	91544	-0.0346
681399c0-07d4-4283-87df-45b902c31e8b	3	173467586	173493638	27	-1.1476
681399c0-07d4-4283-87df-45b902c31e8b	3	173494583	175606635	1490	-0.0318
681399c0-07d4-4283-87df-45b902c31e8b	3	175606701	176042772	229	-0.3453
681399c0-07d4-4283-87df-45b902c31e8b	3	176045421	183762451	4536	-0.0437
681399c0-07d4-4283-87df-45b902c31e8b	3	183763115	183763458	2	-3.6995
681399c0-07d4-4283-87df-45b902c31e8b	3	183763646	198169247	9140	-0.0254
681399c0-07d4-4283-87df-45b902c31e8b	4	68929	3280732	1285	-0.1824
681399c0-07d4-4283-87df-45b902c31e8b	4	3281047	3281121	2	-3.4254
681399c0-07d4-4283-87df-45b902c31e8b	4	3281695	10208766	4346	-0.2326
681399c0-07d4-4283-87df-45b902c31e8b	4	10221792	10229173	22	2.1681
681399c0-07d4-4283-87df-45b902c31e8b	4	10229188	10612670	357	-0.2134
681399c0-07d4-4283-87df-45b902c31e8b	4	10613086	10613793	2	-3.9176
681399c0-07d4-4283-87df-45b902c31e8b	4	10614814	11537643	792	-0.2732
681399c0-07d4-4283-87df-45b902c31e8b	4	11542691	11544651	4	-4.8098
681399c0-07d4-4283-87df-45b902c31e8b	4	11544955	34777418	15604	-0.2426
681399c0-07d4-4283-87df-45b902c31e8b	4	34777432	34795703	16	-1.7055
681399c0-07d4-4283-87df-45b902c31e8b	4	34800223	34812623	12	-0.503
681399c0-07d4-4283-87df-45b902c31e8b	4	34812653	34822561	10	-1.9139
681399c0-07d4-4283-87df-45b902c31e8b	4	34823103	49509185	8871	-0.2456
681399c0-07d4-4283-87df-45b902c31e8b	4	49582092	71025267	11801	0.0776
681399c0-07d4-4283-87df-45b902c31e8b	4	71027720	71039358	6	-2.4247
681399c0-07d4-4283-87df-45b902c31e8b	4	71040314	180253835	66058	0.0799
681399c0-07d4-4283-87df-45b902c31e8b	4	180253870	180502346	193	0.5035
681399c0-07d4-4283-87df-45b902c31e8b	4	180502686	189874639	6613	0.1078
681399c0-07d4-4283-87df-45b902c31e8b	4	189874773	190106768	55	-0.1291
681399c0-07d4-4283-87df-45b902c31e8b	5	15532	2136456	1109	0.5707
681399c0-07d4-4283-87df-45b902c31e8b	5	2136555	12800777	9023	0.4052
681399c0-07d4-4283-87df-45b902c31e8b	5	12815668	12894036	26	-0.4117
681399c0-07d4-4283-87df-45b902c31e8b	5	12895017	18873939	3972	0.3918
681399c0-07d4-4283-87df-45b902c31e8b	5	18878618	18931546	31	-0.3762
681399c0-07d4-4283-87df-45b902c31e8b	5	18936481	59056383	22212	0.3893
681399c0-07d4-4283-87df-45b902c31e8b	5	59057104	82416532	13438	-0.187
681399c0-07d4-4283-87df-45b902c31e8b	5	82417446	82419546	5	-3.938
681399c0-07d4-4283-87df-45b902c31e8b	5	82420208	113234931	18117	-0.1754
681399c0-07d4-4283-87df-45b902c31e8b	5	113235033	113236877	2	-6.1296
681399c0-07d4-4283-87df-45b902c31e8b	5	113238534	153603565	25599	-0.1739
681399c0-07d4-4283-87df-45b902c31e8b	5	153604327	168427738	10025	0.3751
681399c0-07d4-4283-87df-45b902c31e8b	5	168430795	181363319	8364	0.4423
681399c0-07d4-4283-87df-45b902c31e8b	6	149661	29769900	21403	0.2276
681399c0-07d4-4283-87df-45b902c31e8b	6	29770069	29770267	2	-3.7945
681399c0-07d4-4283-87df-45b902c31e8b	6	29771223	60356762	17163	0.2439
681399c0-07d4-4283-87df-45b902c31e8b	6	60358041	170741917	69713	-0.2845
681399c0-07d4-4283-87df-45b902c31e8b	7	43355	107096	56	0.8348
681399c0-07d4-4283-87df-45b902c31e8b	7	107206	3316221	1326	1.178
681399c0-07d4-4283-87df-45b902c31e8b	7	3316717	8860378	3751	0.8454
681399c0-07d4-4283-87df-45b902c31e8b	7	8860396	19940369	8993	0.7795
681399c0-07d4-4283-87df-45b902c31e8b	7	19941837	46842602	18770	0.8383
681399c0-07d4-4283-87df-45b902c31e8b	7	46845015	49546450	1938	1.0759
681399c0-07d4-4283-87df-45b902c31e8b	7	49547105	63234745	5856	0.7793
681399c0-07d4-4283-87df-45b902c31e8b	7	63245808	63851264	61	0.1629
681399c0-07d4-4283-87df-45b902c31e8b	7	63854094	65059538	629	0.6969
681399c0-07d4-4283-87df-45b902c31e8b	7	65067040	68061465	1266	0.1175
681399c0-07d4-4283-87df-45b902c31e8b	7	68061939	68063261	2	-3.0773
681399c0-07d4-4283-87df-45b902c31e8b	7	68063408	78055848	4676	0.0958
681399c0-07d4-4283-87df-45b902c31e8b	7	78056028	89027779	7195	0.0196
681399c0-07d4-4283-87df-45b902c31e8b	7	89028430	89071761	27	-0.9606
681399c0-07d4-4283-87df-45b902c31e8b	7	89072032	126404920	22059	0.0312
681399c0-07d4-4283-87df-45b902c31e8b	7	126405428	126406825	16	1.0725
681399c0-07d4-4283-87df-45b902c31e8b	7	126406826	129021408	1599	0.0238
681399c0-07d4-4283-87df-45b902c31e8b	7	129023464	134100424	3063	0.0819
681399c0-07d4-4283-87df-45b902c31e8b	7	134100442	134110881	24	-1.331
681399c0-07d4-4283-87df-45b902c31e8b	7	134110912	142113214	5201	0.0394
681399c0-07d4-4283-87df-45b902c31e8b	7	142114690	142115295	2	-4.3545
681399c0-07d4-4283-87df-45b902c31e8b	7	142116196	147803643	3419	0.0493
681399c0-07d4-4283-87df-45b902c31e8b	7	147803710	148817526	726	0.4733
681399c0-07d4-4283-87df-45b902c31e8b	7	148818545	151011001	1154	0.1076
681399c0-07d4-4283-87df-45b902c31e8b	7	151013304	151347789	184	0.6511
681399c0-07d4-4283-87df-45b902c31e8b	7	151351868	151726110	245	1.0809
681399c0-07d4-4283-87df-45b902c31e8b	7	151731678	152031244	182	0.7043
681399c0-07d4-4283-87df-45b902c31e8b	7	152037789	159326920	4869	0.0932
681399c0-07d4-4283-87df-45b902c31e8b	7	159327030	159334314	2	1.5644
681399c0-07d4-4283-87df-45b902c31e8b	8	81254	5996621	6282	-0.0015
681399c0-07d4-4283-87df-45b902c31e8b	8	5996770	5997699	2	-5.0352
681399c0-07d4-4283-87df-45b902c31e8b	8	5999832	24872902	14743	-0.002
681399c0-07d4-4283-87df-45b902c31e8b	8	24873039	24878567	5	-3.1729
681399c0-07d4-4283-87df-45b902c31e8b	8	24879374	39368830	9140	-0.0141
681399c0-07d4-4283-87df-45b902c31e8b	8	39372664	39526605	58	1.0166
681399c0-07d4-4283-87df-45b902c31e8b	8	39527181	140994188	62531	-0.0181
681399c0-07d4-4283-87df-45b902c31e8b	8	140994205	142228143	770	0.2749
681399c0-07d4-4283-87df-45b902c31e8b	8	142229492	144198748	675	0.048
681399c0-07d4-4283-87df-45b902c31e8b	8	144200300	144830982	202	0.3278
681399c0-07d4-4283-87df-45b902c31e8b	8	144831250	145072769	147	-0.0277
681399c0-07d4-4283-87df-45b902c31e8b	9	46587	29928184	25008	-0.1078
681399c0-07d4-4283-87df-45b902c31e8b	9	29928568	29934087	4	-4.5881
681399c0-07d4-4283-87df-45b902c31e8b	9	29934165	114233203	38526	-0.0978
681399c0-07d4-4283-87df-45b902c31e8b	9	114233588	114236027	2	-3.9338
681399c0-07d4-4283-87df-45b902c31e8b	9	114236509	138200944	15019	-0.0774
681399c0-07d4-4283-87df-45b902c31e8b	10	45792	46130381	31149	-0.032
681399c0-07d4-4283-87df-45b902c31e8b	10	46146395	46446817	174	0.4874
681399c0-07d4-4283-87df-45b902c31e8b	10	46489651	130476503	56438	-0.0404
681399c0-07d4-4283-87df-45b902c31e8b	10	130477554	133055089	1720	0.0915
681399c0-07d4-4283-87df-45b902c31e8b	10	133084562	133654968	252	-0.0561
681399c0-07d4-4283-87df-45b902c31e8b	11	198510	4940288	2376	0.1553
681399c0-07d4-4283-87df-45b902c31e8b	11	4940341	4980276	70	-0.5001
681399c0-07d4-4283-87df-45b902c31e8b	11	4980340	21502070	12468	0.0851
681399c0-07d4-4283-87df-45b902c31e8b	11	21503574	21506135	5	-2.733
681399c0-07d4-4283-87df-45b902c31e8b	11	21506263	32176431	7178	0.0622
681399c0-07d4-4283-87df-45b902c31e8b	11	32178474	64895755	17250	0.1083
681399c0-07d4-4283-87df-45b902c31e8b	11	64897000	65803850	337	0.3445
681399c0-07d4-4283-87df-45b902c31e8b	11	65808379	79392624	7100	0.1191
681399c0-07d4-4283-87df-45b902c31e8b	11	79399848	94278686	10143	0.0611
681399c0-07d4-4283-87df-45b902c31e8b	11	94280890	100590985	4625	0.2122
681399c0-07d4-4283-87df-45b902c31e8b	11	100591913	100714645	104	0.6094
681399c0-07d4-4283-87df-45b902c31e8b	11	100714694	100845730	94	0.2736
681399c0-07d4-4283-87df-45b902c31e8b	11	100845819	100846763	3	-1.1127
681399c0-07d4-4283-87df-45b902c31e8b	11	100849377	100890792	34	0.3083
681399c0-07d4-4283-87df-45b902c31e8b	11	100891216	101199195	424	-0.2044
681399c0-07d4-4283-87df-45b902c31e8b	11	101200072	101723653	366	0.1913
681399c0-07d4-4283-87df-45b902c31e8b	11	101727129	101727233	4	2.0974
681399c0-07d4-4283-87df-45b902c31e8b	11	101727481	101858539	104	0.256
681399c0-07d4-4283-87df-45b902c31e8b	11	101863343	103465296	1008	0.6171
681399c0-07d4-4283-87df-45b902c31e8b	11	103466050	108509457	3331	0.2142
681399c0-07d4-4283-87df-45b902c31e8b	11	108510520	115336383	4593	0.073
681399c0-07d4-4283-87df-45b902c31e8b	11	115336457	115337279	2	-3.5531
681399c0-07d4-4283-87df-45b902c31e8b	11	115338496	133940062	13664	0.0865
681399c0-07d4-4283-87df-45b902c31e8b	11	133943731	135074876	834	0.2524
681399c0-07d4-4283-87df-45b902c31e8b	12	51460	131242840	82977	-0.0678
681399c0-07d4-4283-87df-45b902c31e8b	12	131248112	131330274	67	-0.8536
681399c0-07d4-4283-87df-45b902c31e8b	12	131330389	133201603	872	-0.0207
681399c0-07d4-4283-87df-45b902c31e8b	13	18452809	114342922	63528	0.0465
681399c0-07d4-4283-87df-45b902c31e8b	14	18239283	19795860	89	0.027
681399c0-07d4-4283-87df-45b902c31e8b	14	19799729	32777294	8120	0.3005
681399c0-07d4-4283-87df-45b902c31e8b	14	32779046	33189539	335	0.6861
681399c0-07d4-4283-87df-45b902c31e8b	14	33189688	33354336	151	0.3798
681399c0-07d4-4283-87df-45b902c31e8b	14	33354403	37027029	2523	0.7085
681399c0-07d4-4283-87df-45b902c31e8b	14	37027100	42297016	3178	0.4357
681399c0-07d4-4283-87df-45b902c31e8b	14	42299662	56310675	8676	-0.2281
681399c0-07d4-4283-87df-45b902c31e8b	14	56312226	56317518	6	-2.7015
681399c0-07d4-4283-87df-45b902c31e8b	14	56317586	106877229	31744	-0.2115
681399c0-07d4-4283-87df-45b902c31e8b	15	19811075	101928837	50771	-0.3366
681399c0-07d4-4283-87df-45b902c31e8b	16	10777	2066979	740	0.2097
681399c0-07d4-4283-87df-45b902c31e8b	16	2069067	83832303	46306	0.0995
681399c0-07d4-4283-87df-45b902c31e8b	16	83833340	84671063	748	0.3121
681399c0-07d4-4283-87df-45b902c31e8b	16	84671639	88583497	2984	0.1251
681399c0-07d4-4283-87df-45b902c31e8b	16	88584812	90096867	650	0.2886
681399c0-07d4-4283-87df-45b902c31e8b	17	150733	325772	102	-0.0408
681399c0-07d4-4283-87df-45b902c31e8b	17	326334	5675537	2791	-0.4104
681399c0-07d4-4283-87df-45b902c31e8b	17	5676217	5679014	4	-3.9845
681399c0-07d4-4283-87df-45b902c31e8b	17	5679663	14952413	6427	-0.4616
681399c0-07d4-4283-87df-45b902c31e8b	17	14952767	14953550	2	-7.3858
681399c0-07d4-4283-87df-45b902c31e8b	17	14953932	22727748	3322	-0.437
681399c0-07d4-4283-87df-45b902c31e8b	17	22728414	36952155	5764	0.1544
681399c0-07d4-4283-87df-45b902c31e8b	17	36952426	41265456	2104	-0.0325
681399c0-07d4-4283-87df-45b902c31e8b	17	41266762	41274279	24	1.2977
681399c0-07d4-4283-87df-45b902c31e8b	17	41276472	44953311	1905	-0.0109
681399c0-07d4-4283-87df-45b902c31e8b	17	44955892	45676232	280	-0.3192
681399c0-07d4-4283-87df-45b902c31e8b	17	45676523	49940971	2086	0.0181
681399c0-07d4-4283-87df-45b902c31e8b	17	49941006	49942214	3	-3.1529
681399c0-07d4-4283-87df-45b902c31e8b	17	49943770	55459127	3564	-0.0524
681399c0-07d4-4283-87df-45b902c31e8b	17	55464322	57278848	1440	-0.4099
681399c0-07d4-4283-87df-45b902c31e8b	17	57278980	57279085	2	-4.2202
681399c0-07d4-4283-87df-45b902c31e8b	17	57279564	58306661	711	-0.4376
681399c0-07d4-4283-87df-45b902c31e8b	17	58311322	59998235	758	-0.0256
681399c0-07d4-4283-87df-45b902c31e8b	17	59998813	60521897	250	-0.3696
681399c0-07d4-4283-87df-45b902c31e8b	17	60521995	72511023	7269	-0.0397
681399c0-07d4-4283-87df-45b902c31e8b	17	72511214	83091923	5729	0.1946
681399c0-07d4-4283-87df-45b902c31e8b	18	48133	80257174	50254	0.0232
681399c0-07d4-4283-87df-45b902c31e8b	19	90910	21471227	9451	-0.0159
681399c0-07d4-4283-87df-45b902c31e8b	19	21478228	35158204	6920	-0.0824
681399c0-07d4-4283-87df-45b902c31e8b	19	35159526	58586487	12503	-0.0212
681399c0-07d4-4283-87df-45b902c31e8b	20	80664	63720891	41692	-0.0573
681399c0-07d4-4283-87df-45b902c31e8b	20	63731990	63754093	11	0.8165
681399c0-07d4-4283-87df-45b902c31e8b	20	63754205	64115314	120	0.2981
681399c0-07d4-4283-87df-45b902c31e8b	20	64131053	64150343	12	0.9998
681399c0-07d4-4283-87df-45b902c31e8b	20	64153784	64324800	96	-0.0458
681399c0-07d4-4283-87df-45b902c31e8b	21	10354168	25116924	8406	-0.1241
681399c0-07d4-4283-87df-45b902c31e8b	21	25118121	25128853	8	-2.4085
681399c0-07d4-4283-87df-45b902c31e8b	21	25129439	46677045	15172	-0.1077
681399c0-07d4-4283-87df-45b902c31e8b	22	15294547	24456667	4600	-0.0114
681399c0-07d4-4283-87df-45b902c31e8b	22	24457016	49024157	17341	-0.108
681399c0-07d4-4283-87df-45b902c31e8b	22	49024350	50796027	1089	0.0364
681399c0-07d4-4283-87df-45b902c31e8b	X	251810	3152658	349	-0.0155
681399c0-07d4-4283-87df-45b902c31e8b	X	3155630	10197064	5276	-0.2593
681399c0-07d4-4283-87df-45b902c31e8b	X	10198158	10201706	5	-4.1862
681399c0-07d4-4283-87df-45b902c31e8b	X	10202922	33017814	14497	-0.2597
681399c0-07d4-4283-87df-45b902c31e8b	X	33018218	33018965	2	-5.4395
681399c0-07d4-4283-87df-45b902c31e8b	X	33020939	34428948	971	-0.2379
681399c0-07d4-4283-87df-45b902c31e8b	X	34429537	34431826	5	-3.7376
681399c0-07d4-4283-87df-45b902c31e8b	X	34432087	56468285	10819	-0.2663
681399c0-07d4-4283-87df-45b902c31e8b	X	56470959	114762580	26817	0.1557
681399c0-07d4-4283-87df-45b902c31e8b	X	114762895	115720950	513	0.4031
681399c0-07d4-4283-87df-45b902c31e8b	X	115720965	117383827	920	0.1514
681399c0-07d4-4283-87df-45b902c31e8b	X	117384100	117385730	4	-2.6445
681399c0-07d4-4283-87df-45b902c31e8b	X	117385821	120732053	1978	0.1483
681399c0-07d4-4283-87df-45b902c31e8b	X	120732547	120732648	2	-4.2266
681399c0-07d4-4283-87df-45b902c31e8b	X	120732754	155952689	20440	0.1649
681399c0-07d4-4283-87df-45b902c31e8b	Y	2782397	20752415	5894	-1.9635
681399c0-07d4-4283-87df-45b902c31e8b	Y	20752492	20756691	2	-8.4436
681399c0-07d4-4283-87df-45b902c31e8b	Y	20757006	56872112	733	-2.0129
