GDC_Aliquot	Chromosome	Start	End	Num_Probes	Segment_Mean
f0fd2919-3855-46a1-b84b-6927c18130cd	1	62920	3868897	1044	0.0195
f0fd2919-3855-46a1-b84b-6927c18130cd	1	3869960	3876155	4	-2.1271
f0fd2919-3855-46a1-b84b-6927c18130cd	1	3876237	5647403	1500	0.0024
f0fd2919-3855-46a1-b84b-6927c18130cd	1	5647439	5647455	2	-2.5914
f0fd2919-3855-46a1-b84b-6927c18130cd	1	5647878	16785682	6143	0.0069
f0fd2919-3855-46a1-b84b-6927c18130cd	1	16787932	16959715	64	-0.4255
f0fd2919-3855-46a1-b84b-6927c18130cd	1	16959824	18540110	1201	-0.0046
f0fd2919-3855-46a1-b84b-6927c18130cd	1	18540780	18542592	2	-2.2089
f0fd2919-3855-46a1-b84b-6927c18130cd	1	18545394	25256850	4047	0.0102
f0fd2919-3855-46a1-b84b-6927c18130cd	1	25266637	25292440	16	0.8549
f0fd2919-3855-46a1-b84b-6927c18130cd	1	25292549	75585159	30681	0.0153
f0fd2919-3855-46a1-b84b-6927c18130cd	1	75589078	75589169	2	-2.3293
f0fd2919-3855-46a1-b84b-6927c18130cd	1	75593824	101153820	16536	0.0158
f0fd2919-3855-46a1-b84b-6927c18130cd	1	101154683	101154814	3	-1.5203
f0fd2919-3855-46a1-b84b-6927c18130cd	1	101155224	103613021	1521	0.0271
f0fd2919-3855-46a1-b84b-6927c18130cd	1	103613109	103620877	9	-0.6261
f0fd2919-3855-46a1-b84b-6927c18130cd	1	103621165	103760781	6	0.6845
f0fd2919-3855-46a1-b84b-6927c18130cd	1	103760879	105459540	911	0.0028
f0fd2919-3855-46a1-b84b-6927c18130cd	1	105470132	105478582	8	0.6591
f0fd2919-3855-46a1-b84b-6927c18130cd	1	105478597	105479753	11	1.3473
f0fd2919-3855-46a1-b84b-6927c18130cd	1	105481433	105544358	48	0.6344
f0fd2919-3855-46a1-b84b-6927c18130cd	1	105544653	111385772	3915	0.0092
f0fd2919-3855-46a1-b84b-6927c18130cd	1	111386515	111393046	6	-0.8878
f0fd2919-3855-46a1-b84b-6927c18130cd	1	111395080	143494500	5799	0.0234
f0fd2919-3855-46a1-b84b-6927c18130cd	1	143541857	143942271	126	-0.5047
f0fd2919-3855-46a1-b84b-6927c18130cd	1	144432083	152578849	2303	0.0284
f0fd2919-3855-46a1-b84b-6927c18130cd	1	152578988	152618018	45	0.3917
f0fd2919-3855-46a1-b84b-6927c18130cd	1	152618089	152784298	161	0.073
f0fd2919-3855-46a1-b84b-6927c18130cd	1	152784330	152790514	21	-0.4388
f0fd2919-3855-46a1-b84b-6927c18130cd	1	152790564	160833752	4927	0.0155
f0fd2919-3855-46a1-b84b-6927c18130cd	1	160833928	160833945	2	-3.2374
f0fd2919-3855-46a1-b84b-6927c18130cd	1	160834012	169247699	6355	0.0165
f0fd2919-3855-46a1-b84b-6927c18130cd	1	169264736	169272528	6	-1.931
f0fd2919-3855-46a1-b84b-6927c18130cd	1	169273163	196745743	18159	0.0147
f0fd2919-3855-46a1-b84b-6927c18130cd	1	196758720	196762956	4	1.2402
f0fd2919-3855-46a1-b84b-6927c18130cd	1	196769493	196832525	53	0.3778
f0fd2919-3855-46a1-b84b-6927c18130cd	1	196832720	239851879	29550	0.0189
f0fd2919-3855-46a1-b84b-6927c18130cd	1	239852008	239852859	2	-1.71
f0fd2919-3855-46a1-b84b-6927c18130cd	1	239853966	248930189	6209	0.0184
f0fd2919-3855-46a1-b84b-6927c18130cd	2	12784	12163947	9283	0.0125
f0fd2919-3855-46a1-b84b-6927c18130cd	2	12163964	12164189	4	-1.3606
f0fd2919-3855-46a1-b84b-6927c18130cd	2	12164245	17039825	3535	0.0052
f0fd2919-3855-46a1-b84b-6927c18130cd	2	17039898	17056694	47	-0.7769
f0fd2919-3855-46a1-b84b-6927c18130cd	2	17061270	34295406	11084	0.0129
f0fd2919-3855-46a1-b84b-6927c18130cd	2	34298911	34300513	2	-2.1243
f0fd2919-3855-46a1-b84b-6927c18130cd	2	34300900	34466002	95	0.026
f0fd2919-3855-46a1-b84b-6927c18130cd	2	34474248	34476668	6	-2.4837
f0fd2919-3855-46a1-b84b-6927c18130cd	2	34483565	34492907	24	-1.1856
f0fd2919-3855-46a1-b84b-6927c18130cd	2	34492921	34511990	16	-2.2261
f0fd2919-3855-46a1-b84b-6927c18130cd	2	34512096	37828401	2513	0.0045
f0fd2919-3855-46a1-b84b-6927c18130cd	2	37829260	37829808	3	-1.3912
f0fd2919-3855-46a1-b84b-6927c18130cd	2	37830150	52527330	10463	0.0113
f0fd2919-3855-46a1-b84b-6927c18130cd	2	52527342	52554404	39	-1.8454
f0fd2919-3855-46a1-b84b-6927c18130cd	2	52560811	55678046	2322	0.0107
f0fd2919-3855-46a1-b84b-6927c18130cd	2	55680328	55681804	2	-1.5848
f0fd2919-3855-46a1-b84b-6927c18130cd	2	55687655	58966955	2147	-0.004
f0fd2919-3855-46a1-b84b-6927c18130cd	2	58967505	58970679	3	-1.7958
f0fd2919-3855-46a1-b84b-6927c18130cd	2	58971038	106263639	24906	0.0119
f0fd2919-3855-46a1-b84b-6927c18130cd	2	106264257	106266773	4	-1.3563
f0fd2919-3855-46a1-b84b-6927c18130cd	2	106266875	106270799	8	-3.5318
f0fd2919-3855-46a1-b84b-6927c18130cd	2	106270952	130060624	14265	0.0129
f0fd2919-3855-46a1-b84b-6927c18130cd	2	130063181	130450544	102	0.5398
f0fd2919-3855-46a1-b84b-6927c18130cd	2	130454138	166615366	21650	0.0097
f0fd2919-3855-46a1-b84b-6927c18130cd	2	166615984	166616233	2	-2.311
f0fd2919-3855-46a1-b84b-6927c18130cd	2	166617915	183929673	11051	0.017
f0fd2919-3855-46a1-b84b-6927c18130cd	2	183929787	183937588	15	-0.7101
f0fd2919-3855-46a1-b84b-6927c18130cd	2	183937714	242147305	35719	0.0132
f0fd2919-3855-46a1-b84b-6927c18130cd	3	20930	15615340	12472	0.0203
f0fd2919-3855-46a1-b84b-6927c18130cd	3	15617356	15621099	3	-3.442
f0fd2919-3855-46a1-b84b-6927c18130cd	3	15624007	68697013	35239	0.0155
f0fd2919-3855-46a1-b84b-6927c18130cd	3	68697108	68698262	14	-1.1563
f0fd2919-3855-46a1-b84b-6927c18130cd	3	68699607	130044016	34613	0.0168
f0fd2919-3855-46a1-b84b-6927c18130cd	3	130044855	130087393	38	0.5794
f0fd2919-3855-46a1-b84b-6927c18130cd	3	130088081	162822702	20270	0.0202
f0fd2919-3855-46a1-b84b-6927c18130cd	3	162827928	162908207	48	-0.2706
f0fd2919-3855-46a1-b84b-6927c18130cd	3	162908784	189642965	16653	0.0196
f0fd2919-3855-46a1-b84b-6927c18130cd	3	189645889	189646849	11	-0.6494
f0fd2919-3855-46a1-b84b-6927c18130cd	3	189653199	195737444	4030	0.0262
f0fd2919-3855-46a1-b84b-6927c18130cd	3	195737636	195737995	2	-1.4137
f0fd2919-3855-46a1-b84b-6927c18130cd	3	195746925	198169247	1167	0.0265
f0fd2919-3855-46a1-b84b-6927c18130cd	4	68929	10227178	5696	0.0247
f0fd2919-3855-46a1-b84b-6927c18130cd	4	10227193	10232984	26	-0.4779
f0fd2919-3855-46a1-b84b-6927c18130cd	4	10233383	11860934	1468	0.0242
f0fd2919-3855-46a1-b84b-6927c18130cd	4	11861426	11861725	2	-1.55
f0fd2919-3855-46a1-b84b-6927c18130cd	4	11862294	34777432	15493	0.0129
f0fd2919-3855-46a1-b84b-6927c18130cd	4	34784878	34823103	38	-2.1291
f0fd2919-3855-46a1-b84b-6927c18130cd	4	34828250	38463070	2589	0.0203
f0fd2919-3855-46a1-b84b-6927c18130cd	4	38463850	38464035	2	-2.0141
f0fd2919-3855-46a1-b84b-6927c18130cd	4	38464971	49214614	6375	0.0162
f0fd2919-3855-46a1-b84b-6927c18130cd	4	49289175	49289338	2	-1.8173
f0fd2919-3855-46a1-b84b-6927c18130cd	4	49295203	68506285	10458	0.0106
f0fd2919-3855-46a1-b84b-6927c18130cd	4	68509223	68620261	65	0.5886
f0fd2919-3855-46a1-b84b-6927c18130cd	4	68623617	189267889	74414	0.0148
f0fd2919-3855-46a1-b84b-6927c18130cd	4	189273964	189278110	4	-2.4717
f0fd2919-3855-46a1-b84b-6927c18130cd	4	189278617	190106768	350	0.0061
f0fd2919-3855-46a1-b84b-6927c18130cd	5	15532	28052971	19504	0.0108
f0fd2919-3855-46a1-b84b-6927c18130cd	5	28055605	28058946	5	-1.9456
f0fd2919-3855-46a1-b84b-6927c18130cd	5	28059045	34599942	4284	0.0127
f0fd2919-3855-46a1-b84b-6927c18130cd	5	34599967	34599977	2	-2.3954
f0fd2919-3855-46a1-b84b-6927c18130cd	5	34600158	46271006	6820	0.0181
f0fd2919-3855-46a1-b84b-6927c18130cd	5	46271828	46273400	6	-1.5744
f0fd2919-3855-46a1-b84b-6927c18130cd	5	46278110	69533520	12382	0.0152
f0fd2919-3855-46a1-b84b-6927c18130cd	5	69550476	71095358	25	-0.483
f0fd2919-3855-46a1-b84b-6927c18130cd	5	71095426	180951888	69479	0.0133
f0fd2919-3855-46a1-b84b-6927c18130cd	5	180953203	180987465	12	0.7574
f0fd2919-3855-46a1-b84b-6927c18130cd	5	180990207	181363319	175	-0.013
f0fd2919-3855-46a1-b84b-6927c18130cd	6	149661	29882603	21633	0.0259
f0fd2919-3855-46a1-b84b-6927c18130cd	6	29903859	29931120	11	-1.0866
f0fd2919-3855-46a1-b84b-6927c18130cd	6	29931900	29969327	26	-0.326
f0fd2919-3855-46a1-b84b-6927c18130cd	6	29969485	31295092	596	0.0165
f0fd2919-3855-46a1-b84b-6927c18130cd	6	31295439	31297135	2	-1.8434
f0fd2919-3855-46a1-b84b-6927c18130cd	6	31297485	32486746	537	0.0105
f0fd2919-3855-46a1-b84b-6927c18130cd	6	32488906	32641650	54	-0.4756
f0fd2919-3855-46a1-b84b-6927c18130cd	6	32656527	54066286	13684	0.0216
f0fd2919-3855-46a1-b84b-6927c18130cd	6	54066353	54067057	7	-0.9328
f0fd2919-3855-46a1-b84b-6927c18130cd	6	54070550	65684197	4919	0.0224
f0fd2919-3855-46a1-b84b-6927c18130cd	6	65689589	65697234	24	-0.6931
f0fd2919-3855-46a1-b84b-6927c18130cd	6	65697317	78252227	8195	0.0157
f0fd2919-3855-46a1-b84b-6927c18130cd	6	78252333	78332056	126	0.2066
f0fd2919-3855-46a1-b84b-6927c18130cd	6	78332092	103286954	15445	0.0148
f0fd2919-3855-46a1-b84b-6927c18130cd	6	103290101	103314186	46	0.5053
f0fd2919-3855-46a1-b84b-6927c18130cd	6	103317795	167985094	42259	0.0187
f0fd2919-3855-46a1-b84b-6927c18130cd	6	167985895	167989043	2	-2.153
f0fd2919-3855-46a1-b84b-6927c18130cd	6	167989168	170741917	1824	0.0209
f0fd2919-3855-46a1-b84b-6927c18130cd	7	43355	134093899	81587	0.0172
f0fd2919-3855-46a1-b84b-6927c18130cd	7	134100424	134110881	25	0.5451
f0fd2919-3855-46a1-b84b-6927c18130cd	7	134110912	142069843	5197	0.0179
f0fd2919-3855-46a1-b84b-6927c18130cd	7	142069880	142092307	33	-0.595
f0fd2919-3855-46a1-b84b-6927c18130cd	7	142099190	143733941	917	0.0197
f0fd2919-3855-46a1-b84b-6927c18130cd	7	143773027	143875073	16	-0.8559
f0fd2919-3855-46a1-b84b-6927c18130cd	7	143875193	159334314	9914	0.0172
f0fd2919-3855-46a1-b84b-6927c18130cd	8	81254	3671707	2964	0.0149
f0fd2919-3855-46a1-b84b-6927c18130cd	8	3673178	3683698	17	-0.6293
f0fd2919-3855-46a1-b84b-6927c18130cd	8	3685439	5736745	3012	0.0106
f0fd2919-3855-46a1-b84b-6927c18130cd	8	5741204	5749692	30	-0.7162
f0fd2919-3855-46a1-b84b-6927c18130cd	8	5749718	6108559	459	-0.0317
f0fd2919-3855-46a1-b84b-6927c18130cd	8	6116367	6121762	6	-1.2224
f0fd2919-3855-46a1-b84b-6927c18130cd	8	6122457	7357288	1230	0.0066
f0fd2919-3855-46a1-b84b-6927c18130cd	8	7357323	7886542	39	-0.3691
f0fd2919-3855-46a1-b84b-6927c18130cd	8	7888457	7890177	4	-1.8455
f0fd2919-3855-46a1-b84b-6927c18130cd	8	7919608	10168364	1732	0.0141
f0fd2919-3855-46a1-b84b-6927c18130cd	8	10168391	10168621	2	-1.6995
f0fd2919-3855-46a1-b84b-6927c18130cd	8	10172483	12092042	1501	0.0077
f0fd2919-3855-46a1-b84b-6927c18130cd	8	12130217	12143614	6	-2.2619
f0fd2919-3855-46a1-b84b-6927c18130cd	8	12176798	25116961	10430	0.0199
f0fd2919-3855-46a1-b84b-6927c18130cd	8	25117007	25126735	24	0.8968
f0fd2919-3855-46a1-b84b-6927c18130cd	8	25133589	39373140	9011	0.0151
f0fd2919-3855-46a1-b84b-6927c18130cd	8	39378084	39529446	59	0.9074
f0fd2919-3855-46a1-b84b-6927c18130cd	8	39530780	111282852	41929	0.0144
f0fd2919-3855-46a1-b84b-6927c18130cd	8	111282973	111283031	3	-2.2231
f0fd2919-3855-46a1-b84b-6927c18130cd	8	111288052	145072769	22863	0.015
f0fd2919-3855-46a1-b84b-6927c18130cd	9	46587	602857	507	0.0004
f0fd2919-3855-46a1-b84b-6927c18130cd	9	602903	606844	3	1.3449
f0fd2919-3855-46a1-b84b-6927c18130cd	9	606893	5302749	4902	0.0197
f0fd2919-3855-46a1-b84b-6927c18130cd	9	5311567	5337707	11	0.7228
f0fd2919-3855-46a1-b84b-6927c18130cd	9	5340984	23366284	14966	0.018
f0fd2919-3855-46a1-b84b-6927c18130cd	9	23367171	23372401	4	1.2096
f0fd2919-3855-46a1-b84b-6927c18130cd	9	23373486	61378951	10926	0.015
f0fd2919-3855-46a1-b84b-6927c18130cd	9	61405110	61573452	20	-0.9704
f0fd2919-3855-46a1-b84b-6927c18130cd	9	61574022	108188097	28283	0.0178
f0fd2919-3855-46a1-b84b-6927c18130cd	9	108188387	108190771	3	-2.4156
f0fd2919-3855-46a1-b84b-6927c18130cd	9	108192383	135248156	18587	0.0196
f0fd2919-3855-46a1-b84b-6927c18130cd	9	135259826	135416879	114	0.5973
f0fd2919-3855-46a1-b84b-6927c18130cd	9	135417501	138200944	1035	-0.0041
f0fd2919-3855-46a1-b84b-6927c18130cd	10	45792	133654968	90532	0.0152
f0fd2919-3855-46a1-b84b-6927c18130cd	11	198510	4217824	1732	0.0213
f0fd2919-3855-46a1-b84b-6927c18130cd	11	4228783	4306942	24	-0.7577
f0fd2919-3855-46a1-b84b-6927c18130cd	11	4314648	5772353	1479	0.0181
f0fd2919-3855-46a1-b84b-6927c18130cd	11	5773015	5787818	21	-0.6532
f0fd2919-3855-46a1-b84b-6927c18130cd	11	5787909	18919323	9389	0.016
f0fd2919-3855-46a1-b84b-6927c18130cd	11	18927525	18939631	34	-1.0983
f0fd2919-3855-46a1-b84b-6927c18130cd	11	18939734	55595864	21744	0.0138
f0fd2919-3855-46a1-b84b-6927c18130cd	11	55606556	55685533	59	0.3524
f0fd2919-3855-46a1-b84b-6927c18130cd	11	55686100	134739499	51923	0.0151
f0fd2919-3855-46a1-b84b-6927c18130cd	11	134739663	134739672	2	-2.1118
f0fd2919-3855-46a1-b84b-6927c18130cd	11	134740048	135074876	276	-0.0581
f0fd2919-3855-46a1-b84b-6927c18130cd	12	51460	2126462	1262	0.0222
f0fd2919-3855-46a1-b84b-6927c18130cd	12	2126723	2148754	42	-0.6419
f0fd2919-3855-46a1-b84b-6927c18130cd	12	2148857	8289689	4247	0.0158
f0fd2919-3855-46a1-b84b-6927c18130cd	12	8296516	8296621	2	1.3503
f0fd2919-3855-46a1-b84b-6927c18130cd	12	8300870	9481274	612	0.0074
f0fd2919-3855-46a1-b84b-6927c18130cd	12	9485313	9562969	22	0.4695
f0fd2919-3855-46a1-b84b-6927c18130cd	12	9575696	11070111	1040	0.0219
f0fd2919-3855-46a1-b84b-6927c18130cd	12	11072090	11088933	8	-0.924
f0fd2919-3855-46a1-b84b-6927c18130cd	12	11099275	11358644	132	0.0395
f0fd2919-3855-46a1-b84b-6927c18130cd	12	11359558	11390472	29	0.5382
f0fd2919-3855-46a1-b84b-6927c18130cd	12	11399258	45510655	20946	0.0166
f0fd2919-3855-46a1-b84b-6927c18130cd	12	45512057	45515754	3	-2.3255
f0fd2919-3855-46a1-b84b-6927c18130cd	12	45519509	133201603	56348	0.0158
f0fd2919-3855-46a1-b84b-6927c18130cd	13	18452809	23058539	2848	0.0201
f0fd2919-3855-46a1-b84b-6927c18130cd	13	23058721	23059376	11	-2.246
f0fd2919-3855-46a1-b84b-6927c18130cd	13	23064056	114342922	61185	0.0134
f0fd2919-3855-46a1-b84b-6927c18130cd	14	18239283	19735726	70	0.0783
f0fd2919-3855-46a1-b84b-6927c18130cd	14	19735739	19955213	97	0.2925
f0fd2919-3855-46a1-b84b-6927c18130cd	14	19956767	26310436	4332	0.0207
f0fd2919-3855-46a1-b84b-6927c18130cd	14	26314697	26314711	6	-1
f0fd2919-3855-46a1-b84b-6927c18130cd	14	26314712	46149427	12125	0.0127
f0fd2919-3855-46a1-b84b-6927c18130cd	14	46153104	46161083	6	1.2338
f0fd2919-3855-46a1-b84b-6927c18130cd	14	46168778	51804561	3459	0.0213
f0fd2919-3855-46a1-b84b-6927c18130cd	14	51804883	51808473	2	-1.8402
f0fd2919-3855-46a1-b84b-6927c18130cd	14	51808935	106877229	35223	0.0158
f0fd2919-3855-46a1-b84b-6927c18130cd	15	19811075	20001686	45	0.1073
f0fd2919-3855-46a1-b84b-6927c18130cd	15	20011702	22584747	169	-0.7007
f0fd2919-3855-46a1-b84b-6927c18130cd	15	22590285	30231102	4617	0.0123
f0fd2919-3855-46a1-b84b-6927c18130cd	15	30252720	30300815	11	0.7171
f0fd2919-3855-46a1-b84b-6927c18130cd	15	30304026	76586021	29022	0.0179
f0fd2919-3855-46a1-b84b-6927c18130cd	15	76598900	76603434	22	1.0021
f0fd2919-3855-46a1-b84b-6927c18130cd	15	76609838	77372024	326	0.0241
f0fd2919-3855-46a1-b84b-6927c18130cd	15	77373423	77381117	8	-0.9345
f0fd2919-3855-46a1-b84b-6927c18130cd	15	77384627	101928837	17250	0.013
f0fd2919-3855-46a1-b84b-6927c18130cd	16	10777	55762682	26892	0.0122
f0fd2919-3855-46a1-b84b-6927c18130cd	16	55764310	55764867	3	2.1693
f0fd2919-3855-46a1-b84b-6927c18130cd	16	55770436	78337711	14272	0.0122
f0fd2919-3855-46a1-b84b-6927c18130cd	16	78338543	78350841	16	0.7673
f0fd2919-3855-46a1-b84b-6927c18130cd	16	78350868	90096867	10591	0.0087
f0fd2919-3855-46a1-b84b-6927c18130cd	17	150733	41265456	20774	0.0115
f0fd2919-3855-46a1-b84b-6927c18130cd	17	41266762	41274198	23	0.9584
f0fd2919-3855-46a1-b84b-6927c18130cd	17	41274279	53640545	6687	0.0118
f0fd2919-3855-46a1-b84b-6927c18130cd	17	53649631	53649820	2	-2.7677
f0fd2919-3855-46a1-b84b-6927c18130cd	17	53651183	57610128	2921	0.0211
f0fd2919-3855-46a1-b84b-6927c18130cd	17	57610972	57611632	2	1.7636
f0fd2919-3855-46a1-b84b-6927c18130cd	17	57614632	83091923	14539	0.0158
f0fd2919-3855-46a1-b84b-6927c18130cd	18	48133	40680516	22753	0.0129
f0fd2919-3855-46a1-b84b-6927c18130cd	18	40680526	40685425	14	-1.5418
f0fd2919-3855-46a1-b84b-6927c18130cd	18	40688060	80257174	27873	0.0129
f0fd2919-3855-46a1-b84b-6927c18130cd	19	90910	20411869	8913	0.0089
f0fd2919-3855-46a1-b84b-6927c18130cd	19	20413400	20538428	69	-0.6735
f0fd2919-3855-46a1-b84b-6927c18130cd	19	20538656	51628545	15753	0.0142
f0fd2919-3855-46a1-b84b-6927c18130cd	19	51628560	51644944	12	-0.8684
f0fd2919-3855-46a1-b84b-6927c18130cd	19	51651652	54721301	2007	0.0088
f0fd2919-3855-46a1-b84b-6927c18130cd	19	54725780	54740939	9	0.5838
f0fd2919-3855-46a1-b84b-6927c18130cd	19	54772391	54786431	3	-0.1497
f0fd2919-3855-46a1-b84b-6927c18130cd	19	54787128	54822372	18	0.719
f0fd2919-3855-46a1-b84b-6927c18130cd	19	54822429	58586487	2295	0.0106
f0fd2919-3855-46a1-b84b-6927c18130cd	20	80664	1580934	1205	0.0077
f0fd2919-3855-46a1-b84b-6927c18130cd	20	1581021	1617300	41	-0.4325
f0fd2919-3855-46a1-b84b-6927c18130cd	20	1617460	45719923	27681	0.015
f0fd2919-3855-46a1-b84b-6927c18130cd	20	45721734	45749572	26	-0.966
f0fd2919-3855-46a1-b84b-6927c18130cd	20	45752208	64324800	13361	0.0164
f0fd2919-3855-46a1-b84b-6927c18130cd	21	10354168	22278814	6290	0.0075
f0fd2919-3855-46a1-b84b-6927c18130cd	21	22283580	22292338	9	-0.9678
f0fd2919-3855-46a1-b84b-6927c18130cd	21	22294679	46677045	17521	0.0143
f0fd2919-3855-46a1-b84b-6927c18130cd	22	15294547	18649244	1134	0.0241
f0fd2919-3855-46a1-b84b-6927c18130cd	22	18760927	18783014	3	-1.1769
f0fd2919-3855-46a1-b84b-6927c18130cd	22	18818348	19360405	268	0.027
f0fd2919-3855-46a1-b84b-6927c18130cd	22	19360635	19360676	2	-2.5366
f0fd2919-3855-46a1-b84b-6927c18130cd	22	19361403	50796027	21825	0.0101
f0fd2919-3855-46a1-b84b-6927c18130cd	X	251810	34491088	21530	0.0161
f0fd2919-3855-46a1-b84b-6927c18130cd	X	34491331	34494528	3	-1.846
f0fd2919-3855-46a1-b84b-6927c18130cd	X	34494606	117409589	39425	0.0141
f0fd2919-3855-46a1-b84b-6927c18130cd	X	117409607	117415270	9	-0.7692
f0fd2919-3855-46a1-b84b-6927c18130cd	X	117415836	155952689	22596	0.0143
f0fd2919-3855-46a1-b84b-6927c18130cd	Y	2782397	6075631	719	-2.3163
f0fd2919-3855-46a1-b84b-6927c18130cd	Y	6076562	23586854	5729	-2.7502
f0fd2919-3855-46a1-b84b-6927c18130cd	Y	23784615	56872112	192	-2.3973
