GDC_Aliquot	Chromosome	Start	End	Num_Probes	Segment_Mean
fe24faf9-2238-488b-bde4-d1d66782cd10	1	62920	6743687	3147	0.0057
fe24faf9-2238-488b-bde4-d1d66782cd10	1	6748294	6750728	5	-1.9369
fe24faf9-2238-488b-bde4-d1d66782cd10	1	6756629	10186596	1939	0.0124
fe24faf9-2238-488b-bde4-d1d66782cd10	1	10189904	10189905	2	-2.1963
fe24faf9-2238-488b-bde4-d1d66782cd10	1	10189919	10311780	83	-0.0539
fe24faf9-2238-488b-bde4-d1d66782cd10	1	10314212	10317925	7	-1.0348
fe24faf9-2238-488b-bde4-d1d66782cd10	1	10321714	16489595	3452	0.0016
fe24faf9-2238-488b-bde4-d1d66782cd10	1	16493138	16898730	78	-0.3979
fe24faf9-2238-488b-bde4-d1d66782cd10	1	16898872	16909189	4	0.954
fe24faf9-2238-488b-bde4-d1d66782cd10	1	16909203	16965399	45	-0.5131
fe24faf9-2238-488b-bde4-d1d66782cd10	1	16968717	21295043	2921	0.0166
fe24faf9-2238-488b-bde4-d1d66782cd10	1	21295676	21424751	87	-0.1758
fe24faf9-2238-488b-bde4-d1d66782cd10	1	21433302	21433632	2	-1.5596
fe24faf9-2238-488b-bde4-d1d66782cd10	1	21443394	25256850	2240	0.0107
fe24faf9-2238-488b-bde4-d1d66782cd10	1	25266637	25284961	14	-0.7327
fe24faf9-2238-488b-bde4-d1d66782cd10	1	25289805	55025942	16334	0.008
fe24faf9-2238-488b-bde4-d1d66782cd10	1	55030071	55030503	5	-0.9973
fe24faf9-2238-488b-bde4-d1d66782cd10	1	55031629	60511630	4245	0.0256
fe24faf9-2238-488b-bde4-d1d66782cd10	1	60517529	60518110	4	-0.9935
fe24faf9-2238-488b-bde4-d1d66782cd10	1	60519714	72284670	8141	0.0137
fe24faf9-2238-488b-bde4-d1d66782cd10	1	72290430	72297687	9	-0.7842
fe24faf9-2238-488b-bde4-d1d66782cd10	1	72302735	72345393	46	0.4041
fe24faf9-2238-488b-bde4-d1d66782cd10	1	72345450	102221147	19295	0.0145
fe24faf9-2238-488b-bde4-d1d66782cd10	1	102222016	102266885	29	0.4453
fe24faf9-2238-488b-bde4-d1d66782cd10	1	102267134	103616762	709	0.0287
fe24faf9-2238-488b-bde4-d1d66782cd10	1	103620877	103697364	4	-1.0716
fe24faf9-2238-488b-bde4-d1d66782cd10	1	103717410	109684893	3571	0.0208
fe24faf9-2238-488b-bde4-d1d66782cd10	1	109690352	109697556	13	1.9147
fe24faf9-2238-488b-bde4-d1d66782cd10	1	109702376	110852785	884	0.0156
fe24faf9-2238-488b-bde4-d1d66782cd10	1	110853446	110857543	2	-1.5068
fe24faf9-2238-488b-bde4-d1d66782cd10	1	110858171	112147704	1063	0.0079
fe24faf9-2238-488b-bde4-d1d66782cd10	1	112153343	112154768	25	-1.7969
fe24faf9-2238-488b-bde4-d1d66782cd10	1	112163334	196742057	37302	0.0106
fe24faf9-2238-488b-bde4-d1d66782cd10	1	196745692	196832312	58	-0.5427
fe24faf9-2238-488b-bde4-d1d66782cd10	1	196832525	242976935	32078	0.0098
fe24faf9-2238-488b-bde4-d1d66782cd10	1	242979007	243119182	23	-0.4761
fe24faf9-2238-488b-bde4-d1d66782cd10	1	243129825	248930189	3723	0.0084
fe24faf9-2238-488b-bde4-d1d66782cd10	2	12784	14565932	11037	0.0171
fe24faf9-2238-488b-bde4-d1d66782cd10	2	14566145	14569897	9	-0.9663
fe24faf9-2238-488b-bde4-d1d66782cd10	2	14569968	26010616	7695	0.0053
fe24faf9-2238-488b-bde4-d1d66782cd10	2	26015352	26016414	2	-1.4355
fe24faf9-2238-488b-bde4-d1d66782cd10	2	26016711	34721279	5520	-0.0039
fe24faf9-2238-488b-bde4-d1d66782cd10	2	34721612	36140420	1040	0.08
fe24faf9-2238-488b-bde4-d1d66782cd10	2	36143141	50661516	10549	0.0133
fe24faf9-2238-488b-bde4-d1d66782cd10	2	50662958	51110458	317	0.1439
fe24faf9-2238-488b-bde4-d1d66782cd10	2	51110914	52527330	959	0.0378
fe24faf9-2238-488b-bde4-d1d66782cd10	2	52527342	52554404	39	-2.351
fe24faf9-2238-488b-bde4-d1d66782cd10	2	52560811	79861367	17809	0.0165
fe24faf9-2238-488b-bde4-d1d66782cd10	2	79861814	79862693	7	-0.7518
fe24faf9-2238-488b-bde4-d1d66782cd10	2	79864348	86710564	4099	0.0147
fe24faf9-2238-488b-bde4-d1d66782cd10	2	86725947	86744622	4	-1.603
fe24faf9-2238-488b-bde4-d1d66782cd10	2	86745723	87487629	159	-0.1289
fe24faf9-2238-488b-bde4-d1d66782cd10	2	87489160	87542032	14	-0.7394
fe24faf9-2238-488b-bde4-d1d66782cd10	2	87546272	89248581	666	0.0008
fe24faf9-2238-488b-bde4-d1d66782cd10	2	89249362	89253753	4	-1.0918
fe24faf9-2238-488b-bde4-d1d66782cd10	2	89254398	97168345	1045	-0.0379
fe24faf9-2238-488b-bde4-d1d66782cd10	2	97168383	97624729	62	-0.3737
fe24faf9-2238-488b-bde4-d1d66782cd10	2	97627711	113604438	9343	0.0107
fe24faf9-2238-488b-bde4-d1d66782cd10	2	113604837	113604839	2	-1.8789
fe24faf9-2238-488b-bde4-d1d66782cd10	2	113623244	146106875	20033	0.0158
fe24faf9-2238-488b-bde4-d1d66782cd10	2	146106889	146122856	34	0.6914
fe24faf9-2238-488b-bde4-d1d66782cd10	2	146123485	151261266	3042	0.0071
fe24faf9-2238-488b-bde4-d1d66782cd10	2	151261965	151274400	2	1.2805
fe24faf9-2238-488b-bde4-d1d66782cd10	2	151274814	153630391	1580	0.0116
fe24faf9-2238-488b-bde4-d1d66782cd10	2	153631207	153635647	3	-1.0394
fe24faf9-2238-488b-bde4-d1d66782cd10	2	153636625	156503014	1618	0.0342
fe24faf9-2238-488b-bde4-d1d66782cd10	2	156504456	156506704	2	2.184
fe24faf9-2238-488b-bde4-d1d66782cd10	2	156507516	183206853	16575	0.0085
fe24faf9-2238-488b-bde4-d1d66782cd10	2	183209675	183224996	13	-0.7733
fe24faf9-2238-488b-bde4-d1d66782cd10	2	183229270	207490231	14110	0.0145
fe24faf9-2238-488b-bde4-d1d66782cd10	2	207490454	207494795	17	-0.6183
fe24faf9-2238-488b-bde4-d1d66782cd10	2	207494836	242147305	22075	0.0092
fe24faf9-2238-488b-bde4-d1d66782cd10	3	20930	788743	642	0.0738
fe24faf9-2238-488b-bde4-d1d66782cd10	3	790906	797883	4	-1.1676
fe24faf9-2238-488b-bde4-d1d66782cd10	3	800431	2780268	1762	0.076
fe24faf9-2238-488b-bde4-d1d66782cd10	3	2780466	21838075	13995	0.0126
fe24faf9-2238-488b-bde4-d1d66782cd10	3	21838102	22172202	335	0.1338
fe24faf9-2238-488b-bde4-d1d66782cd10	3	22176672	41937981	13531	0.0182
fe24faf9-2238-488b-bde4-d1d66782cd10	3	41939998	42146297	107	-0.2702
fe24faf9-2238-488b-bde4-d1d66782cd10	3	42146917	60165546	10502	0.0121
fe24faf9-2238-488b-bde4-d1d66782cd10	3	60166224	60588813	441	0.109
fe24faf9-2238-488b-bde4-d1d66782cd10	3	60588988	65202778	3992	0.0223
fe24faf9-2238-488b-bde4-d1d66782cd10	3	65203560	65224777	52	-0.54
fe24faf9-2238-488b-bde4-d1d66782cd10	3	65230674	68697295	2426	0.0193
fe24faf9-2238-488b-bde4-d1d66782cd10	3	68697557	68697672	4	-1.1135
fe24faf9-2238-488b-bde4-d1d66782cd10	3	68697689	75413665	4894	0.0208
fe24faf9-2238-488b-bde4-d1d66782cd10	3	75413745	75793727	98	-0.3908
fe24faf9-2238-488b-bde4-d1d66782cd10	3	75794356	91390926	8073	0.0284
fe24faf9-2238-488b-bde4-d1d66782cd10	3	91462299	93824162	11	-0.5134
fe24faf9-2238-488b-bde4-d1d66782cd10	3	93824358	99225614	2837	0.0127
fe24faf9-2238-488b-bde4-d1d66782cd10	3	99225632	99230470	36	-0.5162
fe24faf9-2238-488b-bde4-d1d66782cd10	3	99230577	107314617	4768	0.0208
fe24faf9-2238-488b-bde4-d1d66782cd10	3	107316951	107317337	2	-2.3803
fe24faf9-2238-488b-bde4-d1d66782cd10	3	107320614	125688845	11462	0.0084
fe24faf9-2238-488b-bde4-d1d66782cd10	3	125705628	125739919	16	-0.5572
fe24faf9-2238-488b-bde4-d1d66782cd10	3	125743486	129985309	2431	0.0012
fe24faf9-2238-488b-bde4-d1d66782cd10	3	129985555	130141782	87	-0.2418
fe24faf9-2238-488b-bde4-d1d66782cd10	3	130149891	136672353	4130	0.0075
fe24faf9-2238-488b-bde4-d1d66782cd10	3	136672522	136673382	2	2.7691
fe24faf9-2238-488b-bde4-d1d66782cd10	3	136676699	137314218	345	-0.0167
fe24faf9-2238-488b-bde4-d1d66782cd10	3	137314418	137314421	3	1.2025
fe24faf9-2238-488b-bde4-d1d66782cd10	3	137314580	162815162	15779	0.0159
fe24faf9-2238-488b-bde4-d1d66782cd10	3	162816942	162822702	6	-1.4933
fe24faf9-2238-488b-bde4-d1d66782cd10	3	162827928	183878527	12769	0.0205
fe24faf9-2238-488b-bde4-d1d66782cd10	3	183878574	184143962	131	-0.1777
fe24faf9-2238-488b-bde4-d1d66782cd10	3	184145917	193155915	6311	0.018
fe24faf9-2238-488b-bde4-d1d66782cd10	3	193156018	193165114	22	0.9663
fe24faf9-2238-488b-bde4-d1d66782cd10	3	193168646	195704028	1498	-0.0004
fe24faf9-2238-488b-bde4-d1d66782cd10	3	195706899	195737444	24	-0.5755
fe24faf9-2238-488b-bde4-d1d66782cd10	3	195737636	198142659	1166	-0.0466
fe24faf9-2238-488b-bde4-d1d66782cd10	3	198169114	198169247	4	1.1909
fe24faf9-2238-488b-bde4-d1d66782cd10	4	68929	117100	34	0.0465
fe24faf9-2238-488b-bde4-d1d66782cd10	4	121227	121235	2	-1.865
fe24faf9-2238-488b-bde4-d1d66782cd10	4	121682	3901987	1537	-0.004
fe24faf9-2238-488b-bde4-d1d66782cd10	4	3905987	4174887	70	-0.4259
fe24faf9-2238-488b-bde4-d1d66782cd10	4	4174902	9403220	3484	0.0167
fe24faf9-2238-488b-bde4-d1d66782cd10	4	9403314	9415909	10	-0.7081
fe24faf9-2238-488b-bde4-d1d66782cd10	4	9415994	9455251	23	-0.1079
fe24faf9-2238-488b-bde4-d1d66782cd10	4	9459504	9477699	6	-1.6441
fe24faf9-2238-488b-bde4-d1d66782cd10	4	9484440	9617513	38	-0.38
fe24faf9-2238-488b-bde4-d1d66782cd10	4	9624789	10208766	500	0.008
fe24faf9-2238-488b-bde4-d1d66782cd10	4	10221792	10232642	30	1.6339
fe24faf9-2238-488b-bde4-d1d66782cd10	4	10232984	10389091	176	0.0228
fe24faf9-2238-488b-bde4-d1d66782cd10	4	10390730	10399044	16	-0.5694
fe24faf9-2238-488b-bde4-d1d66782cd10	4	10401094	32392452	15440	0.0142
fe24faf9-2238-488b-bde4-d1d66782cd10	4	32398929	32399891	5	1.1679
fe24faf9-2238-488b-bde4-d1d66782cd10	4	32403692	32465886	51	0.0098
fe24faf9-2238-488b-bde4-d1d66782cd10	4	32469117	32564538	52	0.2371
fe24faf9-2238-488b-bde4-d1d66782cd10	4	32565528	34784878	1240	0.0151
fe24faf9-2238-488b-bde4-d1d66782cd10	4	34785333	34828250	38	0.3642
fe24faf9-2238-488b-bde4-d1d66782cd10	4	34828291	43080967	5484	0.0205
fe24faf9-2238-488b-bde4-d1d66782cd10	4	43084793	43084947	2	3.232
fe24faf9-2238-488b-bde4-d1d66782cd10	4	43086285	49087357	3473	0.0341
fe24faf9-2238-488b-bde4-d1d66782cd10	4	49091769	49588639	23	-0.4424
fe24faf9-2238-488b-bde4-d1d66782cd10	4	49618868	62802116	7008	0.0121
fe24faf9-2238-488b-bde4-d1d66782cd10	4	62804218	62805944	8	-0.7876
fe24faf9-2238-488b-bde4-d1d66782cd10	4	62813912	68354665	3435	0.0233
fe24faf9-2238-488b-bde4-d1d66782cd10	4	68361130	68391041	4	1.8359
fe24faf9-2238-488b-bde4-d1d66782cd10	4	68394355	68509442	23	-0.042
fe24faf9-2238-488b-bde4-d1d66782cd10	4	68509630	68639397	64	0.5396
fe24faf9-2238-488b-bde4-d1d66782cd10	4	68640616	69261934	315	0.0533
fe24faf9-2238-488b-bde4-d1d66782cd10	4	69262694	69366081	52	-0.5977
fe24faf9-2238-488b-bde4-d1d66782cd10	4	69366304	85179935	9796	0.0154
fe24faf9-2238-488b-bde4-d1d66782cd10	4	85180429	85184431	7	-1.1448
fe24faf9-2238-488b-bde4-d1d66782cd10	4	85184464	156046936	42432	0.016
fe24faf9-2238-488b-bde4-d1d66782cd10	4	156047028	156052053	14	-0.6912
fe24faf9-2238-488b-bde4-d1d66782cd10	4	156053545	188300104	21106	0.0173
fe24faf9-2238-488b-bde4-d1d66782cd10	4	188300206	188300221	2	-2.2562
fe24faf9-2238-488b-bde4-d1d66782cd10	4	188300270	189856638	1080	0.0134
fe24faf9-2238-488b-bde4-d1d66782cd10	4	189856937	190000576	54	-0.3797
fe24faf9-2238-488b-bde4-d1d66782cd10	4	190010040	190106768	10	-0.0026
fe24faf9-2238-488b-bde4-d1d66782cd10	5	15532	590595	240	-0.0075
fe24faf9-2238-488b-bde4-d1d66782cd10	5	592049	833513	113	-0.1911
fe24faf9-2238-488b-bde4-d1d66782cd10	5	852451	12815668	9842	0.0209
fe24faf9-2238-488b-bde4-d1d66782cd10	5	12815753	12826538	10	-1.176
fe24faf9-2238-488b-bde4-d1d66782cd10	5	12833745	20425033	4905	0.014
fe24faf9-2238-488b-bde4-d1d66782cd10	5	20425511	20439248	17	0.7594
fe24faf9-2238-488b-bde4-d1d66782cd10	5	20439686	27524345	4125	0.0217
fe24faf9-2238-488b-bde4-d1d66782cd10	5	27525283	27525913	10	-0.6204
fe24faf9-2238-488b-bde4-d1d66782cd10	5	27527372	69524282	23815	0.0156
fe24faf9-2238-488b-bde4-d1d66782cd10	5	69528390	71364924	32	-0.4456
fe24faf9-2238-488b-bde4-d1d66782cd10	5	71365381	138469431	41664	0.0187
fe24faf9-2238-488b-bde4-d1d66782cd10	5	138472272	138480779	18	-0.5147
fe24faf9-2238-488b-bde4-d1d66782cd10	5	138481105	152134610	8601	0.009
fe24faf9-2238-488b-bde4-d1d66782cd10	5	152135825	152135937	4	-2.2508
fe24faf9-2238-488b-bde4-d1d66782cd10	5	152136158	152137227	5	-5.3931
fe24faf9-2238-488b-bde4-d1d66782cd10	5	152138502	152138790	5	-1.5238
fe24faf9-2238-488b-bde4-d1d66782cd10	5	152140710	152199363	51	-0.0096
fe24faf9-2238-488b-bde4-d1d66782cd10	5	152203251	152203849	4	-1.004
fe24faf9-2238-488b-bde4-d1d66782cd10	5	152205566	156045045	2600	0.0236
fe24faf9-2238-488b-bde4-d1d66782cd10	5	156045123	156055719	19	-0.5115
fe24faf9-2238-488b-bde4-d1d66782cd10	5	156068240	175960856	14069	0.0121
fe24faf9-2238-488b-bde4-d1d66782cd10	5	175966609	176050177	16	-0.6962
fe24faf9-2238-488b-bde4-d1d66782cd10	5	176097194	181363319	2706	-0.0006
fe24faf9-2238-488b-bde4-d1d66782cd10	6	149661	254283	101	-0.0982
fe24faf9-2238-488b-bde4-d1d66782cd10	6	257353	294837	23	-0.8432
fe24faf9-2238-488b-bde4-d1d66782cd10	6	302306	373453	71	0.2966
fe24faf9-2238-488b-bde4-d1d66782cd10	6	375277	29765446	21371	0.0086
fe24faf9-2238-488b-bde4-d1d66782cd10	6	29765965	29869295	86	-0.2122
fe24faf9-2238-488b-bde4-d1d66782cd10	6	29869410	29907031	24	0.2173
fe24faf9-2238-488b-bde4-d1d66782cd10	6	29909182	29931120	7	-1.5279
fe24faf9-2238-488b-bde4-d1d66782cd10	6	29931900	31313046	646	0.0086
fe24faf9-2238-488b-bde4-d1d66782cd10	6	31318499	31342147	12	-1.7481
fe24faf9-2238-488b-bde4-d1d66782cd10	6	31349570	32533522	515	-0.0306
fe24faf9-2238-488b-bde4-d1d66782cd10	6	32540699	32572834	11	-1.1601
fe24faf9-2238-488b-bde4-d1d66782cd10	6	32576532	40396586	4987	0.0111
fe24faf9-2238-488b-bde4-d1d66782cd10	6	40397862	40400783	5	-1.0707
fe24faf9-2238-488b-bde4-d1d66782cd10	6	40401554	54066353	8743	0.0135
fe24faf9-2238-488b-bde4-d1d66782cd10	6	54066432	54067057	6	1.8284
fe24faf9-2238-488b-bde4-d1d66782cd10	6	54070550	64627049	4225	0.0071
fe24faf9-2238-488b-bde4-d1d66782cd10	6	64637651	64639099	2	1.4574
fe24faf9-2238-488b-bde4-d1d66782cd10	6	64640883	78253172	8934	0.0206
fe24faf9-2238-488b-bde4-d1d66782cd10	6	78259348	78325468	113	0.4009
fe24faf9-2238-488b-bde4-d1d66782cd10	6	78329517	85764650	4708	0.0077
fe24faf9-2238-488b-bde4-d1d66782cd10	6	85766766	85780100	11	-0.539
fe24faf9-2238-488b-bde4-d1d66782cd10	6	85782009	89297917	2124	0.0029
fe24faf9-2238-488b-bde4-d1d66782cd10	6	89298981	89299480	3	-2.0894
fe24faf9-2238-488b-bde4-d1d66782cd10	6	89301791	93803959	3078	0.0247
fe24faf9-2238-488b-bde4-d1d66782cd10	6	93804556	94860752	704	0.127
fe24faf9-2238-488b-bde4-d1d66782cd10	6	94861340	110073703	9116	0.0169
fe24faf9-2238-488b-bde4-d1d66782cd10	6	110074988	110092034	17	-0.6135
fe24faf9-2238-488b-bde4-d1d66782cd10	6	110094225	170741917	39918	0.0148
fe24faf9-2238-488b-bde4-d1d66782cd10	7	43355	6737427	3408	0.0014
fe24faf9-2238-488b-bde4-d1d66782cd10	7	6739639	6978272	60	-0.3146
fe24faf9-2238-488b-bde4-d1d66782cd10	7	6982579	56727795	36584	0.0184
fe24faf9-2238-488b-bde4-d1d66782cd10	7	56733561	62559778	501	-0.1412
fe24faf9-2238-488b-bde4-d1d66782cd10	7	62589052	63273383	249	0.3493
fe24faf9-2238-488b-bde4-d1d66782cd10	7	63289788	67172252	1408	-0.0384
fe24faf9-2238-488b-bde4-d1d66782cd10	7	67176387	67180245	5	-2.7064
fe24faf9-2238-488b-bde4-d1d66782cd10	7	67182652	67233947	15	-0.6967
fe24faf9-2238-488b-bde4-d1d66782cd10	7	67234797	70954428	2370	0.0044
fe24faf9-2238-488b-bde4-d1d66782cd10	7	70954832	70961155	4	-1.6635
fe24faf9-2238-488b-bde4-d1d66782cd10	7	70963257	76524031	2142	-0.012
fe24faf9-2238-488b-bde4-d1d66782cd10	7	76524046	76531980	3	-1.8329
fe24faf9-2238-488b-bde4-d1d66782cd10	7	76531991	88583905	7635	0.0144
fe24faf9-2238-488b-bde4-d1d66782cd10	7	88584134	89733704	754	0.0976
fe24faf9-2238-488b-bde4-d1d66782cd10	7	89733704	100727566	6453	0.0109
fe24faf9-2238-488b-bde4-d1d66782cd10	7	100731621	100731642	2	-1.8833
fe24faf9-2238-488b-bde4-d1d66782cd10	7	100735219	159334314	36206	0.0124
fe24faf9-2238-488b-bde4-d1d66782cd10	8	81254	213414	7	-0.3984
fe24faf9-2238-488b-bde4-d1d66782cd10	8	214984	4850809	4877	0.0541
fe24faf9-2238-488b-bde4-d1d66782cd10	8	4850832	4851208	2	-1.8585
fe24faf9-2238-488b-bde4-d1d66782cd10	8	4851991	5741213	1116	0.0631
fe24faf9-2238-488b-bde4-d1d66782cd10	8	5741242	5746805	24	-0.6652
fe24faf9-2238-488b-bde4-d1d66782cd10	8	5746973	5783136	40	0.1152
fe24faf9-2238-488b-bde4-d1d66782cd10	8	5783469	5791529	13	-0.4705
fe24faf9-2238-488b-bde4-d1d66782cd10	8	5791541	6155061	466	0.1147
fe24faf9-2238-488b-bde4-d1d66782cd10	8	6157894	7078298	1151	0.0029
fe24faf9-2238-488b-bde4-d1d66782cd10	8	7078421	7172468	24	-0.6267
fe24faf9-2238-488b-bde4-d1d66782cd10	8	7176273	12002231	3287	0.0167
fe24faf9-2238-488b-bde4-d1d66782cd10	8	12004300	12623169	70	-0.2694
fe24faf9-2238-488b-bde4-d1d66782cd10	8	12624470	18617844	5519	0.0266
fe24faf9-2238-488b-bde4-d1d66782cd10	8	18617922	18618233	5	-1.0439
fe24faf9-2238-488b-bde4-d1d66782cd10	8	18621647	22407235	3061	0.0353
fe24faf9-2238-488b-bde4-d1d66782cd10	8	22411957	22485884	35	-0.2702
fe24faf9-2238-488b-bde4-d1d66782cd10	8	22485951	25117062	1780	0.023
fe24faf9-2238-488b-bde4-d1d66782cd10	8	25117985	25119126	5	1.0803
fe24faf9-2238-488b-bde4-d1d66782cd10	8	25119160	39389156	9034	0.0093
fe24faf9-2238-488b-bde4-d1d66782cd10	8	39389592	39526605	53	-0.2666
fe24faf9-2238-488b-bde4-d1d66782cd10	8	39527181	43554008	2521	0.0032
fe24faf9-2238-488b-bde4-d1d66782cd10	8	43554208	46442996	183	-0.1681
fe24faf9-2238-488b-bde4-d1d66782cd10	8	46449903	55799424	5628	0.0112
fe24faf9-2238-488b-bde4-d1d66782cd10	8	55804587	55941613	72	-0.2043
fe24faf9-2238-488b-bde4-d1d66782cd10	8	55943267	57005385	658	0.0281
fe24faf9-2238-488b-bde4-d1d66782cd10	8	57006920	57025292	8	-0.9548
fe24faf9-2238-488b-bde4-d1d66782cd10	8	57025982	57202577	111	0.0304
fe24faf9-2238-488b-bde4-d1d66782cd10	8	57202716	57217466	6	-0.5709
fe24faf9-2238-488b-bde4-d1d66782cd10	8	57220239	57446038	175	0.0329
fe24faf9-2238-488b-bde4-d1d66782cd10	8	57446061	57457382	7	0.5663
fe24faf9-2238-488b-bde4-d1d66782cd10	8	57457560	57459134	9	0.0275
fe24faf9-2238-488b-bde4-d1d66782cd10	8	57459149	57462888	15	-0.5201
fe24faf9-2238-488b-bde4-d1d66782cd10	8	57463019	111279265	32605	0.0129
fe24faf9-2238-488b-bde4-d1d66782cd10	8	111282050	111288052	11	1.15
fe24faf9-2238-488b-bde4-d1d66782cd10	8	111289023	144182542	22550	0.0126
fe24faf9-2238-488b-bde4-d1d66782cd10	8	144182963	145072769	355	-0.106
fe24faf9-2238-488b-bde4-d1d66782cd10	9	46587	9238476	8827	0.0123
fe24faf9-2238-488b-bde4-d1d66782cd10	9	9238528	9878687	621	0.057
fe24faf9-2238-488b-bde4-d1d66782cd10	9	9880593	9972321	142	0.2538
fe24faf9-2238-488b-bde4-d1d66782cd10	9	9972361	12671334	2199	0.062
fe24faf9-2238-488b-bde4-d1d66782cd10	9	12671693	27907623	12031	0.0144
fe24faf9-2238-488b-bde4-d1d66782cd10	9	27909602	30702069	2056	0.0654
fe24faf9-2238-488b-bde4-d1d66782cd10	9	30705382	39547492	5304	0.0047
fe24faf9-2238-488b-bde4-d1d66782cd10	9	39588611	39833357	5	1.0085
fe24faf9-2238-488b-bde4-d1d66782cd10	9	39840169	40796987	14	0.1803
fe24faf9-2238-488b-bde4-d1d66782cd10	9	40832327	63728089	279	-0.217
fe24faf9-2238-488b-bde4-d1d66782cd10	9	63728188	67720642	91	0.0518
fe24faf9-2238-488b-bde4-d1d66782cd10	9	67759000	68388042	19	-0.4784
fe24faf9-2238-488b-bde4-d1d66782cd10	9	68390662	76939544	6308	0.0235
fe24faf9-2238-488b-bde4-d1d66782cd10	9	76941965	76951973	6	-1.2834
fe24faf9-2238-488b-bde4-d1d66782cd10	9	76952080	138200944	41595	0.0127
fe24faf9-2238-488b-bde4-d1d66782cd10	10	45792	2765792	2181	0.0192
fe24faf9-2238-488b-bde4-d1d66782cd10	10	2765912	2768235	2	-1.7589
fe24faf9-2238-488b-bde4-d1d66782cd10	10	2769817	24088745	17014	0.0163
fe24faf9-2238-488b-bde4-d1d66782cd10	10	24088746	24089125	10	-1.4625
fe24faf9-2238-488b-bde4-d1d66782cd10	10	24089979	34884802	7667	0.014
fe24faf9-2238-488b-bde4-d1d66782cd10	10	34884991	34991263	64	-0.2333
fe24faf9-2238-488b-bde4-d1d66782cd10	10	34995555	41798237	2138	0.0033
fe24faf9-2238-488b-bde4-d1d66782cd10	10	41806394	42357675	46	-0.494
fe24faf9-2238-488b-bde4-d1d66782cd10	10	42358241	42421167	38	-0.1195
fe24faf9-2238-488b-bde4-d1d66782cd10	10	42421199	44306225	1293	0.025
fe24faf9-2238-488b-bde4-d1d66782cd10	10	44308247	44310606	4	1.0001
fe24faf9-2238-488b-bde4-d1d66782cd10	10	44313749	45681645	957	0.0341
fe24faf9-2238-488b-bde4-d1d66782cd10	10	45694079	46522571	254	-0.1353
fe24faf9-2238-488b-bde4-d1d66782cd10	10	46525652	46526280	14	0.7347
fe24faf9-2238-488b-bde4-d1d66782cd10	10	46526920	46967412	43	-0.292
fe24faf9-2238-488b-bde4-d1d66782cd10	10	47002596	47559596	286	0.0708
fe24faf9-2238-488b-bde4-d1d66782cd10	10	47622159	47954600	10	-0.7949
fe24faf9-2238-488b-bde4-d1d66782cd10	10	48079548	50081224	1383	0.0121
fe24faf9-2238-488b-bde4-d1d66782cd10	10	50097459	50531480	248	0.141
fe24faf9-2238-488b-bde4-d1d66782cd10	10	50531612	50649381	105	0.0032
fe24faf9-2238-488b-bde4-d1d66782cd10	10	50650568	50701703	26	-0.3559
fe24faf9-2238-488b-bde4-d1d66782cd10	10	50703861	66210267	11195	0.0283
fe24faf9-2238-488b-bde4-d1d66782cd10	10	66210815	66786490	421	0.1238
fe24faf9-2238-488b-bde4-d1d66782cd10	10	66789964	66952666	132	-0.0198
fe24faf9-2238-488b-bde4-d1d66782cd10	10	66954758	67154416	136	0.1735
fe24faf9-2238-488b-bde4-d1d66782cd10	10	67155754	133654968	44989	0.0117
fe24faf9-2238-488b-bde4-d1d66782cd10	11	198510	5766862	3234	0.0046
fe24faf9-2238-488b-bde4-d1d66782cd10	11	5768371	5787909	30	-0.6678
fe24faf9-2238-488b-bde4-d1d66782cd10	11	5788108	18919323	9402	0.0139
fe24faf9-2238-488b-bde4-d1d66782cd10	11	18927525	18940469	46	0.3017
fe24faf9-2238-488b-bde4-d1d66782cd10	11	18940586	31371747	9085	0.015
fe24faf9-2238-488b-bde4-d1d66782cd10	11	31372721	31375533	2	-2.2012
fe24faf9-2238-488b-bde4-d1d66782cd10	11	31376660	37035670	4277	0.0185
fe24faf9-2238-488b-bde4-d1d66782cd10	11	37036610	37487013	329	0.1283
fe24faf9-2238-488b-bde4-d1d66782cd10	11	37487322	55595864	8068	0.0064
fe24faf9-2238-488b-bde4-d1d66782cd10	11	55606556	55707880	72	0.4305
fe24faf9-2238-488b-bde4-d1d66782cd10	11	55708084	62273047	3935	0.0161
fe24faf9-2238-488b-bde4-d1d66782cd10	11	62273321	62275702	2	-2.4031
fe24faf9-2238-488b-bde4-d1d66782cd10	11	62280495	64880577	1181	-0.0084
fe24faf9-2238-488b-bde4-d1d66782cd10	11	64880896	65814281	354	-0.1217
fe24faf9-2238-488b-bde4-d1d66782cd10	11	65815595	67739926	743	0.0065
fe24faf9-2238-488b-bde4-d1d66782cd10	11	67743155	68003122	70	-0.273
fe24faf9-2238-488b-bde4-d1d66782cd10	11	68003149	81276153	7802	0.0148
fe24faf9-2238-488b-bde4-d1d66782cd10	11	81277168	81280898	16	-0.4528
fe24faf9-2238-488b-bde4-d1d66782cd10	11	81281110	83477154	1535	0.0248
fe24faf9-2238-488b-bde4-d1d66782cd10	11	83477372	83477403	2	1.5323
fe24faf9-2238-488b-bde4-d1d66782cd10	11	83477801	127919009	31094	0.0212
fe24faf9-2238-488b-bde4-d1d66782cd10	11	127920860	127921067	3	-2.2882
fe24faf9-2238-488b-bde4-d1d66782cd10	11	127922395	135074876	5528	0.0138
fe24faf9-2238-488b-bde4-d1d66782cd10	12	51460	246676	114	0.0173
fe24faf9-2238-488b-bde4-d1d66782cd10	12	247273	774012	341	-0.1171
fe24faf9-2238-488b-bde4-d1d66782cd10	12	775597	8157472	5071	0.0079
fe24faf9-2238-488b-bde4-d1d66782cd10	12	8165239	8409838	81	-0.3759
fe24faf9-2238-488b-bde4-d1d66782cd10	12	8410039	9481274	568	-0.0067
fe24faf9-2238-488b-bde4-d1d66782cd10	12	9485313	9562969	22	-1.648
fe24faf9-2238-488b-bde4-d1d66782cd10	12	9575696	33141726	16587	0.01
fe24faf9-2238-488b-bde4-d1d66782cd10	12	33148472	33687097	397	0.1263
fe24faf9-2238-488b-bde4-d1d66782cd10	12	33688820	34227879	286	0.0171
fe24faf9-2238-488b-bde4-d1d66782cd10	12	34230635	37547019	152	-0.2213
fe24faf9-2238-488b-bde4-d1d66782cd10	12	37547741	133201603	61213	0.0127
fe24faf9-2238-488b-bde4-d1d66782cd10	13	18452809	18864667	98	-0.2541
fe24faf9-2238-488b-bde4-d1d66782cd10	13	18864691	37496998	13381	0.0118
fe24faf9-2238-488b-bde4-d1d66782cd10	13	37497899	37510620	16	0.9044
fe24faf9-2238-488b-bde4-d1d66782cd10	13	37514193	57175139	12520	0.0244
fe24faf9-2238-488b-bde4-d1d66782cd10	13	57175549	57332514	115	0.2625
fe24faf9-2238-488b-bde4-d1d66782cd10	13	57332823	63596259	3684	0.0181
fe24faf9-2238-488b-bde4-d1d66782cd10	13	63599815	64441153	499	0.1065
fe24faf9-2238-488b-bde4-d1d66782cd10	13	64441168	66353924	1173	0.005
fe24faf9-2238-488b-bde4-d1d66782cd10	13	66355437	66805122	353	0.132
fe24faf9-2238-488b-bde4-d1d66782cd10	13	66805336	70141230	2077	0.031
fe24faf9-2238-488b-bde4-d1d66782cd10	13	70142488	70244381	96	0.2324
fe24faf9-2238-488b-bde4-d1d66782cd10	13	70249977	71902850	1035	0.0213
fe24faf9-2238-488b-bde4-d1d66782cd10	13	71903417	71906418	4	-2.8292
fe24faf9-2238-488b-bde4-d1d66782cd10	13	71906467	71912345	2	-1.0221
fe24faf9-2238-488b-bde4-d1d66782cd10	13	71912659	105669374	22941	0.0191
fe24faf9-2238-488b-bde4-d1d66782cd10	13	105670106	105677289	2	-0.9967
fe24faf9-2238-488b-bde4-d1d66782cd10	13	105683574	105730616	39	0.3624
fe24faf9-2238-488b-bde4-d1d66782cd10	13	105733391	109220469	2850	0.0196
fe24faf9-2238-488b-bde4-d1d66782cd10	13	109222016	109224290	2	-1.4901
fe24faf9-2238-488b-bde4-d1d66782cd10	13	109225610	114342922	3255	0.0152
fe24faf9-2238-488b-bde4-d1d66782cd10	14	18239283	19197351	40	0.1008
fe24faf9-2238-488b-bde4-d1d66782cd10	14	19203845	19955213	125	-0.4542
fe24faf9-2238-488b-bde4-d1d66782cd10	14	19956767	22183517	1583	-0.0078
fe24faf9-2238-488b-bde4-d1d66782cd10	14	22184466	22474658	222	-0.1734
fe24faf9-2238-488b-bde4-d1d66782cd10	14	22474715	23989734	913	-0.0054
fe24faf9-2238-488b-bde4-d1d66782cd10	14	23992645	24019187	10	-0.7138
fe24faf9-2238-488b-bde4-d1d66782cd10	14	24019200	26314697	1604	0.0088
fe24faf9-2238-488b-bde4-d1d66782cd10	14	26314707	26314712	6	0.9633
fe24faf9-2238-488b-bde4-d1d66782cd10	14	26315707	35022070	5460	0.0158
fe24faf9-2238-488b-bde4-d1d66782cd10	14	35022137	35167078	56	-0.268
fe24faf9-2238-488b-bde4-d1d66782cd10	14	35167163	41141293	3740	0.0215
fe24faf9-2238-488b-bde4-d1d66782cd10	14	41141487	41200899	15	0.5338
fe24faf9-2238-488b-bde4-d1d66782cd10	14	41207137	60589222	12252	0.0253
fe24faf9-2238-488b-bde4-d1d66782cd10	14	60591424	60592418	2	-1.5706
fe24faf9-2238-488b-bde4-d1d66782cd10	14	60599500	85098746	15806	0.0133
fe24faf9-2238-488b-bde4-d1d66782cd10	14	85098811	85100404	9	0.741
fe24faf9-2238-488b-bde4-d1d66782cd10	14	85100512	105588560	13045	0.0137
fe24faf9-2238-488b-bde4-d1d66782cd10	14	105612353	105701150	16	0.7508
fe24faf9-2238-488b-bde4-d1d66782cd10	14	105728140	106346115	216	-0.0479
fe24faf9-2238-488b-bde4-d1d66782cd10	14	106346129	106462183	80	0.2975
fe24faf9-2238-488b-bde4-d1d66782cd10	14	106462724	106877229	195	-0.0083
fe24faf9-2238-488b-bde4-d1d66782cd10	15	19811075	22812787	274	-0.1687
fe24faf9-2238-488b-bde4-d1d66782cd10	15	22813674	28294842	3705	0.0005
fe24faf9-2238-488b-bde4-d1d66782cd10	15	28300781	29015701	115	-0.2409
fe24faf9-2238-488b-bde4-d1d66782cd10	15	29016310	29968297	661	-0.0137
fe24faf9-2238-488b-bde4-d1d66782cd10	15	29971789	30231102	83	-0.1439
fe24faf9-2238-488b-bde4-d1d66782cd10	15	30252720	30297594	10	-1.1613
fe24faf9-2238-488b-bde4-d1d66782cd10	15	30300815	34431375	2581	0.0016
fe24faf9-2238-488b-bde4-d1d66782cd10	15	34434971	34434988	2	-1.989
fe24faf9-2238-488b-bde4-d1d66782cd10	15	34435421	45051850	6319	0.0144
fe24faf9-2238-488b-bde4-d1d66782cd10	15	45059168	45091486	15	-0.5708
fe24faf9-2238-488b-bde4-d1d66782cd10	15	45091980	65521764	13594	0.0175
fe24faf9-2238-488b-bde4-d1d66782cd10	15	65524604	65530231	5	-1.0515
fe24faf9-2238-488b-bde4-d1d66782cd10	15	65532755	66588398	636	0.0245
fe24faf9-2238-488b-bde4-d1d66782cd10	15	66589670	66590070	2	-1.5953
fe24faf9-2238-488b-bde4-d1d66782cd10	15	66591464	76042215	5586	0.0159
fe24faf9-2238-488b-bde4-d1d66782cd10	15	76048529	76052548	3	-1.084
fe24faf9-2238-488b-bde4-d1d66782cd10	15	76056133	76599170	314	0.0061
fe24faf9-2238-488b-bde4-d1d66782cd10	15	76599286	76603434	20	-1.8888
fe24faf9-2238-488b-bde4-d1d66782cd10	15	76609838	85798542	5351	0.0056
fe24faf9-2238-488b-bde4-d1d66782cd10	15	85798557	85803281	23	-0.4623
fe24faf9-2238-488b-bde4-d1d66782cd10	15	85803336	101390109	11868	0.0178
fe24faf9-2238-488b-bde4-d1d66782cd10	15	101390402	101407742	30	-0.433
fe24faf9-2238-488b-bde4-d1d66782cd10	15	101408160	101928837	336	-0.0387
fe24faf9-2238-488b-bde4-d1d66782cd10	16	10777	3663702	1355	-0.0147
fe24faf9-2238-488b-bde4-d1d66782cd10	16	3664610	3669343	4	-1.3983
fe24faf9-2238-488b-bde4-d1d66782cd10	16	3676635	4187622	355	0.0217
fe24faf9-2238-488b-bde4-d1d66782cd10	16	4189758	4196981	12	-0.4573
fe24faf9-2238-488b-bde4-d1d66782cd10	16	4197574	5094017	469	0.018
fe24faf9-2238-488b-bde4-d1d66782cd10	16	5095715	5170093	32	-0.4553
fe24faf9-2238-488b-bde4-d1d66782cd10	16	5170837	5527588	329	0.0072
fe24faf9-2238-488b-bde4-d1d66782cd10	16	5530645	5573454	84	-1.0131
fe24faf9-2238-488b-bde4-d1d66782cd10	16	5575191	14660341	8446	0.0186
fe24faf9-2238-488b-bde4-d1d66782cd10	16	14662430	14895982	25	-0.3137
fe24faf9-2238-488b-bde4-d1d66782cd10	16	14954911	14969833	31	-0.7308
fe24faf9-2238-488b-bde4-d1d66782cd10	16	14969860	16797287	658	-0.1378
fe24faf9-2238-488b-bde4-d1d66782cd10	16	16797785	20465821	2076	0.0067
fe24faf9-2238-488b-bde4-d1d66782cd10	16	20467276	20467290	2	-1.6218
fe24faf9-2238-488b-bde4-d1d66782cd10	16	20467360	21639468	560	0.021
fe24faf9-2238-488b-bde4-d1d66782cd10	16	21642308	22706983	408	-0.123
fe24faf9-2238-488b-bde4-d1d66782cd10	16	22707065	22755026	47	0.104
fe24faf9-2238-488b-bde4-d1d66782cd10	16	22757337	22757500	2	-1.4627
fe24faf9-2238-488b-bde4-d1d66782cd10	16	22758752	27064548	3091	0.0207
fe24faf9-2238-488b-bde4-d1d66782cd10	16	27064594	27065806	4	-0.9154
fe24faf9-2238-488b-bde4-d1d66782cd10	16	27069589	27452555	288	0.0328
fe24faf9-2238-488b-bde4-d1d66782cd10	16	27455657	48847518	3310	-0.0227
fe24faf9-2238-488b-bde4-d1d66782cd10	16	48848885	52376939	2580	0.0287
fe24faf9-2238-488b-bde4-d1d66782cd10	16	52379038	52380779	2	-2.9011
fe24faf9-2238-488b-bde4-d1d66782cd10	16	52383329	70105639	11531	0.0159
fe24faf9-2238-488b-bde4-d1d66782cd10	16	70117657	70164453	14	-0.7313
fe24faf9-2238-488b-bde4-d1d66782cd10	16	70164493	70212022	5	-0.1622
fe24faf9-2238-488b-bde4-d1d66782cd10	16	70212430	74350360	2293	0.0126
fe24faf9-2238-488b-bde4-d1d66782cd10	16	74363160	74371293	4	-1.0489
fe24faf9-2238-488b-bde4-d1d66782cd10	16	74373114	78337711	3208	0.0153
fe24faf9-2238-488b-bde4-d1d66782cd10	16	78338543	78349243	15	-2.2178
fe24faf9-2238-488b-bde4-d1d66782cd10	16	78350841	84145880	6453	0.0198
fe24faf9-2238-488b-bde4-d1d66782cd10	16	84147625	84661266	491	-0.0922
fe24faf9-2238-488b-bde4-d1d66782cd10	16	84662446	89772898	3504	0.014
fe24faf9-2238-488b-bde4-d1d66782cd10	16	89779426	89837117	31	-1.0747
fe24faf9-2238-488b-bde4-d1d66782cd10	16	89842103	90096867	142	-0.0902
fe24faf9-2238-488b-bde4-d1d66782cd10	17	150733	1236097	552	-0.0791
fe24faf9-2238-488b-bde4-d1d66782cd10	17	1236662	18375203	10814	0.0148
fe24faf9-2238-488b-bde4-d1d66782cd10	17	18375217	18414080	25	-0.2177
fe24faf9-2238-488b-bde4-d1d66782cd10	17	18452078	18550123	25	-1.5793
fe24faf9-2238-488b-bde4-d1d66782cd10	17	18561272	41266825	9395	0.007
fe24faf9-2238-488b-bde4-d1d66782cd10	17	41266838	41274279	20	-0.9701
fe24faf9-2238-488b-bde4-d1d66782cd10	17	41276472	46084941	2497	-0.0063
fe24faf9-2238-488b-bde4-d1d66782cd10	17	46085231	46286804	126	0.5145
fe24faf9-2238-488b-bde4-d1d66782cd10	17	46323701	52863043	3573	0.0034
fe24faf9-2238-488b-bde4-d1d66782cd10	17	52868536	53236498	228	0.1467
fe24faf9-2238-488b-bde4-d1d66782cd10	17	53236604	74202700	13275	0.0137
fe24faf9-2238-488b-bde4-d1d66782cd10	17	74202933	74559521	198	-0.1768
fe24faf9-2238-488b-bde4-d1d66782cd10	17	74559871	83091923	4291	-0.001
fe24faf9-2238-488b-bde4-d1d66782cd10	18	48133	4979613	3530	0.0151
fe24faf9-2238-488b-bde4-d1d66782cd10	18	4979714	4980178	4	1.212
fe24faf9-2238-488b-bde4-d1d66782cd10	18	4985483	5991271	722	0.0105
fe24faf9-2238-488b-bde4-d1d66782cd10	18	5991481	5991587	2	-1.5771
fe24faf9-2238-488b-bde4-d1d66782cd10	18	5992487	14090994	5770	0.0179
fe24faf9-2238-488b-bde4-d1d66782cd10	18	14091512	14945129	261	-0.1015
fe24faf9-2238-488b-bde4-d1d66782cd10	18	14949717	15106725	51	0.0837
fe24faf9-2238-488b-bde4-d1d66782cd10	18	15106728	20961698	59	-0.3205
fe24faf9-2238-488b-bde4-d1d66782cd10	18	20961945	38830310	11227	0.0157
fe24faf9-2238-488b-bde4-d1d66782cd10	18	38836563	38841378	3	-1.5344
fe24faf9-2238-488b-bde4-d1d66782cd10	18	38841946	65532840	18294	0.0148
fe24faf9-2238-488b-bde4-d1d66782cd10	18	65533230	65537481	18	0.8626
fe24faf9-2238-488b-bde4-d1d66782cd10	18	65540037	66099904	418	0.1231
fe24faf9-2238-488b-bde4-d1d66782cd10	18	66100052	71279040	3719	0.0241
fe24faf9-2238-488b-bde4-d1d66782cd10	18	71280212	73655073	1856	0.1086
fe24faf9-2238-488b-bde4-d1d66782cd10	18	73655271	80257174	4804	0.0101
fe24faf9-2238-488b-bde4-d1d66782cd10	19	90910	8994295	3304	-0.0039
fe24faf9-2238-488b-bde4-d1d66782cd10	19	8994873	8995948	4	-1.3107
fe24faf9-2238-488b-bde4-d1d66782cd10	19	8996756	19835282	5251	0.0002
fe24faf9-2238-488b-bde4-d1d66782cd10	19	19836130	21052243	711	-0.1372
fe24faf9-2238-488b-bde4-d1d66782cd10	19	21055801	22154817	642	-0.0118
fe24faf9-2238-488b-bde4-d1d66782cd10	19	22155950	22159103	4	1.2108
fe24faf9-2238-488b-bde4-d1d66782cd10	19	22160183	27821122	1358	-0.0469
fe24faf9-2238-488b-bde4-d1d66782cd10	19	27823012	38280270	6921	0.0203
fe24faf9-2238-488b-bde4-d1d66782cd10	19	38282287	42821220	2231	-0.0144
fe24faf9-2238-488b-bde4-d1d66782cd10	19	42821925	43445053	279	-0.1378
fe24faf9-2238-488b-bde4-d1d66782cd10	19	43446484	51628560	4052	-0.0054
fe24faf9-2238-488b-bde4-d1d66782cd10	19	51639099	51644944	11	-1.0215
fe24faf9-2238-488b-bde4-d1d66782cd10	19	51651652	53422400	1246	-0.0372
fe24faf9-2238-488b-bde4-d1d66782cd10	19	53425511	53498648	56	-0.2853
fe24faf9-2238-488b-bde4-d1d66782cd10	19	53498667	53581723	79	-0.03
fe24faf9-2238-488b-bde4-d1d66782cd10	19	53586698	53847513	165	-0.2931
fe24faf9-2238-488b-bde4-d1d66782cd10	19	53847931	54823536	493	0.0036
fe24faf9-2238-488b-bde4-d1d66782cd10	19	54823756	54836508	8	-1.3183
fe24faf9-2238-488b-bde4-d1d66782cd10	19	54837236	54868000	16	-0.3539
fe24faf9-2238-488b-bde4-d1d66782cd10	19	54868061	54993840	65	0.0534
fe24faf9-2238-488b-bde4-d1d66782cd10	19	54997337	54998320	3	-1.4711
fe24faf9-2238-488b-bde4-d1d66782cd10	19	54998497	58586487	2199	-0.0183
fe24faf9-2238-488b-bde4-d1d66782cd10	20	80664	1580353	1200	-0.0165
fe24faf9-2238-488b-bde4-d1d66782cd10	20	1580934	1613247	41	1.1108
fe24faf9-2238-488b-bde4-d1d66782cd10	20	1617300	5025037	2511	0.0117
fe24faf9-2238-488b-bde4-d1d66782cd10	20	5026633	5046110	13	-0.5501
fe24faf9-2238-488b-bde4-d1d66782cd10	20	5047110	26290672	16240	0.0173
fe24faf9-2238-488b-bde4-d1d66782cd10	20	26294198	31247246	58	-0.3727
fe24faf9-2238-488b-bde4-d1d66782cd10	20	31247668	54041178	14841	0.0104
fe24faf9-2238-488b-bde4-d1d66782cd10	20	54041534	54041980	3	1.2584
fe24faf9-2238-488b-bde4-d1d66782cd10	20	54042022	64324800	7452	0.0135
fe24faf9-2238-488b-bde4-d1d66782cd10	21	10354168	13974127	323	-0.1006
fe24faf9-2238-488b-bde4-d1d66782cd10	21	13975300	15624063	1155	0.0266
fe24faf9-2238-488b-bde4-d1d66782cd10	21	15624452	15638233	15	0.5263
fe24faf9-2238-488b-bde4-d1d66782cd10	21	15638319	46240226	22069	0.0155
fe24faf9-2238-488b-bde4-d1d66782cd10	21	46240953	46329743	50	-0.1504
fe24faf9-2238-488b-bde4-d1d66782cd10	21	46334949	46337878	3	-1.3086
fe24faf9-2238-488b-bde4-d1d66782cd10	21	46338236	46677045	244	-0.0792
fe24faf9-2238-488b-bde4-d1d66782cd10	22	15294547	16443189	53	-0.3505
fe24faf9-2238-488b-bde4-d1d66782cd10	22	16446006	18620743	1079	-0.0079
fe24faf9-2238-488b-bde4-d1d66782cd10	22	18649244	18760941	3	1.4181
fe24faf9-2238-488b-bde4-d1d66782cd10	22	18783014	20857920	1341	-0.0589
fe24faf9-2238-488b-bde4-d1d66782cd10	22	20863255	21620414	269	-0.1817
fe24faf9-2238-488b-bde4-d1d66782cd10	22	21620714	49495282	19889	0.0104
fe24faf9-2238-488b-bde4-d1d66782cd10	22	49495310	50796027	634	-0.0619
fe24faf9-2238-488b-bde4-d1d66782cd10	X	251810	16330060	9982	0.0283
fe24faf9-2238-488b-bde4-d1d66782cd10	X	16330863	16336406	10	-0.9935
fe24faf9-2238-488b-bde4-d1d66782cd10	X	16338298	26791248	6281	0.0147
fe24faf9-2238-488b-bde4-d1d66782cd10	X	26792995	26802891	9	0.8263
fe24faf9-2238-488b-bde4-d1d66782cd10	X	26805367	32943639	4180	0.0151
fe24faf9-2238-488b-bde4-d1d66782cd10	X	32943668	33272777	233	0.1665
fe24faf9-2238-488b-bde4-d1d66782cd10	X	33272886	47953919	8256	0.0187
fe24faf9-2238-488b-bde4-d1d66782cd10	X	47954016	47956399	3	-1.6209
fe24faf9-2238-488b-bde4-d1d66782cd10	X	47956494	48450050	219	-0.1358
fe24faf9-2238-488b-bde4-d1d66782cd10	X	48450131	56630035	3408	0.0027
fe24faf9-2238-488b-bde4-d1d66782cd10	X	56635479	56646272	3	-2.0857
fe24faf9-2238-488b-bde4-d1d66782cd10	X	56652478	155952689	51060	0.0151
fe24faf9-2238-488b-bde4-d1d66782cd10	Y	2782397	3314408	191	-2.7157
fe24faf9-2238-488b-bde4-d1d66782cd10	Y	3326047	6118907	543	-2.2938
fe24faf9-2238-488b-bde4-d1d66782cd10	Y	6119377	9537963	1507	-2.7849
fe24faf9-2238-488b-bde4-d1d66782cd10	Y	9538399	9550385	7	-6.8985
fe24faf9-2238-488b-bde4-d1d66782cd10	Y	9550653	16731279	2614	-2.6177
fe24faf9-2238-488b-bde4-d1d66782cd10	Y	16738883	21464316	1359	-2.1485
fe24faf9-2238-488b-bde4-d1d66782cd10	Y	21469249	21469743	3	-6.4942
fe24faf9-2238-488b-bde4-d1d66782cd10	Y	21470778	56872112	415	-2.1804
