GDC_Aliquot	Chromosome	Start	End	Num_Probes	Segment_Mean
dcb7775c-ac58-4dda-a650-7520af95ecca	1	62920	462894	19	0.461
dcb7775c-ac58-4dda-a650-7520af95ecca	1	599171	3225052	688	-0.0145
dcb7775c-ac58-4dda-a650-7520af95ecca	1	3226231	12797714	5784	-0.3053
dcb7775c-ac58-4dda-a650-7520af95ecca	1	12797904	13383455	43	0.0139
dcb7775c-ac58-4dda-a650-7520af95ecca	1	13388993	15827002	1805	-0.3075
dcb7775c-ac58-4dda-a650-7520af95ecca	1	15827041	15828515	9	0.4858
dcb7775c-ac58-4dda-a650-7520af95ecca	1	15839166	16477846	282	-0.2765
dcb7775c-ac58-4dda-a650-7520af95ecca	1	16480031	17014383	154	-0.0596
dcb7775c-ac58-4dda-a650-7520af95ecca	1	17014743	25256850	5238	-0.2968
dcb7775c-ac58-4dda-a650-7520af95ecca	1	25266637	25320455	24	0.529
dcb7775c-ac58-4dda-a650-7520af95ecca	1	25336819	34638226	4962	-0.3028
dcb7775c-ac58-4dda-a650-7520af95ecca	1	34638263	34638890	9	-1.1353
dcb7775c-ac58-4dda-a650-7520af95ecca	1	34648667	72303233	23774	-0.2892
dcb7775c-ac58-4dda-a650-7520af95ecca	1	72303253	72346757	47	-1.3607
dcb7775c-ac58-4dda-a650-7520af95ecca	1	72351072	85934070	8860	-0.291
dcb7775c-ac58-4dda-a650-7520af95ecca	1	85934130	89009572	2076	-0.0667
dcb7775c-ac58-4dda-a650-7520af95ecca	1	89012275	89012522	2	-3.0355
dcb7775c-ac58-4dda-a650-7520af95ecca	1	89015841	94142051	3094	-0.0757
dcb7775c-ac58-4dda-a650-7520af95ecca	1	94143690	94144631	6	-0.9794
dcb7775c-ac58-4dda-a650-7520af95ecca	1	94144839	105458950	6909	-0.0939
dcb7775c-ac58-4dda-a650-7520af95ecca	1	105458984	105481433	23	-0.5615
dcb7775c-ac58-4dda-a650-7520af95ecca	1	105481448	109684893	2636	-0.0834
dcb7775c-ac58-4dda-a650-7520af95ecca	1	109690352	109697556	13	-1.034
dcb7775c-ac58-4dda-a650-7520af95ecca	1	109702376	110833598	836	-0.1022
dcb7775c-ac58-4dda-a650-7520af95ecca	1	110834746	110845604	39	-0.9516
dcb7775c-ac58-4dda-a650-7520af95ecca	1	110849445	112153651	1080	-0.0915
dcb7775c-ac58-4dda-a650-7520af95ecca	1	112153686	112154768	21	0.3304
dcb7775c-ac58-4dda-a650-7520af95ecca	1	112163334	113968536	1055	-0.1092
dcb7775c-ac58-4dda-a650-7520af95ecca	1	113970317	144442342	4240	0.0538
dcb7775c-ac58-4dda-a650-7520af95ecca	1	144445555	152787202	2511	-0.0995
dcb7775c-ac58-4dda-a650-7520af95ecca	1	152789447	152796224	37	0.5493
dcb7775c-ac58-4dda-a650-7520af95ecca	1	152801429	153219036	326	-0.1179
dcb7775c-ac58-4dda-a650-7520af95ecca	1	153219601	165940352	8455	0.0597
dcb7775c-ac58-4dda-a650-7520af95ecca	1	165940929	172608537	4814	0.1485
dcb7775c-ac58-4dda-a650-7520af95ecca	1	172617264	179470495	4387	0.1056
dcb7775c-ac58-4dda-a650-7520af95ecca	1	179476998	188931250	6252	0.1423
dcb7775c-ac58-4dda-a650-7520af95ecca	1	188931760	196832720	5297	0.0971
dcb7775c-ac58-4dda-a650-7520af95ecca	1	196843377	196854187	5	1.0775
dcb7775c-ac58-4dda-a650-7520af95ecca	1	196854483	199525316	1661	0.0953
dcb7775c-ac58-4dda-a650-7520af95ecca	1	199525442	208359416	5860	0.0398
dcb7775c-ac58-4dda-a650-7520af95ecca	1	208360316	211121537	2157	0.0834
dcb7775c-ac58-4dda-a650-7520af95ecca	1	211126722	214428906	2165	0.0254
dcb7775c-ac58-4dda-a650-7520af95ecca	1	214428956	215367220	716	0.0932
dcb7775c-ac58-4dda-a650-7520af95ecca	1	215368173	222607088	5051	0.0307
dcb7775c-ac58-4dda-a650-7520af95ecca	1	222607921	225201788	1587	0.1463
dcb7775c-ac58-4dda-a650-7520af95ecca	1	225203231	225488628	195	0.2189
dcb7775c-ac58-4dda-a650-7520af95ecca	1	225488869	225489612	8	0.5847
dcb7775c-ac58-4dda-a650-7520af95ecca	1	225496273	225812220	174	0.1641
dcb7775c-ac58-4dda-a650-7520af95ecca	1	225812277	225903464	57	0.3388
dcb7775c-ac58-4dda-a650-7520af95ecca	1	225906627	232395807	4244	0.1481
dcb7775c-ac58-4dda-a650-7520af95ecca	1	232396030	235315493	2286	0.0187
dcb7775c-ac58-4dda-a650-7520af95ecca	1	235319177	240516326	4059	-0.0085
dcb7775c-ac58-4dda-a650-7520af95ecca	1	240516370	242637069	1617	-0.0635
dcb7775c-ac58-4dda-a650-7520af95ecca	1	242637492	244850505	1367	-0.0091
dcb7775c-ac58-4dda-a650-7520af95ecca	1	244851912	248930189	2618	-0.1616
dcb7775c-ac58-4dda-a650-7520af95ecca	2	12784	29443	8	-0.0063
dcb7775c-ac58-4dda-a650-7520af95ecca	2	29630	5346077	3957	0.1896
dcb7775c-ac58-4dda-a650-7520af95ecca	2	5346176	7111920	1631	0.1426
dcb7775c-ac58-4dda-a650-7520af95ecca	2	7112078	12886948	4297	0.1957
dcb7775c-ac58-4dda-a650-7520af95ecca	2	12887006	13844585	588	0.3772
dcb7775c-ac58-4dda-a650-7520af95ecca	2	13846099	13846179	2	-1.1507
dcb7775c-ac58-4dda-a650-7520af95ecca	2	13847748	15713498	1397	0.376
dcb7775c-ac58-4dda-a650-7520af95ecca	2	15714476	16824773	819	0.2709
dcb7775c-ac58-4dda-a650-7520af95ecca	2	16827091	19167925	1795	0.3572
dcb7775c-ac58-4dda-a650-7520af95ecca	2	19168317	23056173	2640	0.3879
dcb7775c-ac58-4dda-a650-7520af95ecca	2	23056889	30665480	4451	0.3498
dcb7775c-ac58-4dda-a650-7520af95ecca	2	30666295	34458223	2506	0.289
dcb7775c-ac58-4dda-a650-7520af95ecca	2	34460213	34511990	48	-0.0034
dcb7775c-ac58-4dda-a650-7520af95ecca	2	34512096	36206545	1243	0.2921
dcb7775c-ac58-4dda-a650-7520af95ecca	2	36207539	38252195	1645	0.3302
dcb7775c-ac58-4dda-a650-7520af95ecca	2	38255782	52527330	10119	0.2815
dcb7775c-ac58-4dda-a650-7520af95ecca	2	52527342	52527743	6	-1.367
dcb7775c-ac58-4dda-a650-7520af95ecca	2	52531615	52554404	33	-0.5617
dcb7775c-ac58-4dda-a650-7520af95ecca	2	52560811	85858022	21407	0.2979
dcb7775c-ac58-4dda-a650-7520af95ecca	2	85863363	97357159	2449	0.1963
dcb7775c-ac58-4dda-a650-7520af95ecca	2	97359380	97560849	17	-0.3862
dcb7775c-ac58-4dda-a650-7520af95ecca	2	97562741	98115472	252	0.1407
dcb7775c-ac58-4dda-a650-7520af95ecca	2	98115768	100450532	1397	0.3319
dcb7775c-ac58-4dda-a650-7520af95ecca	2	100451356	101148798	506	0.443
dcb7775c-ac58-4dda-a650-7520af95ecca	2	101157831	101348651	95	0.2801
dcb7775c-ac58-4dda-a650-7520af95ecca	2	101348880	101348905	2	-0.7164
dcb7775c-ac58-4dda-a650-7520af95ecca	2	101353857	102226007	560	0.3192
dcb7775c-ac58-4dda-a650-7520af95ecca	2	102229095	102421164	132	0.141
dcb7775c-ac58-4dda-a650-7520af95ecca	2	102422127	107824280	3624	0.0407
dcb7775c-ac58-4dda-a650-7520af95ecca	2	107830513	107891596	7	1.0991
dcb7775c-ac58-4dda-a650-7520af95ecca	2	107903920	115776934	4123	0.0633
dcb7775c-ac58-4dda-a650-7520af95ecca	2	115777346	117607824	1107	0.0029
dcb7775c-ac58-4dda-a650-7520af95ecca	2	117609119	124047384	4183	0.0594
dcb7775c-ac58-4dda-a650-7520af95ecca	2	124048274	125609560	982	-0.0092
dcb7775c-ac58-4dda-a650-7520af95ecca	2	125609576	132016735	3535	0.044
dcb7775c-ac58-4dda-a650-7520af95ecca	2	132022409	140513403	5444	-0.157
dcb7775c-ac58-4dda-a650-7520af95ecca	2	140516217	140799772	197	-0.3068
dcb7775c-ac58-4dda-a650-7520af95ecca	2	140800456	146498907	3484	-0.1686
dcb7775c-ac58-4dda-a650-7520af95ecca	2	146502632	162257457	9500	-0.1246
dcb7775c-ac58-4dda-a650-7520af95ecca	2	162257488	163366492	608	-0.1684
dcb7775c-ac58-4dda-a650-7520af95ecca	2	163368759	163369463	3	-1.0212
dcb7775c-ac58-4dda-a650-7520af95ecca	2	163373487	163446271	40	-0.1077
dcb7775c-ac58-4dda-a650-7520af95ecca	2	163446457	163448833	3	0.5059
dcb7775c-ac58-4dda-a650-7520af95ecca	2	163448848	163780342	233	-0.1645
dcb7775c-ac58-4dda-a650-7520af95ecca	2	163786978	163788616	5	-1.5067
dcb7775c-ac58-4dda-a650-7520af95ecca	2	163790132	167256117	1989	-0.0957
dcb7775c-ac58-4dda-a650-7520af95ecca	2	167256963	168208914	617	-0.1658
dcb7775c-ac58-4dda-a650-7520af95ecca	2	168209169	168701731	356	-0.1021
dcb7775c-ac58-4dda-a650-7520af95ecca	2	168706254	183570274	9496	0.0106
dcb7775c-ac58-4dda-a650-7520af95ecca	2	183570530	183704342	79	-0.0708
dcb7775c-ac58-4dda-a650-7520af95ecca	2	183706582	183707062	5	-0.7342
dcb7775c-ac58-4dda-a650-7520af95ecca	2	183709047	185950093	1331	-0.0441
dcb7775c-ac58-4dda-a650-7520af95ecca	2	185953888	192694474	3882	0.0087
dcb7775c-ac58-4dda-a650-7520af95ecca	2	192694535	203129310	5768	-0.0322
dcb7775c-ac58-4dda-a650-7520af95ecca	2	203131518	232375213	18743	-0.3149
dcb7775c-ac58-4dda-a650-7520af95ecca	2	232376888	232377633	7	0.5836
dcb7775c-ac58-4dda-a650-7520af95ecca	2	232377647	242147305	6201	-0.3183
dcb7775c-ac58-4dda-a650-7520af95ecca	3	20930	182919	154	-0.3797
dcb7775c-ac58-4dda-a650-7520af95ecca	3	188339	191117	4	-2.7795
dcb7775c-ac58-4dda-a650-7520af95ecca	3	193194	3981548	3408	-0.3689
dcb7775c-ac58-4dda-a650-7520af95ecca	3	3982022	4038647	50	-0.3286
dcb7775c-ac58-4dda-a650-7520af95ecca	3	4038738	4073429	70	-0.0835
dcb7775c-ac58-4dda-a650-7520af95ecca	3	4079539	12609331	6751	-0.3038
dcb7775c-ac58-4dda-a650-7520af95ecca	3	12609596	12715447	120	-0.1409
dcb7775c-ac58-4dda-a650-7520af95ecca	3	12715608	18557586	3743	-0.3257
dcb7775c-ac58-4dda-a650-7520af95ecca	3	18558378	18559489	2	-1.8878
dcb7775c-ac58-4dda-a650-7520af95ecca	3	18564006	19088496	316	-0.3125
dcb7775c-ac58-4dda-a650-7520af95ecca	3	19090441	19093870	2	-1.7374
dcb7775c-ac58-4dda-a650-7520af95ecca	3	19094236	20986418	1091	-0.3212
dcb7775c-ac58-4dda-a650-7520af95ecca	3	20986469	23937812	2157	-0.357
dcb7775c-ac58-4dda-a650-7520af95ecca	3	23939938	23940837	2	-2.594
dcb7775c-ac58-4dda-a650-7520af95ecca	3	23940839	24467753	387	-0.3496
dcb7775c-ac58-4dda-a650-7520af95ecca	3	24467759	24469762	2	-1.7521
dcb7775c-ac58-4dda-a650-7520af95ecca	3	24469779	27433249	2312	-0.3048
dcb7775c-ac58-4dda-a650-7520af95ecca	3	27442404	27444096	2	-2.0147
dcb7775c-ac58-4dda-a650-7520af95ecca	3	27453675	37935926	7053	-0.3237
dcb7775c-ac58-4dda-a650-7520af95ecca	3	37940617	37945437	18	-2.2679
dcb7775c-ac58-4dda-a650-7520af95ecca	3	37945615	52994359	8074	-0.3209
dcb7775c-ac58-4dda-a650-7520af95ecca	3	52997720	53011784	50	-0.0378
dcb7775c-ac58-4dda-a650-7520af95ecca	3	53011800	54066582	673	-0.3163
dcb7775c-ac58-4dda-a650-7520af95ecca	3	54067181	56096486	1670	-0.2769
dcb7775c-ac58-4dda-a650-7520af95ecca	3	56104708	59546573	2009	-0.3381
dcb7775c-ac58-4dda-a650-7520af95ecca	3	59550249	59550271	2	-2.2266
dcb7775c-ac58-4dda-a650-7520af95ecca	3	59550340	59967650	451	-0.3202
dcb7775c-ac58-4dda-a650-7520af95ecca	3	59967779	62635528	2498	-0.3616
dcb7775c-ac58-4dda-a650-7520af95ecca	3	62636592	68697013	4713	-0.2958
dcb7775c-ac58-4dda-a650-7520af95ecca	3	68697108	68698262	14	-1.3086
dcb7775c-ac58-4dda-a650-7520af95ecca	3	68699607	75511394	4926	-0.3247
dcb7775c-ac58-4dda-a650-7520af95ecca	3	75511990	75547095	10	0.341
dcb7775c-ac58-4dda-a650-7520af95ecca	3	75559488	76836635	673	-0.3317
dcb7775c-ac58-4dda-a650-7520af95ecca	3	76836887	79683290	1658	-0.2707
dcb7775c-ac58-4dda-a650-7520af95ecca	3	79683720	84652985	2657	-0.3362
dcb7775c-ac58-4dda-a650-7520af95ecca	3	84653010	84653312	4	0.6558
dcb7775c-ac58-4dda-a650-7520af95ecca	3	84653449	85429624	448	-0.3292
dcb7775c-ac58-4dda-a650-7520af95ecca	3	85429659	85549482	69	-0.5932
dcb7775c-ac58-4dda-a650-7520af95ecca	3	85549509	86098761	313	-0.3436
dcb7775c-ac58-4dda-a650-7520af95ecca	3	86099901	90453712	2300	-0.6429
dcb7775c-ac58-4dda-a650-7520af95ecca	3	91390926	93821948	10	0.128
dcb7775c-ac58-4dda-a650-7520af95ecca	3	93822296	98923380	2651	0.2815
dcb7775c-ac58-4dda-a650-7520af95ecca	3	98926207	99226566	203	0.4457
dcb7775c-ac58-4dda-a650-7520af95ecca	3	99229557	99229738	3	1.3512
dcb7775c-ac58-4dda-a650-7520af95ecca	3	99229769	100282584	624	0.4766
dcb7775c-ac58-4dda-a650-7520af95ecca	3	100287164	100807026	260	0.2669
dcb7775c-ac58-4dda-a650-7520af95ecca	3	100807129	101106782	242	0.4747
dcb7775c-ac58-4dda-a650-7520af95ecca	3	101115061	109584463	5112	0.2886
dcb7775c-ac58-4dda-a650-7520af95ecca	3	109588719	110054968	238	0.4254
dcb7775c-ac58-4dda-a650-7520af95ecca	3	110055132	115730377	3488	0.3137
dcb7775c-ac58-4dda-a650-7520af95ecca	3	115732595	115931601	118	0.7405
dcb7775c-ac58-4dda-a650-7520af95ecca	3	115932011	116016969	55	0.6977
dcb7775c-ac58-4dda-a650-7520af95ecca	3	116019466	116019524	2	-0.6482
dcb7775c-ac58-4dda-a650-7520af95ecca	3	116021773	119272443	2270	0.6715
dcb7775c-ac58-4dda-a650-7520af95ecca	3	119273470	120457310	728	0.7768
dcb7775c-ac58-4dda-a650-7520af95ecca	3	120460905	121371682	411	0.445
dcb7775c-ac58-4dda-a650-7520af95ecca	3	121375426	131818752	6269	0.2876
dcb7775c-ac58-4dda-a650-7520af95ecca	3	131819252	132197208	315	0.7023
dcb7775c-ac58-4dda-a650-7520af95ecca	3	132197428	132269794	69	0.8639
dcb7775c-ac58-4dda-a650-7520af95ecca	3	132270020	132276840	8	1.424
dcb7775c-ac58-4dda-a650-7520af95ecca	3	132281633	132968086	411	0.8658
dcb7775c-ac58-4dda-a650-7520af95ecca	3	132968448	137308837	2627	0.7149
dcb7775c-ac58-4dda-a650-7520af95ecca	3	137309112	137309121	7	-0.0275
dcb7775c-ac58-4dda-a650-7520af95ecca	3	137311987	137314421	18	0.6308
dcb7775c-ac58-4dda-a650-7520af95ecca	3	137314580	137314591	8	0.2855
dcb7775c-ac58-4dda-a650-7520af95ecca	3	137322651	140823697	2217	0.7228
dcb7775c-ac58-4dda-a650-7520af95ecca	3	140826859	140828142	2	1.6912
dcb7775c-ac58-4dda-a650-7520af95ecca	3	140841776	141334942	275	0.7083
dcb7775c-ac58-4dda-a650-7520af95ecca	3	141335684	142881602	789	0.7794
dcb7775c-ac58-4dda-a650-7520af95ecca	3	142882417	142960539	82	0.5665
dcb7775c-ac58-4dda-a650-7520af95ecca	3	142960602	152538203	6175	0.7597
dcb7775c-ac58-4dda-a650-7520af95ecca	3	152538833	155758758	1914	0.8586
dcb7775c-ac58-4dda-a650-7520af95ecca	3	155763308	155795620	29	1.4876
dcb7775c-ac58-4dda-a650-7520af95ecca	3	155797707	156800798	613	0.8178
dcb7775c-ac58-4dda-a650-7520af95ecca	3	156803306	157297779	278	0.9678
dcb7775c-ac58-4dda-a650-7520af95ecca	3	157297972	162807070	3394	0.8408
dcb7775c-ac58-4dda-a650-7520af95ecca	3	162810842	162815162	4	-0.189
dcb7775c-ac58-4dda-a650-7520af95ecca	3	162816942	162822702	6	-1.6491
dcb7775c-ac58-4dda-a650-7520af95ecca	3	162827928	163232197	286	0.8527
dcb7775c-ac58-4dda-a650-7520af95ecca	3	163233968	163935130	330	0.9631
dcb7775c-ac58-4dda-a650-7520af95ecca	3	163935422	163945129	24	0.558
dcb7775c-ac58-4dda-a650-7520af95ecca	3	163952660	169290536	3049	0.9583
dcb7775c-ac58-4dda-a650-7520af95ecca	3	169293847	171533554	1415	0.8554
dcb7775c-ac58-4dda-a650-7520af95ecca	3	171534436	171535967	3	-1.1054
dcb7775c-ac58-4dda-a650-7520af95ecca	3	171538125	175489383	2714	0.8708
dcb7775c-ac58-4dda-a650-7520af95ecca	3	175493801	176328331	516	0.7902
dcb7775c-ac58-4dda-a650-7520af95ecca	3	176328870	179159507	1691	0.857
dcb7775c-ac58-4dda-a650-7520af95ecca	3	179159575	179310672	225	0.7146
dcb7775c-ac58-4dda-a650-7520af95ecca	3	179311455	179815913	289	0.8589
dcb7775c-ac58-4dda-a650-7520af95ecca	3	179817477	184140637	2363	0.9608
dcb7775c-ac58-4dda-a650-7520af95ecca	3	184141151	188421841	2953	0.8293
dcb7775c-ac58-4dda-a650-7520af95ecca	3	188421908	189525563	762	0.9213
dcb7775c-ac58-4dda-a650-7520af95ecca	3	189530916	189642965	102	0.8407
dcb7775c-ac58-4dda-a650-7520af95ecca	3	189645889	189646849	11	-2.6068
dcb7775c-ac58-4dda-a650-7520af95ecca	3	189653199	193162937	2501	0.8715
dcb7775c-ac58-4dda-a650-7520af95ecca	3	193163042	193163053	2	2.5716
dcb7775c-ac58-4dda-a650-7520af95ecca	3	193164615	198169247	2701	0.8581
dcb7775c-ac58-4dda-a650-7520af95ecca	4	68929	1411887	526	-0.5932
dcb7775c-ac58-4dda-a650-7520af95ecca	4	1417771	3873169	1040	-0.3434
dcb7775c-ac58-4dda-a650-7520af95ecca	4	3876063	4013716	27	0.0455
dcb7775c-ac58-4dda-a650-7520af95ecca	4	4013870	9394920	3530	-0.3269
dcb7775c-ac58-4dda-a650-7520af95ecca	4	9395759	9672724	95	-0.1192
dcb7775c-ac58-4dda-a650-7520af95ecca	4	9672813	10208766	487	-0.2902
dcb7775c-ac58-4dda-a650-7520af95ecca	4	10221792	10229874	28	-1.5748
dcb7775c-ac58-4dda-a650-7520af95ecca	4	10232590	10389091	178	-0.2698
dcb7775c-ac58-4dda-a650-7520af95ecca	4	10390730	10398887	15	0.2089
dcb7775c-ac58-4dda-a650-7520af95ecca	4	10399044	22043352	8568	-0.3257
dcb7775c-ac58-4dda-a650-7520af95ecca	4	22043756	22069078	24	-1.0918
dcb7775c-ac58-4dda-a650-7520af95ecca	4	22072923	28454906	4319	-0.3027
dcb7775c-ac58-4dda-a650-7520af95ecca	4	28461965	34777340	3872	-0.1635
dcb7775c-ac58-4dda-a650-7520af95ecca	4	34777353	34822561	42	0.3543
dcb7775c-ac58-4dda-a650-7520af95ecca	4	34823103	42140752	4837	-0.138
dcb7775c-ac58-4dda-a650-7520af95ecca	4	42143854	45003738	1804	-0.2004
dcb7775c-ac58-4dda-a650-7520af95ecca	4	45003835	45004318	4	-1.1964
dcb7775c-ac58-4dda-a650-7520af95ecca	4	45008952	46448424	789	-0.2013
dcb7775c-ac58-4dda-a650-7520af95ecca	4	46450459	49289338	1546	-0.13
dcb7775c-ac58-4dda-a650-7520af95ecca	4	49295203	49501149	2	0.8015
dcb7775c-ac58-4dda-a650-7520af95ecca	4	49501768	49656595	17	0.1889
dcb7775c-ac58-4dda-a650-7520af95ecca	4	51819533	55457746	2499	0.5968
dcb7775c-ac58-4dda-a650-7520af95ecca	4	55458376	56352107	527	0.7337
dcb7775c-ac58-4dda-a650-7520af95ecca	4	56353426	58486682	1447	0.8571
dcb7775c-ac58-4dda-a650-7520af95ecca	4	58487679	61068826	1587	0.7456
dcb7775c-ac58-4dda-a650-7520af95ecca	4	61069316	61076234	5	0.0971
dcb7775c-ac58-4dda-a650-7520af95ecca	4	61079968	63093980	1103	0.6685
dcb7775c-ac58-4dda-a650-7520af95ecca	4	63105282	63353382	116	0.5096
dcb7775c-ac58-4dda-a650-7520af95ecca	4	63361365	63434197	43	0.6516
dcb7775c-ac58-4dda-a650-7520af95ecca	4	63436450	63831751	242	-0.3502
dcb7775c-ac58-4dda-a650-7520af95ecca	4	63831799	63850713	28	0.0343
dcb7775c-ac58-4dda-a650-7520af95ecca	4	63851308	63966912	54	-0.3211
dcb7775c-ac58-4dda-a650-7520af95ecca	4	63970482	64958316	612	-0.0929
dcb7775c-ac58-4dda-a650-7520af95ecca	4	64958440	64958619	5	-0.5823
dcb7775c-ac58-4dda-a650-7520af95ecca	4	64965013	65075488	107	-0.0241
dcb7775c-ac58-4dda-a650-7520af95ecca	4	65075502	65081482	5	-0.9335
dcb7775c-ac58-4dda-a650-7520af95ecca	4	65086696	65722833	425	0.1443
dcb7775c-ac58-4dda-a650-7520af95ecca	4	65726020	65764047	41	0.6017
dcb7775c-ac58-4dda-a650-7520af95ecca	4	65764267	68506285	1623	0.1604
dcb7775c-ac58-4dda-a650-7520af95ecca	4	68509223	68620261	65	-1.5639
dcb7775c-ac58-4dda-a650-7520af95ecca	4	68623617	69254604	310	0.1079
dcb7775c-ac58-4dda-a650-7520af95ecca	4	69254981	69412731	81	-0.3207
dcb7775c-ac58-4dda-a650-7520af95ecca	4	69414814	70305143	585	0.179
dcb7775c-ac58-4dda-a650-7520af95ecca	4	70305649	73127259	1653	0.1221
dcb7775c-ac58-4dda-a650-7520af95ecca	4	73127542	74709788	936	0.1926
dcb7775c-ac58-4dda-a650-7520af95ecca	4	74714899	93019443	11354	-0.285
dcb7775c-ac58-4dda-a650-7520af95ecca	4	93022194	93041706	8	-1.3771
dcb7775c-ac58-4dda-a650-7520af95ecca	4	93051040	109436596	9711	-0.293
dcb7775c-ac58-4dda-a650-7520af95ecca	4	109439389	111295645	1130	-0.0115
dcb7775c-ac58-4dda-a650-7520af95ecca	4	111296654	114254167	1928	-0.2803
dcb7775c-ac58-4dda-a650-7520af95ecca	4	114254188	114263110	25	0.1382
dcb7775c-ac58-4dda-a650-7520af95ecca	4	114263154	115394929	713	-0.2577
dcb7775c-ac58-4dda-a650-7520af95ecca	4	115395194	117586156	1301	-0.3328
dcb7775c-ac58-4dda-a650-7520af95ecca	4	117586487	126142032	5119	-0.2698
dcb7775c-ac58-4dda-a650-7520af95ecca	4	126142693	137132121	6084	-0.3217
dcb7775c-ac58-4dda-a650-7520af95ecca	4	137135147	152688097	9376	-0.2834
dcb7775c-ac58-4dda-a650-7520af95ecca	4	152690511	154881396	1445	-0.1154
dcb7775c-ac58-4dda-a650-7520af95ecca	4	154881853	154882190	5	-1.5252
dcb7775c-ac58-4dda-a650-7520af95ecca	4	154882512	156404664	1101	-0.1061
dcb7775c-ac58-4dda-a650-7520af95ecca	4	156405564	166319218	6329	-0.3038
dcb7775c-ac58-4dda-a650-7520af95ecca	4	166323055	170969020	2841	-0.2529
dcb7775c-ac58-4dda-a650-7520af95ecca	4	170969037	178242218	4481	-0.2951
dcb7775c-ac58-4dda-a650-7520af95ecca	4	178242428	182456803	3252	-0.3323
dcb7775c-ac58-4dda-a650-7520af95ecca	4	182457305	188515761	4165	-0.2747
dcb7775c-ac58-4dda-a650-7520af95ecca	4	188515932	188516020	2	-2.831
dcb7775c-ac58-4dda-a650-7520af95ecca	4	188516062	189887551	879	-0.3209
dcb7775c-ac58-4dda-a650-7520af95ecca	4	189894108	189903713	5	0.6093
dcb7775c-ac58-4dda-a650-7520af95ecca	4	189916716	190106768	46	-0.1215
dcb7775c-ac58-4dda-a650-7520af95ecca	5	15532	685633	306	0.2593
dcb7775c-ac58-4dda-a650-7520af95ecca	5	698256	773075	25	0.7245
dcb7775c-ac58-4dda-a650-7520af95ecca	5	773432	2347105	979	0.2755
dcb7775c-ac58-4dda-a650-7520af95ecca	5	2349394	10139031	6940	0.2216
dcb7775c-ac58-4dda-a650-7520af95ecca	5	10139163	11374657	1040	0.3261
dcb7775c-ac58-4dda-a650-7520af95ecca	5	11374683	12833745	911	0.2276
dcb7775c-ac58-4dda-a650-7520af95ecca	5	12837866	12838421	2	-1.2308
dcb7775c-ac58-4dda-a650-7520af95ecca	5	12849089	28678407	9696	0.2323
dcb7775c-ac58-4dda-a650-7520af95ecca	5	28678806	28686900	7	-0.4794
dcb7775c-ac58-4dda-a650-7520af95ecca	5	28686994	50146124	10797	0.2348
dcb7775c-ac58-4dda-a650-7520af95ecca	5	50151472	51835566	819	-0.1937
dcb7775c-ac58-4dda-a650-7520af95ecca	5	51835876	53399527	1108	-0.1166
dcb7775c-ac58-4dda-a650-7520af95ecca	5	53400140	53401297	2	-1.6626
dcb7775c-ac58-4dda-a650-7520af95ecca	5	53402557	58034020	3134	-0.1541
dcb7775c-ac58-4dda-a650-7520af95ecca	5	58034072	58034094	2	1.4047
dcb7775c-ac58-4dda-a650-7520af95ecca	5	58034306	98454290	23346	-0.1584
dcb7775c-ac58-4dda-a650-7520af95ecca	5	98456990	106188287	4559	-0.1998
dcb7775c-ac58-4dda-a650-7520af95ecca	5	106198372	119323103	9186	-0.1571
dcb7775c-ac58-4dda-a650-7520af95ecca	5	119323610	119324594	3	-1.9544
dcb7775c-ac58-4dda-a650-7520af95ecca	5	119324805	127081980	5059	-0.171
dcb7775c-ac58-4dda-a650-7520af95ecca	5	127084200	152945670	16015	-0.15
dcb7775c-ac58-4dda-a650-7520af95ecca	5	152946030	166978433	9443	-0.1879
dcb7775c-ac58-4dda-a650-7520af95ecca	5	166980083	168226788	958	-0.1122
dcb7775c-ac58-4dda-a650-7520af95ecca	5	168229270	171767234	2689	-0.2063
dcb7775c-ac58-4dda-a650-7520af95ecca	5	171767566	171767886	2	-1.7638
dcb7775c-ac58-4dda-a650-7520af95ecca	5	171768123	176033084	3141	-0.1799
dcb7775c-ac58-4dda-a650-7520af95ecca	5	176038686	176042504	2	-3.4706
dcb7775c-ac58-4dda-a650-7520af95ecca	5	176043321	176712904	298	-0.1901
dcb7775c-ac58-4dda-a650-7520af95ecca	5	176714687	176717470	2	-1.3871
dcb7775c-ac58-4dda-a650-7520af95ecca	5	176717685	177771448	424	-0.1344
dcb7775c-ac58-4dda-a650-7520af95ecca	5	177800550	177805604	3	2.6617
dcb7775c-ac58-4dda-a650-7520af95ecca	5	177827964	178514519	342	-0.1268
dcb7775c-ac58-4dda-a650-7520af95ecca	5	178514616	179625184	696	-0.2287
dcb7775c-ac58-4dda-a650-7520af95ecca	5	179625556	179683849	47	0.0129
dcb7775c-ac58-4dda-a650-7520af95ecca	5	179696634	180671422	541	-0.2058
dcb7775c-ac58-4dda-a650-7520af95ecca	5	180673292	181258948	349	-0.128
dcb7775c-ac58-4dda-a650-7520af95ecca	5	181263936	181363319	10	0.1096
dcb7775c-ac58-4dda-a650-7520af95ecca	6	149661	294837	124	-0.0728
dcb7775c-ac58-4dda-a650-7520af95ecca	6	302306	380821	77	0.5417
dcb7775c-ac58-4dda-a650-7520af95ecca	6	381149	432573	47	-0.0565
dcb7775c-ac58-4dda-a650-7520af95ecca	6	433962	11235403	8575	-0.3061
dcb7775c-ac58-4dda-a650-7520af95ecca	6	11235449	14843529	2841	-0.1043
dcb7775c-ac58-4dda-a650-7520af95ecca	6	14844840	16515152	1224	-0.3321
dcb7775c-ac58-4dda-a650-7520af95ecca	6	16515961	22255995	4181	-0.1495
dcb7775c-ac58-4dda-a650-7520af95ecca	6	22256152	22987823	593	0.0302
dcb7775c-ac58-4dda-a650-7520af95ecca	6	22987858	23742789	550	-0.2925
dcb7775c-ac58-4dda-a650-7520af95ecca	6	23744444	29153854	3052	-0.1869
dcb7775c-ac58-4dda-a650-7520af95ecca	6	29174699	29869700	398	-0.335
dcb7775c-ac58-4dda-a650-7520af95ecca	6	29869747	29933799	31	0.2752
dcb7775c-ac58-4dda-a650-7520af95ecca	6	29940692	32463515	1151	-0.2624
dcb7775c-ac58-4dda-a650-7520af95ecca	6	32463775	32658160	65	0.7812
dcb7775c-ac58-4dda-a650-7520af95ecca	6	32658841	32722250	45	-0.1
dcb7775c-ac58-4dda-a650-7520af95ecca	6	32723020	32723035	2	1.9111
dcb7775c-ac58-4dda-a650-7520af95ecca	6	32723053	33974834	760	-0.1494
dcb7775c-ac58-4dda-a650-7520af95ecca	6	33974928	34774241	420	-0.3198
dcb7775c-ac58-4dda-a650-7520af95ecca	6	34776011	34913273	80	-0.1401
dcb7775c-ac58-4dda-a650-7520af95ecca	6	34914617	37985046	1853	-0.3163
dcb7775c-ac58-4dda-a650-7520af95ecca	6	37985363	39856791	1352	-0.131
dcb7775c-ac58-4dda-a650-7520af95ecca	6	39860028	40795637	839	0.1919
dcb7775c-ac58-4dda-a650-7520af95ecca	6	40795727	42447404	1018	0.3172
dcb7775c-ac58-4dda-a650-7520af95ecca	6	42449491	42580078	76	0.424
dcb7775c-ac58-4dda-a650-7520af95ecca	6	42580955	42625448	23	0.7647
dcb7775c-ac58-4dda-a650-7520af95ecca	6	42631966	43682382	507	0.406
dcb7775c-ac58-4dda-a650-7520af95ecca	6	43683050	53202390	6067	0.2133
dcb7775c-ac58-4dda-a650-7520af95ecca	6	53205086	55334685	1461	0.2719
dcb7775c-ac58-4dda-a650-7520af95ecca	6	55339288	55598641	202	0.0924
dcb7775c-ac58-4dda-a650-7520af95ecca	6	55603664	56484646	564	0.2132
dcb7775c-ac58-4dda-a650-7520af95ecca	6	56485960	73882509	8835	-0.3058
dcb7775c-ac58-4dda-a650-7520af95ecca	6	73882741	73891694	9	-2.462
dcb7775c-ac58-4dda-a650-7520af95ecca	6	73893839	74823796	612	-0.2811
dcb7775c-ac58-4dda-a650-7520af95ecca	6	74824464	74824465	2	0.859
dcb7775c-ac58-4dda-a650-7520af95ecca	6	74824680	76726815	1156	-0.2952
dcb7775c-ac58-4dda-a650-7520af95ecca	6	76730151	76742665	15	-1.8106
dcb7775c-ac58-4dda-a650-7520af95ecca	6	76742675	80575042	2530	-0.2969
dcb7775c-ac58-4dda-a650-7520af95ecca	6	80575241	80579817	27	-1.84
dcb7775c-ac58-4dda-a650-7520af95ecca	6	80584624	93769876	8447	-0.2867
dcb7775c-ac58-4dda-a650-7520af95ecca	6	93770697	97304948	1943	-0.3409
dcb7775c-ac58-4dda-a650-7520af95ecca	6	97306785	103286954	3623	-0.3003
dcb7775c-ac58-4dda-a650-7520af95ecca	6	103290101	103314186	46	-0.8608
dcb7775c-ac58-4dda-a650-7520af95ecca	6	103317795	120529999	10491	-0.2827
dcb7775c-ac58-4dda-a650-7520af95ecca	6	120530707	126681488	3781	-0.2238
dcb7775c-ac58-4dda-a650-7520af95ecca	6	126681590	150744053	15820	-0.2605
dcb7775c-ac58-4dda-a650-7520af95ecca	6	150746710	153024544	1755	-0.3173
dcb7775c-ac58-4dda-a650-7520af95ecca	6	153024911	170741917	12329	-0.2713
dcb7775c-ac58-4dda-a650-7520af95ecca	7	43355	1204095	355	0.5927
dcb7775c-ac58-4dda-a650-7520af95ecca	7	1204113	1788068	168	0.3785
dcb7775c-ac58-4dda-a650-7520af95ecca	7	1788402	4535799	1901	0.5177
dcb7775c-ac58-4dda-a650-7520af95ecca	7	4535949	11889027	5151	0.3991
dcb7775c-ac58-4dda-a650-7520af95ecca	7	11889282	16657813	3828	0.4512
dcb7775c-ac58-4dda-a650-7520af95ecca	7	16660822	16662219	10	-0.2769
dcb7775c-ac58-4dda-a650-7520af95ecca	7	16670083	17465005	624	0.4527
dcb7775c-ac58-4dda-a650-7520af95ecca	7	17465022	17469465	7	-0.0242
dcb7775c-ac58-4dda-a650-7520af95ecca	7	17469814	17925956	384	0.4448
dcb7775c-ac58-4dda-a650-7520af95ecca	7	17926215	18859227	693	0.418
dcb7775c-ac58-4dda-a650-7520af95ecca	7	18860998	19923809	1043	0.344
dcb7775c-ac58-4dda-a650-7520af95ecca	7	19930807	31529965	8543	0.4207
dcb7775c-ac58-4dda-a650-7520af95ecca	7	31530727	38271122	4674	0.4887
dcb7775c-ac58-4dda-a650-7520af95ecca	7	38271497	38289379	29	0.9327
dcb7775c-ac58-4dda-a650-7520af95ecca	7	38289393	38312638	51	0.5041
dcb7775c-ac58-4dda-a650-7520af95ecca	7	38317006	38356875	37	0.7553
dcb7775c-ac58-4dda-a650-7520af95ecca	7	38361356	52473992	9616	0.4785
dcb7775c-ac58-4dda-a650-7520af95ecca	7	52474135	55698754	2516	0.6358
dcb7775c-ac58-4dda-a650-7520af95ecca	7	55698944	62322298	928	0.544
dcb7775c-ac58-4dda-a650-7520af95ecca	7	62324395	70955452	4063	0.234
dcb7775c-ac58-4dda-a650-7520af95ecca	7	70958264	70961155	2	-2.3027
dcb7775c-ac58-4dda-a650-7520af95ecca	7	70963257	75948754	1926	0.2401
dcb7775c-ac58-4dda-a650-7520af95ecca	7	75954056	76524031	218	0.2908
dcb7775c-ac58-4dda-a650-7520af95ecca	7	76524046	76531991	4	1.1307
dcb7775c-ac58-4dda-a650-7520af95ecca	7	76532105	82932645	4194	0.313
dcb7775c-ac58-4dda-a650-7520af95ecca	7	82933024	88611573	3460	0.4636
dcb7775c-ac58-4dda-a650-7520af95ecca	7	88611679	89704376	720	0.3829
dcb7775c-ac58-4dda-a650-7520af95ecca	7	89710408	90646422	624	0.4489
dcb7775c-ac58-4dda-a650-7520af95ecca	7	90646551	92367941	1113	0.2124
dcb7775c-ac58-4dda-a650-7520af95ecca	7	92369181	95063082	1709	0.5529
dcb7775c-ac58-4dda-a650-7520af95ecca	7	95065700	95403098	210	0.1633
dcb7775c-ac58-4dda-a650-7520af95ecca	7	95405450	98168241	1737	0.2217
dcb7775c-ac58-4dda-a650-7520af95ecca	7	98174768	98807475	300	0.1162
dcb7775c-ac58-4dda-a650-7520af95ecca	7	98807583	100773735	795	0.1946
dcb7775c-ac58-4dda-a650-7520af95ecca	7	100773794	101371107	235	0.1273
dcb7775c-ac58-4dda-a650-7520af95ecca	7	101374089	101472713	42	0.3879
dcb7775c-ac58-4dda-a650-7520af95ecca	7	101473053	102375533	432	0.1362
dcb7775c-ac58-4dda-a650-7520af95ecca	7	102376056	103708183	545	0.6152
dcb7775c-ac58-4dda-a650-7520af95ecca	7	103708848	104221811	376	0.4696
dcb7775c-ac58-4dda-a650-7520af95ecca	7	104221997	104321846	67	0.3287
dcb7775c-ac58-4dda-a650-7520af95ecca	7	104323758	104389028	49	0.1135
dcb7775c-ac58-4dda-a650-7520af95ecca	7	104392978	109797623	3570	0.2161
dcb7775c-ac58-4dda-a650-7520af95ecca	7	109797700	109814214	25	-0.1328
dcb7775c-ac58-4dda-a650-7520af95ecca	7	109818333	121483464	7034	0.1994
dcb7775c-ac58-4dda-a650-7520af95ecca	7	121484438	122444781	542	0.2745
dcb7775c-ac58-4dda-a650-7520af95ecca	7	122445147	123117061	418	0.2008
dcb7775c-ac58-4dda-a650-7520af95ecca	7	123117389	126405632	2036	0.1607
dcb7775c-ac58-4dda-a650-7520af95ecca	7	126405690	126406561	8	-1.5861
dcb7775c-ac58-4dda-a650-7520af95ecca	7	126406822	126461137	44	0.0348
dcb7775c-ac58-4dda-a650-7520af95ecca	7	126461224	126480885	10	0.2597
dcb7775c-ac58-4dda-a650-7520af95ecca	7	126480904	126600226	85	0.5702
dcb7775c-ac58-4dda-a650-7520af95ecca	7	126601300	136760995	6440	0.2964
dcb7775c-ac58-4dda-a650-7520af95ecca	7	136763089	136775017	8	-0.7383
dcb7775c-ac58-4dda-a650-7520af95ecca	7	136781548	136839394	22	0.1937
dcb7775c-ac58-4dda-a650-7520af95ecca	7	136841657	137883061	732	0.3599
dcb7775c-ac58-4dda-a650-7520af95ecca	7	137883624	144012606	3679	0.2852
dcb7775c-ac58-4dda-a650-7520af95ecca	7	144013003	144014058	7	-0.6132
dcb7775c-ac58-4dda-a650-7520af95ecca	7	144014076	145495224	865	0.3078
dcb7775c-ac58-4dda-a650-7520af95ecca	7	145495625	145495800	2	-1.0472
dcb7775c-ac58-4dda-a650-7520af95ecca	7	145495852	152217116	4119	0.2849
dcb7775c-ac58-4dda-a650-7520af95ecca	7	152219465	153450553	722	0.2304
dcb7775c-ac58-4dda-a650-7520af95ecca	7	153450560	153450627	2	1.4584
dcb7775c-ac58-4dda-a650-7520af95ecca	7	153450630	155093527	1285	0.2292
dcb7775c-ac58-4dda-a650-7520af95ecca	7	155093550	155671335	487	0.2793
dcb7775c-ac58-4dda-a650-7520af95ecca	7	155673169	155676942	3	1.472
dcb7775c-ac58-4dda-a650-7520af95ecca	7	155683042	159326088	2311	0.2905
dcb7775c-ac58-4dda-a650-7520af95ecca	7	159326475	159334314	6	0.6384
dcb7775c-ac58-4dda-a650-7520af95ecca	8	81254	7336299	7732	-0.3416
dcb7775c-ac58-4dda-a650-7520af95ecca	8	7357089	7930192	48	-0.9317
dcb7775c-ac58-4dda-a650-7520af95ecca	8	7941868	12176798	3245	-0.2969
dcb7775c-ac58-4dda-a650-7520af95ecca	8	12177488	12383996	17	-1.0988
dcb7775c-ac58-4dda-a650-7520af95ecca	8	12385006	12385031	6	0.0305
dcb7775c-ac58-4dda-a650-7520af95ecca	8	12387683	12389977	7	-1.9495
dcb7775c-ac58-4dda-a650-7520af95ecca	8	12418301	25116928	10421	-0.3258
dcb7775c-ac58-4dda-a650-7520af95ecca	8	25116961	25126818	26	0.4413
dcb7775c-ac58-4dda-a650-7520af95ecca	8	25133589	32821348	5429	-0.3258
dcb7775c-ac58-4dda-a650-7520af95ecca	8	32825580	32830895	8	0.6012
dcb7775c-ac58-4dda-a650-7520af95ecca	8	32834588	39368524	3573	-0.3297
dcb7775c-ac58-4dda-a650-7520af95ecca	8	39368830	39526605	59	0.2282
dcb7775c-ac58-4dda-a650-7520af95ecca	8	39527181	40633196	880	-0.3228
dcb7775c-ac58-4dda-a650-7520af95ecca	8	40634256	40978857	239	0.3006
dcb7775c-ac58-4dda-a650-7520af95ecca	8	40979074	43748555	1437	0.1717
dcb7775c-ac58-4dda-a650-7520af95ecca	8	43749219	50353736	2208	0.2962
dcb7775c-ac58-4dda-a650-7520af95ecca	8	50355152	50488451	88	0.0328
dcb7775c-ac58-4dda-a650-7520af95ecca	8	50489207	52116198	1005	0.245
dcb7775c-ac58-4dda-a650-7520af95ecca	8	52116475	52434144	241	0.4582
dcb7775c-ac58-4dda-a650-7520af95ecca	8	52435810	53915407	968	0.5401
dcb7775c-ac58-4dda-a650-7520af95ecca	8	53918141	55835906	1282	0.3822
dcb7775c-ac58-4dda-a650-7520af95ecca	8	55840052	55917718	44	0.6436
dcb7775c-ac58-4dda-a650-7520af95ecca	8	55926653	63067749	4800	0.3992
dcb7775c-ac58-4dda-a650-7520af95ecca	8	63068288	69733119	3838	0.2168
dcb7775c-ac58-4dda-a650-7520af95ecca	8	69733519	70107427	231	0.0841
dcb7775c-ac58-4dda-a650-7520af95ecca	8	70112128	84345754	8625	0.2222
dcb7775c-ac58-4dda-a650-7520af95ecca	8	84350648	84356431	19	-0.6518
dcb7775c-ac58-4dda-a650-7520af95ecca	8	84358447	94545324	5841	0.2093
dcb7775c-ac58-4dda-a650-7520af95ecca	8	94545374	94545764	6	1.2622
dcb7775c-ac58-4dda-a650-7520af95ecca	8	94545887	111282237	10269	0.2375
dcb7775c-ac58-4dda-a650-7520af95ecca	8	111282417	111283031	7	-1.0821
dcb7775c-ac58-4dda-a650-7520af95ecca	8	111288052	114622325	1823	0.2204
dcb7775c-ac58-4dda-a650-7520af95ecca	8	114622424	114629356	31	-0.2678
dcb7775c-ac58-4dda-a650-7520af95ecca	8	114629460	125181503	7146	0.2441
dcb7775c-ac58-4dda-a650-7520af95ecca	8	125182173	126435254	896	0.1868
dcb7775c-ac58-4dda-a650-7520af95ecca	8	126437735	137222653	8275	0.2362
dcb7775c-ac58-4dda-a650-7520af95ecca	8	137222818	140606532	2751	0.1997
dcb7775c-ac58-4dda-a650-7520af95ecca	8	140607289	142401600	1035	0.3061
dcb7775c-ac58-4dda-a650-7520af95ecca	8	142406918	143616987	444	0.1982
dcb7775c-ac58-4dda-a650-7520af95ecca	8	143622987	143625638	9	-0.4276
dcb7775c-ac58-4dda-a650-7520af95ecca	8	143636819	145072769	504	0.2761
dcb7775c-ac58-4dda-a650-7520af95ecca	9	46587	672786	650	-0.7986
dcb7775c-ac58-4dda-a650-7520af95ecca	9	672895	676278	9	0.0315
dcb7775c-ac58-4dda-a650-7520af95ecca	9	676305	4970909	4409	-0.8646
dcb7775c-ac58-4dda-a650-7520af95ecca	9	4971458	5389821	413	-0.691
dcb7775c-ac58-4dda-a650-7520af95ecca	9	5389990	13619785	6966	-0.8796
dcb7775c-ac58-4dda-a650-7520af95ecca	9	13621539	14685581	990	0.486
dcb7775c-ac58-4dda-a650-7520af95ecca	9	14691079	15604748	717	0.6381
dcb7775c-ac58-4dda-a650-7520af95ecca	9	15608374	16287983	564	0.8455
dcb7775c-ac58-4dda-a650-7520af95ecca	9	16288321	17459628	984	0.7493
dcb7775c-ac58-4dda-a650-7520af95ecca	9	17461933	17527468	55	1.2597
dcb7775c-ac58-4dda-a650-7520af95ecca	9	17527640	18371918	833	0.9542
dcb7775c-ac58-4dda-a650-7520af95ecca	9	18371968	18761370	341	1.2666
dcb7775c-ac58-4dda-a650-7520af95ecca	9	18762251	19246343	467	0.9628
dcb7775c-ac58-4dda-a650-7520af95ecca	9	19246846	20764176	1154	0.8293
dcb7775c-ac58-4dda-a650-7520af95ecca	9	20764207	20764252	3	-0.1297
dcb7775c-ac58-4dda-a650-7520af95ecca	9	20764871	21025826	199	0.8171
dcb7775c-ac58-4dda-a650-7520af95ecca	9	21026686	21525012	407	-1.6757
dcb7775c-ac58-4dda-a650-7520af95ecca	9	21531537	21701006	129	-2.3001
dcb7775c-ac58-4dda-a650-7520af95ecca	9	21701395	22241890	374	-1.6631
dcb7775c-ac58-4dda-a650-7520af95ecca	9	22241939	22242056	2	-7.6511
dcb7775c-ac58-4dda-a650-7520af95ecca	9	22242839	23132592	563	-1.7623
dcb7775c-ac58-4dda-a650-7520af95ecca	9	23137967	23361807	158	0.8595
dcb7775c-ac58-4dda-a650-7520af95ecca	9	23363117	23373486	8	1.6811
dcb7775c-ac58-4dda-a650-7520af95ecca	9	23378490	23737355	295	0.851
dcb7775c-ac58-4dda-a650-7520af95ecca	9	23737410	24895430	799	0.6845
dcb7775c-ac58-4dda-a650-7520af95ecca	9	24895887	25864250	712	-0.2856
dcb7775c-ac58-4dda-a650-7520af95ecca	9	25864833	31767430	4377	-0.0983
dcb7775c-ac58-4dda-a650-7520af95ecca	9	31767554	32483026	546	0.1394
dcb7775c-ac58-4dda-a650-7520af95ecca	9	32483553	32727152	159	0.0127
dcb7775c-ac58-4dda-a650-7520af95ecca	9	32735964	32915577	166	0.7963
dcb7775c-ac58-4dda-a650-7520af95ecca	9	32920781	34360565	876	0.0033
dcb7775c-ac58-4dda-a650-7520af95ecca	9	34365274	37331608	1687	-0.1338
dcb7775c-ac58-4dda-a650-7520af95ecca	9	37334733	41659472	1234	-0.0007
dcb7775c-ac58-4dda-a650-7520af95ecca	9	41666811	42585140	45	0.3273
dcb7775c-ac58-4dda-a650-7520af95ecca	9	42697878	61405110	54	-0.0082
dcb7775c-ac58-4dda-a650-7520af95ecca	9	61520021	61629689	28	-0.5912
dcb7775c-ac58-4dda-a650-7520af95ecca	9	61633080	68351648	173	0.0526
dcb7775c-ac58-4dda-a650-7520af95ecca	9	68367083	85926218	12703	-0.3189
dcb7775c-ac58-4dda-a650-7520af95ecca	9	85928167	88850751	2064	-0.3738
dcb7775c-ac58-4dda-a650-7520af95ecca	9	88851279	97684513	5836	-0.3058
dcb7775c-ac58-4dda-a650-7520af95ecca	9	97687378	110188025	9257	0.3866
dcb7775c-ac58-4dda-a650-7520af95ecca	9	110188149	110262162	51	0.4729
dcb7775c-ac58-4dda-a650-7520af95ecca	9	110262509	110264442	2	1.742
dcb7775c-ac58-4dda-a650-7520af95ecca	9	110265889	110492424	200	0.5992
dcb7775c-ac58-4dda-a650-7520af95ecca	9	110499896	110998814	421	0.4076
dcb7775c-ac58-4dda-a650-7520af95ecca	9	111001027	111536942	396	0.5697
dcb7775c-ac58-4dda-a650-7520af95ecca	9	111537822	111654802	71	0.3895
dcb7775c-ac58-4dda-a650-7520af95ecca	9	111654968	112643440	629	0.2837
dcb7775c-ac58-4dda-a650-7520af95ecca	9	112643518	112766617	85	0.5425
dcb7775c-ac58-4dda-a650-7520af95ecca	9	112769699	115565450	2117	0.2853
dcb7775c-ac58-4dda-a650-7520af95ecca	9	115571248	116230795	447	0.369
dcb7775c-ac58-4dda-a650-7520af95ecca	9	116233667	125228840	6494	0.1885
dcb7775c-ac58-4dda-a650-7520af95ecca	9	125232285	127738236	1589	0.2953
dcb7775c-ac58-4dda-a650-7520af95ecca	9	127745798	128134484	207	0.4843
dcb7775c-ac58-4dda-a650-7520af95ecca	9	128137065	128283884	62	0.2273
dcb7775c-ac58-4dda-a650-7520af95ecca	9	128284628	128512586	77	0.4633
dcb7775c-ac58-4dda-a650-7520af95ecca	9	128517080	129053331	194	0.2617
dcb7775c-ac58-4dda-a650-7520af95ecca	9	129053667	129086757	13	0.6126
dcb7775c-ac58-4dda-a650-7520af95ecca	9	129094083	129851859	393	0.2757
dcb7775c-ac58-4dda-a650-7520af95ecca	9	129851976	129852133	3	-0.8163
dcb7775c-ac58-4dda-a650-7520af95ecca	9	129852157	135705351	3743	0.2975
dcb7775c-ac58-4dda-a650-7520af95ecca	9	135708032	135898440	68	0.53
dcb7775c-ac58-4dda-a650-7520af95ecca	9	135903215	136209619	113	0.2403
dcb7775c-ac58-4dda-a650-7520af95ecca	9	136210101	136757316	151	0.4324
dcb7775c-ac58-4dda-a650-7520af95ecca	9	136764124	137358304	133	0.3019
dcb7775c-ac58-4dda-a650-7520af95ecca	9	137358336	137361381	5	1.1995
dcb7775c-ac58-4dda-a650-7520af95ecca	9	137378551	138200944	407	0.3441
dcb7775c-ac58-4dda-a650-7520af95ecca	10	45792	118732	41	0.4815
dcb7775c-ac58-4dda-a650-7520af95ecca	10	127417	4344841	3680	0.159
dcb7775c-ac58-4dda-a650-7520af95ecca	10	4345409	5067070	636	0.257
dcb7775c-ac58-4dda-a650-7520af95ecca	10	5067963	5769008	533	0.1314
dcb7775c-ac58-4dda-a650-7520af95ecca	10	5769991	6814932	963	0.0415
dcb7775c-ac58-4dda-a650-7520af95ecca	10	6815084	19008250	9854	0.0119
dcb7775c-ac58-4dda-a650-7520af95ecca	10	19008368	26933116	5483	0.0382
dcb7775c-ac58-4dda-a650-7520af95ecca	10	26934974	26941064	15	0.6537
dcb7775c-ac58-4dda-a650-7520af95ecca	10	26941746	32659824	4085	0.0406
dcb7775c-ac58-4dda-a650-7520af95ecca	10	32662483	34882735	1591	0.1065
dcb7775c-ac58-4dda-a650-7520af95ecca	10	34884771	35039506	89	0.2659
dcb7775c-ac58-4dda-a650-7520af95ecca	10	35045041	37656579	1651	0.0935
dcb7775c-ac58-4dda-a650-7520af95ecca	10	37656831	42758139	757	-0.1355
dcb7775c-ac58-4dda-a650-7520af95ecca	10	42766813	45761333	2061	-0.319
dcb7775c-ac58-4dda-a650-7520af95ecca	10	45798061	45936113	4	0.6788
dcb7775c-ac58-4dda-a650-7520af95ecca	10	45998155	46260741	129	-0.2765
dcb7775c-ac58-4dda-a650-7520af95ecca	10	46260985	46792344	158	-0.1089
dcb7775c-ac58-4dda-a650-7520af95ecca	10	46804606	47002596	7	0.5875
dcb7775c-ac58-4dda-a650-7520af95ecca	10	47008590	49902373	1635	-0.2931
dcb7775c-ac58-4dda-a650-7520af95ecca	10	49904999	50020849	21	0.3404
dcb7775c-ac58-4dda-a650-7520af95ecca	10	50024831	51832743	1236	-0.2859
dcb7775c-ac58-4dda-a650-7520af95ecca	10	51833294	53809943	1594	-0.1309
dcb7775c-ac58-4dda-a650-7520af95ecca	10	53812964	57443289	2636	-0.3101
dcb7775c-ac58-4dda-a650-7520af95ecca	10	57450745	57484863	15	-0.838
dcb7775c-ac58-4dda-a650-7520af95ecca	10	57490663	59314442	1308	-0.3005
dcb7775c-ac58-4dda-a650-7520af95ecca	10	59315515	61764833	1783	-0.2538
dcb7775c-ac58-4dda-a650-7520af95ecca	10	61765127	65545353	2455	-0.3081
dcb7775c-ac58-4dda-a650-7520af95ecca	10	65546321	65548951	10	-0.8819
dcb7775c-ac58-4dda-a650-7520af95ecca	10	65548979	65554672	20	-1.9243
dcb7775c-ac58-4dda-a650-7520af95ecca	10	65554688	70783416	3579	-0.3188
dcb7775c-ac58-4dda-a650-7520af95ecca	10	70783700	79624118	5653	-0.141
dcb7775c-ac58-4dda-a650-7520af95ecca	10	79624128	79625643	3	-1.9737
dcb7775c-ac58-4dda-a650-7520af95ecca	10	79625693	87286741	5212	-0.157
dcb7775c-ac58-4dda-a650-7520af95ecca	10	87310039	87357543	13	-0.7189
dcb7775c-ac58-4dda-a650-7520af95ecca	10	87371433	106516017	12116	-0.1392
dcb7775c-ac58-4dda-a650-7520af95ecca	10	106516639	108893556	1843	-0.1856
dcb7775c-ac58-4dda-a650-7520af95ecca	10	108901502	119677500	7427	-0.146
dcb7775c-ac58-4dda-a650-7520af95ecca	10	119677984	122995861	2754	-0.0889
dcb7775c-ac58-4dda-a650-7520af95ecca	10	122996876	128346975	3901	-0.1402
dcb7775c-ac58-4dda-a650-7520af95ecca	10	128347080	131172579	2385	-0.1879
dcb7775c-ac58-4dda-a650-7520af95ecca	10	131175990	133654968	1352	-0.1288
dcb7775c-ac58-4dda-a650-7520af95ecca	11	198510	437668	96	-0.1839
dcb7775c-ac58-4dda-a650-7520af95ecca	11	440241	4204778	1628	-0.313
dcb7775c-ac58-4dda-a650-7520af95ecca	11	4205310	4946420	694	-0.1534
dcb7775c-ac58-4dda-a650-7520af95ecca	11	4947280	4955042	30	0.2942
dcb7775c-ac58-4dda-a650-7520af95ecca	11	4955781	5762452	782	-0.2058
dcb7775c-ac58-4dda-a650-7520af95ecca	11	5762693	5787818	33	0.1572
dcb7775c-ac58-4dda-a650-7520af95ecca	11	5787909	7744807	1471	-0.1853
dcb7775c-ac58-4dda-a650-7520af95ecca	11	7753207	16956520	6645	-0.1377
dcb7775c-ac58-4dda-a650-7520af95ecca	11	16956744	25593328	6594	-0.1905
dcb7775c-ac58-4dda-a650-7520af95ecca	11	25593430	29478953	2632	-0.1425
dcb7775c-ac58-4dda-a650-7520af95ecca	11	29479475	29479728	3	-2.014
dcb7775c-ac58-4dda-a650-7520af95ecca	11	29480606	32655670	2112	-0.1888
dcb7775c-ac58-4dda-a650-7520af95ecca	11	32659983	37127997	3470	-0.1393
dcb7775c-ac58-4dda-a650-7520af95ecca	11	37128247	38478417	833	-0.1994
dcb7775c-ac58-4dda-a650-7520af95ecca	11	38479109	38497619	12	0.2047
dcb7775c-ac58-4dda-a650-7520af95ecca	11	38497646	38895751	223	0.4279
dcb7775c-ac58-4dda-a650-7520af95ecca	11	38895917	38946110	22	-0.002
dcb7775c-ac58-4dda-a650-7520af95ecca	11	38952618	39835054	521	-0.1843
dcb7775c-ac58-4dda-a650-7520af95ecca	11	39835514	42791601	2096	0.0319
dcb7775c-ac58-4dda-a650-7520af95ecca	11	42794936	42796489	2	-1.5788
dcb7775c-ac58-4dda-a650-7520af95ecca	11	42799053	45177091	1788	0.0282
dcb7775c-ac58-4dda-a650-7520af95ecca	11	45177446	50508790	2386	-0.1745
dcb7775c-ac58-4dda-a650-7520af95ecca	11	50509807	54743970	123	-0.0053
dcb7775c-ac58-4dda-a650-7520af95ecca	11	54762035	54766290	3	1.0081
dcb7775c-ac58-4dda-a650-7520af95ecca	11	54782119	55337232	126	0.0346
dcb7775c-ac58-4dda-a650-7520af95ecca	11	55337817	55427813	44	-0.2669
dcb7775c-ac58-4dda-a650-7520af95ecca	11	55428826	55500779	45	0.0039
dcb7775c-ac58-4dda-a650-7520af95ecca	11	55501379	55595864	70	-0.2679
dcb7775c-ac58-4dda-a650-7520af95ecca	11	55606556	55670243	45	0.2275
dcb7775c-ac58-4dda-a650-7520af95ecca	11	55671856	56291818	433	-0.2225
dcb7775c-ac58-4dda-a650-7520af95ecca	11	56293060	56567166	177	0.0578
dcb7775c-ac58-4dda-a650-7520af95ecca	11	56572883	57308211	510	-0.1732
dcb7775c-ac58-4dda-a650-7520af95ecca	11	57310800	57442493	79	0.0531
dcb7775c-ac58-4dda-a650-7520af95ecca	11	57444173	59784600	1297	-0.1823
dcb7775c-ac58-4dda-a650-7520af95ecca	11	59785075	60065976	172	0.0118
dcb7775c-ac58-4dda-a650-7520af95ecca	11	60069077	61165678	719	-0.4138
dcb7775c-ac58-4dda-a650-7520af95ecca	11	61168506	61924869	313	-0.2274
dcb7775c-ac58-4dda-a650-7520af95ecca	11	61925882	62321517	294	-0.1712
dcb7775c-ac58-4dda-a650-7520af95ecca	11	62326412	62387640	24	0.1309
dcb7775c-ac58-4dda-a650-7520af95ecca	11	62388082	64886292	1133	-0.153
dcb7775c-ac58-4dda-a650-7520af95ecca	11	64892365	65877796	381	-0.036
dcb7775c-ac58-4dda-a650-7520af95ecca	11	65880247	67521123	628	-0.3357
dcb7775c-ac58-4dda-a650-7520af95ecca	11	67521485	67979689	146	-0.118
dcb7775c-ac58-4dda-a650-7520af95ecca	11	67981787	68998296	475	-0.3467
dcb7775c-ac58-4dda-a650-7520af95ecca	11	69001516	69633807	427	1.4049
dcb7775c-ac58-4dda-a650-7520af95ecca	11	69637069	69884020	146	2.9236
dcb7775c-ac58-4dda-a650-7520af95ecca	11	69884534	70171328	144	1.9213
dcb7775c-ac58-4dda-a650-7520af95ecca	11	70171368	70691513	286	2.5366
dcb7775c-ac58-4dda-a650-7520af95ecca	11	70692931	74648021	1991	-0.3174
dcb7775c-ac58-4dda-a650-7520af95ecca	11	74653516	74653521	2	-2.0281
dcb7775c-ac58-4dda-a650-7520af95ecca	11	74653685	81047069	4109	-0.3193
dcb7775c-ac58-4dda-a650-7520af95ecca	11	81047083	81602715	534	-0.5008
dcb7775c-ac58-4dda-a650-7520af95ecca	11	81602930	81792426	163	-0.2866
dcb7775c-ac58-4dda-a650-7520af95ecca	11	81792950	81806063	9	-1.2803
dcb7775c-ac58-4dda-a650-7520af95ecca	11	81806116	89741663	5275	-0.3108
dcb7775c-ac58-4dda-a650-7520af95ecca	11	89754781	89796439	5	-1.4686
dcb7775c-ac58-4dda-a650-7520af95ecca	11	89802300	93948666	2802	-0.3322
dcb7775c-ac58-4dda-a650-7520af95ecca	11	93948990	97308989	2438	-0.2609
dcb7775c-ac58-4dda-a650-7520af95ecca	11	97309118	112771909	10708	-0.3028
dcb7775c-ac58-4dda-a650-7520af95ecca	11	112772730	116739977	2957	-0.3425
dcb7775c-ac58-4dda-a650-7520af95ecca	11	116740883	121793707	3494	-0.3078
dcb7775c-ac58-4dda-a650-7520af95ecca	11	121794097	126036858	3051	-0.3547
dcb7775c-ac58-4dda-a650-7520af95ecca	11	126042189	128709393	2206	-0.1731
dcb7775c-ac58-4dda-a650-7520af95ecca	11	128712662	131140704	1646	-0.1287
dcb7775c-ac58-4dda-a650-7520af95ecca	11	131140898	135074876	3135	-0.1765
dcb7775c-ac58-4dda-a650-7520af95ecca	12	51460	739574	410	0.2552
dcb7775c-ac58-4dda-a650-7520af95ecca	12	741122	2151588	900	0.1717
dcb7775c-ac58-4dda-a650-7520af95ecca	12	2156967	9255112	4766	0.0776
dcb7775c-ac58-4dda-a650-7520af95ecca	12	9268233	9481274	99	0.2044
dcb7775c-ac58-4dda-a650-7520af95ecca	12	9485313	9575696	23	-1.5311
dcb7775c-ac58-4dda-a650-7520af95ecca	12	9582373	33148472	16584	0.0901
dcb7775c-ac58-4dda-a650-7520af95ecca	12	33148492	33155453	27	-0.562
dcb7775c-ac58-4dda-a650-7520af95ecca	12	33155525	34302636	682	0.0667
dcb7775c-ac58-4dda-a650-7520af95ecca	12	34304273	34307094	2	-1.4665
dcb7775c-ac58-4dda-a650-7520af95ecca	12	34307158	42327023	2952	0.0796
dcb7775c-ac58-4dda-a650-7520af95ecca	12	42327142	43297157	647	0.4083
dcb7775c-ac58-4dda-a650-7520af95ecca	12	43297261	45510655	1306	-0.0867
dcb7775c-ac58-4dda-a650-7520af95ecca	12	45512057	45515754	3	-2.5645
dcb7775c-ac58-4dda-a650-7520af95ecca	12	45519509	56938187	6494	-0.1147
dcb7775c-ac58-4dda-a650-7520af95ecca	12	56941697	56983725	16	-0.6209
dcb7775c-ac58-4dda-a650-7520af95ecca	12	56986593	57902753	398	-0.1461
dcb7775c-ac58-4dda-a650-7520af95ecca	12	57904378	60478823	1774	-0.0731
dcb7775c-ac58-4dda-a650-7520af95ecca	12	60480818	60483567	6	-1.2338
dcb7775c-ac58-4dda-a650-7520af95ecca	12	60486777	66555000	3647	-0.1174
dcb7775c-ac58-4dda-a650-7520af95ecca	12	66555434	66562990	5	0.2973
dcb7775c-ac58-4dda-a650-7520af95ecca	12	66563325	68294979	1382	0.0244
dcb7775c-ac58-4dda-a650-7520af95ecca	12	68297607	69225217	624	0.3612
dcb7775c-ac58-4dda-a650-7520af95ecca	12	69225956	74688261	3407	0.1829
dcb7775c-ac58-4dda-a650-7520af95ecca	12	74696520	75500085	515	0.3869
dcb7775c-ac58-4dda-a650-7520af95ecca	12	75500321	75551127	41	0.1154
dcb7775c-ac58-4dda-a650-7520af95ecca	12	75552898	83769408	5310	0.0096
dcb7775c-ac58-4dda-a650-7520af95ecca	12	83769511	83771462	3	-1.0541
dcb7775c-ac58-4dda-a650-7520af95ecca	12	83771500	84550936	480	0.005
dcb7775c-ac58-4dda-a650-7520af95ecca	12	84552476	92093851	4494	0.0548
dcb7775c-ac58-4dda-a650-7520af95ecca	12	92097649	98729374	4700	0.0018
dcb7775c-ac58-4dda-a650-7520af95ecca	12	98730222	99404577	437	0.1891
dcb7775c-ac58-4dda-a650-7520af95ecca	12	99404748	99404956	4	0.862
dcb7775c-ac58-4dda-a650-7520af95ecca	12	99409315	99649980	160	0.2023
dcb7775c-ac58-4dda-a650-7520af95ecca	12	99650237	99665236	7	-0.3909
dcb7775c-ac58-4dda-a650-7520af95ecca	12	99669398	104413759	3012	0.1706
dcb7775c-ac58-4dda-a650-7520af95ecca	12	104414837	106383641	1579	0.225
dcb7775c-ac58-4dda-a650-7520af95ecca	12	106387358	106387495	3	-0.7695
dcb7775c-ac58-4dda-a650-7520af95ecca	12	106387776	106892226	283	0.2168
dcb7775c-ac58-4dda-a650-7520af95ecca	12	106895738	117137905	6839	0.1798
dcb7775c-ac58-4dda-a650-7520af95ecca	12	117142173	119309945	1628	0.1334
dcb7775c-ac58-4dda-a650-7520af95ecca	12	119309958	126550292	4188	0.1723
dcb7775c-ac58-4dda-a650-7520af95ecca	12	126550627	129398509	2552	0.1305
dcb7775c-ac58-4dda-a650-7520af95ecca	12	129398557	133201603	2467	0.1824
dcb7775c-ac58-4dda-a650-7520af95ecca	13	18452809	18795296	77	-0.0424
dcb7775c-ac58-4dda-a650-7520af95ecca	13	18821498	18835707	15	-0.782
dcb7775c-ac58-4dda-a650-7520af95ecca	13	18842946	19339201	322	-0.1721
dcb7775c-ac58-4dda-a650-7520af95ecca	13	19342301	20546665	718	-0.0814
dcb7775c-ac58-4dda-a650-7520af95ecca	13	20547184	27541722	5127	-0.1733
dcb7775c-ac58-4dda-a650-7520af95ecca	13	27542339	29008983	1060	-0.236
dcb7775c-ac58-4dda-a650-7520af95ecca	13	29010375	37673301	6344	-0.1786
dcb7775c-ac58-4dda-a650-7520af95ecca	13	37675985	52366616	9690	-0.1518
dcb7775c-ac58-4dda-a650-7520af95ecca	13	52367473	71902850	11700	-0.1908
dcb7775c-ac58-4dda-a650-7520af95ecca	13	71903417	71906418	4	-2.0061
dcb7775c-ac58-4dda-a650-7520af95ecca	13	71906467	75535400	2671	-0.1146
dcb7775c-ac58-4dda-a650-7520af95ecca	13	75538564	82590399	4611	-0.1603
dcb7775c-ac58-4dda-a650-7520af95ecca	13	82594832	82596543	2	-1.6648
dcb7775c-ac58-4dda-a650-7520af95ecca	13	82598520	94617774	7625	-0.1799
dcb7775c-ac58-4dda-a650-7520af95ecca	13	94625600	95772456	822	-0.1233
dcb7775c-ac58-4dda-a650-7520af95ecca	13	95778331	114342922	13376	-0.0357
dcb7775c-ac58-4dda-a650-7520af95ecca	14	18239283	19294475	47	0.2472
dcb7775c-ac58-4dda-a650-7520af95ecca	14	19298389	19955213	120	0.7961
dcb7775c-ac58-4dda-a650-7520af95ecca	14	19956767	21928444	1365	0.2218
dcb7775c-ac58-4dda-a650-7520af95ecca	14	21928968	22051594	88	0.4092
dcb7775c-ac58-4dda-a650-7520af95ecca	14	22053638	22496204	379	0.5224
dcb7775c-ac58-4dda-a650-7520af95ecca	14	22497429	22760765	217	0.3627
dcb7775c-ac58-4dda-a650-7520af95ecca	14	22761865	34527508	7520	0.2401
dcb7775c-ac58-4dda-a650-7520af95ecca	14	34548002	40878212	3800	0.3456
dcb7775c-ac58-4dda-a650-7520af95ecca	14	40880017	48781036	4743	0.301
dcb7775c-ac58-4dda-a650-7520af95ecca	14	48781327	56101037	4823	0.3515
dcb7775c-ac58-4dda-a650-7520af95ecca	14	56102405	69547262	8516	0.2482
dcb7775c-ac58-4dda-a650-7520af95ecca	14	69551330	69555750	9	-0.3428
dcb7775c-ac58-4dda-a650-7520af95ecca	14	69555996	70192255	472	0.2738
dcb7775c-ac58-4dda-a650-7520af95ecca	14	70194435	78387674	5313	0.2201
dcb7775c-ac58-4dda-a650-7520af95ecca	14	78391296	86901330	5743	0.2593
dcb7775c-ac58-4dda-a650-7520af95ecca	14	86904005	91325976	2769	0.4058
dcb7775c-ac58-4dda-a650-7520af95ecca	14	91326960	93027878	1123	0.3633
dcb7775c-ac58-4dda-a650-7520af95ecca	14	93028155	97528682	3293	0.4284
dcb7775c-ac58-4dda-a650-7520af95ecca	14	97528727	99027873	1369	0.4846
dcb7775c-ac58-4dda-a650-7520af95ecca	14	99028933	105612687	3214	0.4165
dcb7775c-ac58-4dda-a650-7520af95ecca	14	105613310	105757263	22	0.9968
dcb7775c-ac58-4dda-a650-7520af95ecca	14	105757523	106433474	244	0.4773
dcb7775c-ac58-4dda-a650-7520af95ecca	14	106434898	106487827	48	0.7029
dcb7775c-ac58-4dda-a650-7520af95ecca	14	106492557	106877229	191	0.4162
dcb7775c-ac58-4dda-a650-7520af95ecca	15	19811075	22299009	205	0.4416
dcb7775c-ac58-4dda-a650-7520af95ecca	15	22299523	22764966	49	0.1114
dcb7775c-ac58-4dda-a650-7520af95ecca	15	22766001	23059322	218	0.309
dcb7775c-ac58-4dda-a650-7520af95ecca	15	23060013	24263561	663	0.2001
dcb7775c-ac58-4dda-a650-7520af95ecca	15	24266888	24482084	99	0.6593
dcb7775c-ac58-4dda-a650-7520af95ecca	15	24485848	27035531	1817	0.1846
dcb7775c-ac58-4dda-a650-7520af95ecca	15	27035697	32504134	2886	0.258
dcb7775c-ac58-4dda-a650-7520af95ecca	15	32507144	32584783	7	-0.5289
dcb7775c-ac58-4dda-a650-7520af95ecca	15	32610782	34431375	1489	0.2141
dcb7775c-ac58-4dda-a650-7520af95ecca	15	34434971	34526116	62	-0.4859
dcb7775c-ac58-4dda-a650-7520af95ecca	15	34570058	40057879	3952	0.2518
dcb7775c-ac58-4dda-a650-7520af95ecca	15	40057930	46629619	3282	0.2163
dcb7775c-ac58-4dda-a650-7520af95ecca	15	46632855	51970414	3307	0.2574
dcb7775c-ac58-4dda-a650-7520af95ecca	15	51973538	51981087	5	-0.6344
dcb7775c-ac58-4dda-a650-7520af95ecca	15	51983058	53492691	1068	0.2455
dcb7775c-ac58-4dda-a650-7520af95ecca	15	53492794	53493082	6	-0.5216
dcb7775c-ac58-4dda-a650-7520af95ecca	15	53498050	65521764	8259	0.2285
dcb7775c-ac58-4dda-a650-7520af95ecca	15	65524604	65814079	122	0.0407
dcb7775c-ac58-4dda-a650-7520af95ecca	15	65814168	70847006	3404	0.2385
dcb7775c-ac58-4dda-a650-7520af95ecca	15	70850480	73641525	1576	0.4102
dcb7775c-ac58-4dda-a650-7520af95ecca	15	73642467	80527663	3925	0.3604
dcb7775c-ac58-4dda-a650-7520af95ecca	15	80530895	81128309	439	0.241
dcb7775c-ac58-4dda-a650-7520af95ecca	15	81128577	93133679	8042	0.4094
dcb7775c-ac58-4dda-a650-7520af95ecca	15	93133785	94771891	1410	0.4686
dcb7775c-ac58-4dda-a650-7520af95ecca	15	94772486	100105095	3872	0.4108
dcb7775c-ac58-4dda-a650-7520af95ecca	15	100106734	100110736	5	-0.5409
dcb7775c-ac58-4dda-a650-7520af95ecca	15	100111521	101928837	1387	0.4483
dcb7775c-ac58-4dda-a650-7520af95ecca	16	10777	14671357	11095	0.0356
dcb7775c-ac58-4dda-a650-7520af95ecca	16	14676775	17084333	921	0.1724
dcb7775c-ac58-4dda-a650-7520af95ecca	16	17084441	19933041	1454	0.0465
dcb7775c-ac58-4dda-a650-7520af95ecca	16	19934328	19954553	28	-1.344
dcb7775c-ac58-4dda-a650-7520af95ecca	16	19956040	21525404	900	0.01
dcb7775c-ac58-4dda-a650-7520af95ecca	16	21525880	22333146	336	0.2056
dcb7775c-ac58-4dda-a650-7520af95ecca	16	22333870	23041014	413	0.0481
dcb7775c-ac58-4dda-a650-7520af95ecca	16	23041176	28620700	3755	-0.1342
dcb7775c-ac58-4dda-a650-7520af95ecca	16	28637882	30308694	407	0.099
dcb7775c-ac58-4dda-a650-7520af95ecca	16	30308986	31954295	642	-0.1061
dcb7775c-ac58-4dda-a650-7520af95ecca	16	31959228	33776048	74	0.0968
dcb7775c-ac58-4dda-a650-7520af95ecca	16	33776810	35884575	426	-0.0999
dcb7775c-ac58-4dda-a650-7520af95ecca	16	35887349	35910712	14	0.123
dcb7775c-ac58-4dda-a650-7520af95ecca	16	35911977	48910355	1186	-0.2888
dcb7775c-ac58-4dda-a650-7520af95ecca	16	48913245	52302677	2478	-0.3345
dcb7775c-ac58-4dda-a650-7520af95ecca	16	52303018	55788057	2828	-0.2823
dcb7775c-ac58-4dda-a650-7520af95ecca	16	55788485	55788532	2	1.1744
dcb7775c-ac58-4dda-a650-7520af95ecca	16	55808442	74373481	11077	-0.2976
dcb7775c-ac58-4dda-a650-7520af95ecca	16	74418138	74437522	12	0.2503
dcb7775c-ac58-4dda-a650-7520af95ecca	16	74438562	78337711	3194	-0.306
dcb7775c-ac58-4dda-a650-7520af95ecca	16	78338543	78350868	17	0.6879
dcb7775c-ac58-4dda-a650-7520af95ecca	16	78351104	84008053	6345	-0.2846
dcb7775c-ac58-4dda-a650-7520af95ecca	16	84008711	84877892	791	-0.1868
dcb7775c-ac58-4dda-a650-7520af95ecca	16	84878725	88404454	2773	-0.3134
dcb7775c-ac58-4dda-a650-7520af95ecca	16	88404632	90080373	703	-0.1752
dcb7775c-ac58-4dda-a650-7520af95ecca	16	90080426	90096867	9	-0.0397
dcb7775c-ac58-4dda-a650-7520af95ecca	17	150733	1330355	577	0.1476
dcb7775c-ac58-4dda-a650-7520af95ecca	17	1330752	6186748	2776	0.0029
dcb7775c-ac58-4dda-a650-7520af95ecca	17	6188546	6190171	2	-1.5921
dcb7775c-ac58-4dda-a650-7520af95ecca	17	6190510	8681145	1387	0.0282
dcb7775c-ac58-4dda-a650-7520af95ecca	17	8684079	9992394	978	-0.0474
dcb7775c-ac58-4dda-a650-7520af95ecca	17	9995393	10954126	651	0.0045
dcb7775c-ac58-4dda-a650-7520af95ecca	17	10957786	10959082	2	-1.5025
dcb7775c-ac58-4dda-a650-7520af95ecca	17	10959236	14543953	2803	0.0094
dcb7775c-ac58-4dda-a650-7520af95ecca	17	14549127	15770691	868	0.0912
dcb7775c-ac58-4dda-a650-7520af95ecca	17	15773687	18375298	1329	0.0116
dcb7775c-ac58-4dda-a650-7520af95ecca	17	18375438	18414080	23	0.2161
dcb7775c-ac58-4dda-a650-7520af95ecca	17	18452078	18561907	27	0.8451
dcb7775c-ac58-4dda-a650-7520af95ecca	17	18565883	27445903	1728	0.0514
dcb7775c-ac58-4dda-a650-7520af95ecca	17	27447869	27460263	8	0.7202
dcb7775c-ac58-4dda-a650-7520af95ecca	17	27460837	34702779	4267	0.021
dcb7775c-ac58-4dda-a650-7520af95ecca	17	34704063	37416083	1551	-0.113
dcb7775c-ac58-4dda-a650-7520af95ecca	17	37419035	37419555	2	-1.9049
dcb7775c-ac58-4dda-a650-7520af95ecca	17	37425380	39610186	907	-0.1076
dcb7775c-ac58-4dda-a650-7520af95ecca	17	39623268	39999677	235	1.9603
dcb7775c-ac58-4dda-a650-7520af95ecca	17	40010626	40262637	95	1.171
dcb7775c-ac58-4dda-a650-7520af95ecca	17	40266708	40324848	31	1.4977
dcb7775c-ac58-4dda-a650-7520af95ecca	17	40325043	40782100	263	1.0623
dcb7775c-ac58-4dda-a650-7520af95ecca	17	40782339	40881799	55	0.6593
dcb7775c-ac58-4dda-a650-7520af95ecca	17	40882082	41194336	222	0.2192
dcb7775c-ac58-4dda-a650-7520af95ecca	17	41195952	43107032	1100	-0.0828
dcb7775c-ac58-4dda-a650-7520af95ecca	17	43107363	43476440	113	0.0731
dcb7775c-ac58-4dda-a650-7520af95ecca	17	43477501	45408758	973	-0.1089
dcb7775c-ac58-4dda-a650-7520af95ecca	17	45415609	45955549	266	0.037
dcb7775c-ac58-4dda-a650-7520af95ecca	17	45956125	46080121	98	-0.067
dcb7775c-ac58-4dda-a650-7520af95ecca	17	46080231	46571001	136	0.2076
dcb7775c-ac58-4dda-a650-7520af95ecca	17	46664059	53035337	3682	-0.1035
dcb7775c-ac58-4dda-a650-7520af95ecca	17	53036087	53036639	2	-1.5618
dcb7775c-ac58-4dda-a650-7520af95ecca	17	53037189	55544982	1652	-0.0908
dcb7775c-ac58-4dda-a650-7520af95ecca	17	55545649	55548781	3	-1.173
dcb7775c-ac58-4dda-a650-7520af95ecca	17	55548803	59852228	2827	-0.0915
dcb7775c-ac58-4dda-a650-7520af95ecca	17	59853285	60548883	328	0.1806
dcb7775c-ac58-4dda-a650-7520af95ecca	17	60549057	60809862	113	-0.0214
dcb7775c-ac58-4dda-a650-7520af95ecca	17	60815377	61108785	158	0.6143
dcb7775c-ac58-4dda-a650-7520af95ecca	17	61116394	62592540	720	-0.0964
dcb7775c-ac58-4dda-a650-7520af95ecca	17	62593570	62718738	58	0.5847
dcb7775c-ac58-4dda-a650-7520af95ecca	17	62723683	67455825	2697	0.2515
dcb7775c-ac58-4dda-a650-7520af95ecca	17	67456045	72022322	3166	0.1441
dcb7775c-ac58-4dda-a650-7520af95ecca	17	72022770	73379808	1049	0.2636
dcb7775c-ac58-4dda-a650-7520af95ecca	17	73380006	73936616	431	0.019
dcb7775c-ac58-4dda-a650-7520af95ecca	17	73938078	74706388	491	0.1465
dcb7775c-ac58-4dda-a650-7520af95ecca	17	74710490	76778743	969	0.0129
dcb7775c-ac58-4dda-a650-7520af95ecca	17	76779413	76815153	15	0.4852
dcb7775c-ac58-4dda-a650-7520af95ecca	17	76817065	78429944	956	0.0499
dcb7775c-ac58-4dda-a650-7520af95ecca	17	78433251	78707434	211	0.1734
dcb7775c-ac58-4dda-a650-7520af95ecca	17	78712338	79245925	297	0.0361
dcb7775c-ac58-4dda-a650-7520af95ecca	17	79246197	79250308	8	-0.6412
dcb7775c-ac58-4dda-a650-7520af95ecca	17	79250962	83091923	1734	0.0363
dcb7775c-ac58-4dda-a650-7520af95ecca	18	48133	58202	2	1.7119
dcb7775c-ac58-4dda-a650-7520af95ecca	18	78315	1796845	1228	0.0758
dcb7775c-ac58-4dda-a650-7520af95ecca	18	1798489	11553843	7264	-0.0782
dcb7775c-ac58-4dda-a650-7520af95ecca	18	11553869	15182455	1881	-0.14
dcb7775c-ac58-4dda-a650-7520af95ecca	18	15182482	21610160	293	0.0218
dcb7775c-ac58-4dda-a650-7520af95ecca	18	21614941	23269972	902	0.4214
dcb7775c-ac58-4dda-a650-7520af95ecca	18	23271782	24500418	758	0.6901
dcb7775c-ac58-4dda-a650-7520af95ecca	18	24503072	30753737	4028	0.4438
dcb7775c-ac58-4dda-a650-7520af95ecca	18	30755073	31379493	412	0.5374
dcb7775c-ac58-4dda-a650-7520af95ecca	18	31381451	31922718	381	0.4453
dcb7775c-ac58-4dda-a650-7520af95ecca	18	31923148	32094293	126	0.3091
dcb7775c-ac58-4dda-a650-7520af95ecca	18	32094424	36369954	2599	0.4404
dcb7775c-ac58-4dda-a650-7520af95ecca	18	36371033	37687366	968	0.3826
dcb7775c-ac58-4dda-a650-7520af95ecca	18	37687806	48723936	7384	0.4539
dcb7775c-ac58-4dda-a650-7520af95ecca	18	48725472	51039262	1609	-0.2979
dcb7775c-ac58-4dda-a650-7520af95ecca	18	51039401	51039656	4	0.6149
dcb7775c-ac58-4dda-a650-7520af95ecca	18	51039939	53997831	2114	-0.2882
dcb7775c-ac58-4dda-a650-7520af95ecca	18	53998472	53998782	3	-1.3032
dcb7775c-ac58-4dda-a650-7520af95ecca	18	54001998	58263318	2763	-0.2743
dcb7775c-ac58-4dda-a650-7520af95ecca	18	58263630	58273801	25	-1.0661
dcb7775c-ac58-4dda-a650-7520af95ecca	18	58276510	65725528	5300	-0.2867
dcb7775c-ac58-4dda-a650-7520af95ecca	18	65725678	66038752	259	-0.441
dcb7775c-ac58-4dda-a650-7520af95ecca	18	66049692	71302480	3794	-0.2934
dcb7775c-ac58-4dda-a650-7520af95ecca	18	71302893	73634994	1834	-0.3587
dcb7775c-ac58-4dda-a650-7520af95ecca	18	73639271	79475952	4431	-0.3029
dcb7775c-ac58-4dda-a650-7520af95ecca	18	79481207	80257174	389	-0.2076
dcb7775c-ac58-4dda-a650-7520af95ecca	19	90910	255830	5	0.3289
dcb7775c-ac58-4dda-a650-7520af95ecca	19	257392	895638	163	-0.2599
dcb7775c-ac58-4dda-a650-7520af95ecca	19	896231	931521	9	0.325
dcb7775c-ac58-4dda-a650-7520af95ecca	19	931523	3687401	804	-0.3169
dcb7775c-ac58-4dda-a650-7520af95ecca	19	3695702	4423834	188	-0.1129
dcb7775c-ac58-4dda-a650-7520af95ecca	19	4424377	4555774	31	0.2877
dcb7775c-ac58-4dda-a650-7520af95ecca	19	4560755	4674787	32	0.0543
dcb7775c-ac58-4dda-a650-7520af95ecca	19	4675266	12133937	3575	-0.3493
dcb7775c-ac58-4dda-a650-7520af95ecca	19	12135040	12380585	122	-0.1675
dcb7775c-ac58-4dda-a650-7520af95ecca	19	12380618	12529284	92	-0.0378
dcb7775c-ac58-4dda-a650-7520af95ecca	19	12530140	14633220	830	0.4309
dcb7775c-ac58-4dda-a650-7520af95ecca	19	14635969	14653546	10	0.9644
dcb7775c-ac58-4dda-a650-7520af95ecca	19	14653930	15076911	334	0.4151
dcb7775c-ac58-4dda-a650-7520af95ecca	19	15079217	15713261	432	0.0892
dcb7775c-ac58-4dda-a650-7520af95ecca	19	15714132	15714133	2	-1.1612
dcb7775c-ac58-4dda-a650-7520af95ecca	19	15714788	19729959	1874	0.068
dcb7775c-ac58-4dda-a650-7520af95ecca	19	19729998	20411869	423	0.1975
dcb7775c-ac58-4dda-a650-7520af95ecca	19	20413400	20533583	67	-2.7324
dcb7775c-ac58-4dda-a650-7520af95ecca	19	20538075	23257372	1519	0.0589
dcb7775c-ac58-4dda-a650-7520af95ecca	19	23259400	24274155	623	-0.1334
dcb7775c-ac58-4dda-a650-7520af95ecca	19	24278016	24282155	10	-1.3472
dcb7775c-ac58-4dda-a650-7520af95ecca	19	24304880	29050076	1124	-0.1003
dcb7775c-ac58-4dda-a650-7520af95ecca	19	29050711	30395093	1014	0.081
dcb7775c-ac58-4dda-a650-7520af95ecca	19	30395657	31048904	474	0.2911
dcb7775c-ac58-4dda-a650-7520af95ecca	19	31049500	31075426	18	0.0093
dcb7775c-ac58-4dda-a650-7520af95ecca	19	31075857	35358285	2932	-0.0792
dcb7775c-ac58-4dda-a650-7520af95ecca	19	35358319	35370946	24	0.4318
dcb7775c-ac58-4dda-a650-7520af95ecca	19	35375842	36262089	430	-0.0873
dcb7775c-ac58-4dda-a650-7520af95ecca	19	36265950	36355827	16	0.3383
dcb7775c-ac58-4dda-a650-7520af95ecca	19	36356476	39026777	1375	-0.0924
dcb7775c-ac58-4dda-a650-7520af95ecca	19	39034196	39080837	30	0.2361
dcb7775c-ac58-4dda-a650-7520af95ecca	19	39081314	42678338	1793	-0.0574
dcb7775c-ac58-4dda-a650-7520af95ecca	19	42683328	43352480	289	0.1015
dcb7775c-ac58-4dda-a650-7520af95ecca	19	43352532	44401739	700	-0.0356
dcb7775c-ac58-4dda-a650-7520af95ecca	19	44402359	44402382	2	-1.1314
dcb7775c-ac58-4dda-a650-7520af95ecca	19	44402845	45595677	560	-0.0557
dcb7775c-ac58-4dda-a650-7520af95ecca	19	45596038	54726927	4864	0.0517
dcb7775c-ac58-4dda-a650-7520af95ecca	19	54736440	54837236	38	0.5362
dcb7775c-ac58-4dda-a650-7520af95ecca	19	54852069	55771169	445	0.0648
dcb7775c-ac58-4dda-a650-7520af95ecca	19	55771663	55771701	2	-2.4131
dcb7775c-ac58-4dda-a650-7520af95ecca	19	55774927	58586487	1839	0.0373
dcb7775c-ac58-4dda-a650-7520af95ecca	20	80664	80671	7	0.6788
dcb7775c-ac58-4dda-a650-7520af95ecca	20	80907	98825	21	0.0317
dcb7775c-ac58-4dda-a650-7520af95ecca	20	101775	1601561	1211	-0.0909
dcb7775c-ac58-4dda-a650-7520af95ecca	20	1609611	1613247	5	-1.3697
dcb7775c-ac58-4dda-a650-7520af95ecca	20	1617300	8739805	5336	-0.1172
dcb7775c-ac58-4dda-a650-7520af95ecca	20	8744135	12293387	2836	-0.0755
dcb7775c-ac58-4dda-a650-7520af95ecca	20	12294062	16939715	3806	-0.117
dcb7775c-ac58-4dda-a650-7520af95ecca	20	16941420	20876749	3170	-0.2133
dcb7775c-ac58-4dda-a650-7520af95ecca	20	20880181	21191619	233	0.3707
dcb7775c-ac58-4dda-a650-7520af95ecca	20	21194182	21253936	44	0.137
dcb7775c-ac58-4dda-a650-7520af95ecca	20	21257466	21551450	133	0.4061
dcb7775c-ac58-4dda-a650-7520af95ecca	20	21552053	21659456	69	0.2026
dcb7775c-ac58-4dda-a650-7520af95ecca	20	21659715	52673780	16965	0.0388
dcb7775c-ac58-4dda-a650-7520af95ecca	20	52675421	57944874	4300	0.0822
dcb7775c-ac58-4dda-a650-7520af95ecca	20	57944918	63598636	3951	0.0523
dcb7775c-ac58-4dda-a650-7520af95ecca	20	63598754	64324800	305	0.229
dcb7775c-ac58-4dda-a650-7520af95ecca	21	10354168	18998986	3815	-0.0438
dcb7775c-ac58-4dda-a650-7520af95ecca	21	18999083	23074520	3091	-0.1128
dcb7775c-ac58-4dda-a650-7520af95ecca	21	23076762	23086045	11	0.4658
dcb7775c-ac58-4dda-a650-7520af95ecca	21	23086170	28755253	4359	-0.0921
dcb7775c-ac58-4dda-a650-7520af95ecca	21	28756743	28975668	184	0.1272
dcb7775c-ac58-4dda-a650-7520af95ecca	21	28976242	30215064	879	-0.0859
dcb7775c-ac58-4dda-a650-7520af95ecca	21	30220748	30221515	3	-1.3826
dcb7775c-ac58-4dda-a650-7520af95ecca	21	30225516	33355181	2153	-0.0979
dcb7775c-ac58-4dda-a650-7520af95ecca	21	33357071	36261525	2063	0.1837
dcb7775c-ac58-4dda-a650-7520af95ecca	21	36261597	46677045	7312	-0.0784
dcb7775c-ac58-4dda-a650-7520af95ecca	22	15294547	18992211	1168	0.4777
dcb7775c-ac58-4dda-a650-7520af95ecca	22	18996043	21726576	1632	0.6183
dcb7775c-ac58-4dda-a650-7520af95ecca	22	21727578	22037243	205	0.5239
dcb7775c-ac58-4dda-a650-7520af95ecca	22	22037404	22037422	2	1.8265
dcb7775c-ac58-4dda-a650-7520af95ecca	22	22037806	24685371	1744	0.532
dcb7775c-ac58-4dda-a650-7520af95ecca	22	24686148	24686567	3	-0.8321
dcb7775c-ac58-4dda-a650-7520af95ecca	22	24691707	24749686	57	0.5381
dcb7775c-ac58-4dda-a650-7520af95ecca	22	24749786	25245058	387	0.418
dcb7775c-ac58-4dda-a650-7520af95ecca	22	25245198	30375198	4024	0.5194
dcb7775c-ac58-4dda-a650-7520af95ecca	22	30375565	33087525	1778	0.4875
dcb7775c-ac58-4dda-a650-7520af95ecca	22	33088262	35392340	2125	0.4248
dcb7775c-ac58-4dda-a650-7520af95ecca	22	35393270	35586625	138	0.4808
dcb7775c-ac58-4dda-a650-7520af95ecca	22	35586723	36381154	504	0.5539
dcb7775c-ac58-4dda-a650-7520af95ecca	22	36381694	37346951	663	0.4633
dcb7775c-ac58-4dda-a650-7520af95ecca	22	37352689	37353906	4	-0.3593
dcb7775c-ac58-4dda-a650-7520af95ecca	22	37354627	41903531	2406	0.4496
dcb7775c-ac58-4dda-a650-7520af95ecca	22	41903923	41975550	34	0.7232
dcb7775c-ac58-4dda-a650-7520af95ecca	22	41979300	42211332	117	0.4351
dcb7775c-ac58-4dda-a650-7520af95ecca	22	42211811	42335534	77	0.563
dcb7775c-ac58-4dda-a650-7520af95ecca	22	42336829	42385617	27	0.4154
dcb7775c-ac58-4dda-a650-7520af95ecca	22	42388195	42581184	97	0.6324
dcb7775c-ac58-4dda-a650-7520af95ecca	22	42584045	44814332	1678	0.432
dcb7775c-ac58-4dda-a650-7520af95ecca	22	44814454	47869897	2193	0.4762
dcb7775c-ac58-4dda-a650-7520af95ecca	22	47871610	48956708	1039	0.4151
dcb7775c-ac58-4dda-a650-7520af95ecca	22	48957301	49466321	531	0.5172
dcb7775c-ac58-4dda-a650-7520af95ecca	22	49471065	50785567	645	0.6005
dcb7775c-ac58-4dda-a650-7520af95ecca	22	50793230	50796027	2	-0.7434
dcb7775c-ac58-4dda-a650-7520af95ecca	X	251810	2897497	178	0.039
dcb7775c-ac58-4dda-a650-7520af95ecca	X	2903178	2905617	7	0.925
dcb7775c-ac58-4dda-a650-7520af95ecca	X	2905642	4525408	1128	0.0744
dcb7775c-ac58-4dda-a650-7520af95ecca	X	4528069	8204993	2890	-0.0158
dcb7775c-ac58-4dda-a650-7520af95ecca	X	8205010	16327534	5778	0.0433
dcb7775c-ac58-4dda-a650-7520af95ecca	X	16329774	16336177	11	-4.6124
dcb7775c-ac58-4dda-a650-7520af95ecca	X	16336406	25278012	5350	0.0432
dcb7775c-ac58-4dda-a650-7520af95ecca	X	25281337	30758225	3485	-0.0222
dcb7775c-ac58-4dda-a650-7520af95ecca	X	30759795	32545146	1292	0.0249
dcb7775c-ac58-4dda-a650-7520af95ecca	X	32545246	33140054	480	-0.0943
dcb7775c-ac58-4dda-a650-7520af95ecca	X	33140113	33436225	193	-0.2538
dcb7775c-ac58-4dda-a650-7520af95ecca	X	33440217	33638881	148	-0.8807
dcb7775c-ac58-4dda-a650-7520af95ecca	X	33639207	33878741	138	-0.3034
dcb7775c-ac58-4dda-a650-7520af95ecca	X	33885930	51327450	9317	0.0069
dcb7775c-ac58-4dda-a650-7520af95ecca	X	51328628	54997395	1361	-0.0437
dcb7775c-ac58-4dda-a650-7520af95ecca	X	54998126	55004028	5	1.7077
dcb7775c-ac58-4dda-a650-7520af95ecca	X	55007244	96540878	18007	-0.0442
dcb7775c-ac58-4dda-a650-7520af95ecca	X	96541117	106890010	5392	-0.0035
dcb7775c-ac58-4dda-a650-7520af95ecca	X	106891056	106893571	3	2.1147
dcb7775c-ac58-4dda-a650-7520af95ecca	X	106893589	110389982	1843	0.0628
dcb7775c-ac58-4dda-a650-7520af95ecca	X	110391312	139628980	16651	0.0033
dcb7775c-ac58-4dda-a650-7520af95ecca	X	139631904	139896179	172	0.1027
dcb7775c-ac58-4dda-a650-7520af95ecca	X	139897059	140641432	422	-0.0513
dcb7775c-ac58-4dda-a650-7520af95ecca	X	140647413	140648448	5	-1.2408
dcb7775c-ac58-4dda-a650-7520af95ecca	X	140653398	148456020	5297	-0.0481
dcb7775c-ac58-4dda-a650-7520af95ecca	X	148456516	155952689	4019	0.0214
dcb7775c-ac58-4dda-a650-7520af95ecca	Y	2782397	6532496	806	-0.7353
dcb7775c-ac58-4dda-a650-7520af95ecca	Y	6539649	14082970	2703	-0.6632
dcb7775c-ac58-4dda-a650-7520af95ecca	Y	14083398	56872112	3131	-0.7346
