GDC_Aliquot	Chromosome	Start	End	Num_Probes	Segment_Mean
6630ebef-ab28-4861-b2af-eddd7fce591a	1	62920	25129543	13934	0.0128
6630ebef-ab28-4861-b2af-eddd7fce591a	1	25129556	25132208	2	-3.6525
6630ebef-ab28-4861-b2af-eddd7fce591a	1	25132863	72303233	28843	0.0064
6630ebef-ab28-4861-b2af-eddd7fce591a	1	72303253	72345465	45	-1.3668
6630ebef-ab28-4861-b2af-eddd7fce591a	1	72346221	85073444	8293	0.0088
6630ebef-ab28-4861-b2af-eddd7fce591a	1	85073710	85075988	4	-1.2641
6630ebef-ab28-4861-b2af-eddd7fce591a	1	85076224	89009572	2633	-0.0127
6630ebef-ab28-4861-b2af-eddd7fce591a	1	89012275	89012522	2	-2.8077
6630ebef-ab28-4861-b2af-eddd7fce591a	1	89015841	109690352	12668	0.0046
6630ebef-ab28-4861-b2af-eddd7fce591a	1	109690415	109697556	12	-1.1004
6630ebef-ab28-4861-b2af-eddd7fce591a	1	109702376	110834953	841	-0.0064
6630ebef-ab28-4861-b2af-eddd7fce591a	1	110836273	110836788	10	-1.38
6630ebef-ab28-4861-b2af-eddd7fce591a	1	110836933	152784298	8925	0.0192
6630ebef-ab28-4861-b2af-eddd7fce591a	1	152784330	152804279	42	0.5068
6630ebef-ab28-4861-b2af-eddd7fce591a	1	152805967	194479104	28009	0.0074
6630ebef-ab28-4861-b2af-eddd7fce591a	1	194482281	194485888	2	3.3401
6630ebef-ab28-4861-b2af-eddd7fce591a	1	194487886	237962489	29648	0.0017
6630ebef-ab28-4861-b2af-eddd7fce591a	1	237962736	237965338	3	-2.1463
6630ebef-ab28-4861-b2af-eddd7fce591a	1	237968130	248930189	7674	0.0122
6630ebef-ab28-4861-b2af-eddd7fce591a	2	12784	52527330	37138	0.0033
6630ebef-ab28-4861-b2af-eddd7fce591a	2	52527342	52554366	37	-0.5747
6630ebef-ab28-4861-b2af-eddd7fce591a	2	52554384	242147305	112345	0.0028
6630ebef-ab28-4861-b2af-eddd7fce591a	3	20930	1785911	1574	0.032
6630ebef-ab28-4861-b2af-eddd7fce591a	3	1786084	1788746	5	-1.4124
6630ebef-ab28-4861-b2af-eddd7fce591a	3	1790373	47437019	31913	0.0073
6630ebef-ab28-4861-b2af-eddd7fce591a	3	47450332	47451230	2	-2.5897
6630ebef-ab28-4861-b2af-eddd7fce591a	3	47455724	60153915	7364	0.0004
6630ebef-ab28-4861-b2af-eddd7fce591a	3	60154548	60155740	4	-1.4421
6630ebef-ab28-4861-b2af-eddd7fce591a	3	60159998	68697013	6922	0.0049
6630ebef-ab28-4861-b2af-eddd7fce591a	3	68697108	68699635	16	-1.0815
6630ebef-ab28-4861-b2af-eddd7fce591a	3	68699794	155757661	50640	0.0001
6630ebef-ab28-4861-b2af-eddd7fce591a	3	155757674	155795620	31	0.5708
6630ebef-ab28-4861-b2af-eddd7fce591a	3	155797707	162815162	4288	-0.0047
6630ebef-ab28-4861-b2af-eddd7fce591a	3	162816942	162822702	6	-1.5177
6630ebef-ab28-4861-b2af-eddd7fce591a	3	162827928	189642965	16721	0.001
6630ebef-ab28-4861-b2af-eddd7fce591a	3	189645889	189653199	12	-2.46
6630ebef-ab28-4861-b2af-eddd7fce591a	3	189653225	193155915	2488	0.0034
6630ebef-ab28-4861-b2af-eddd7fce591a	3	193156018	193168669	24	0.9322
6630ebef-ab28-4861-b2af-eddd7fce591a	3	193168714	198169247	2691	-0.0071
6630ebef-ab28-4861-b2af-eddd7fce591a	4	68929	157437	48	-0.0338
6630ebef-ab28-4861-b2af-eddd7fce591a	4	158599	159016	2	-2.3785
6630ebef-ab28-4861-b2af-eddd7fce591a	4	161575	10208766	5649	0.0032
6630ebef-ab28-4861-b2af-eddd7fce591a	4	10221792	10229874	28	-1.7673
6630ebef-ab28-4861-b2af-eddd7fce591a	4	10232590	22043756	8759	0.0009
6630ebef-ab28-4861-b2af-eddd7fce591a	4	22047014	22069078	23	-1.0517
6630ebef-ab28-4861-b2af-eddd7fce591a	4	22072923	34777432	8196	0.0043
6630ebef-ab28-4861-b2af-eddd7fce591a	4	34784878	34817589	35	0.5775
6630ebef-ab28-4861-b2af-eddd7fce591a	4	34819718	65722833	17800	0.0017
6630ebef-ab28-4861-b2af-eddd7fce591a	4	65726020	65764047	41	0.5862
6630ebef-ab28-4861-b2af-eddd7fce591a	4	65764267	68418873	1608	0.0097
6630ebef-ab28-4861-b2af-eddd7fce591a	4	68422420	68422424	3	1.5544
6630ebef-ab28-4861-b2af-eddd7fce591a	4	68429081	68506285	12	0.0496
6630ebef-ab28-4861-b2af-eddd7fce591a	4	68509223	68618391	63	-1.5626
6630ebef-ab28-4861-b2af-eddd7fce591a	4	68620122	190106768	74862	0.0024
6630ebef-ab28-4861-b2af-eddd7fce591a	5	15532	177771448	110870	0.0016
6630ebef-ab28-4861-b2af-eddd7fce591a	5	177800550	177805604	3	2.3254
6630ebef-ab28-4861-b2af-eddd7fce591a	5	177827964	180947523	1795	0.0017
6630ebef-ab28-4861-b2af-eddd7fce591a	5	180951710	180980230	12	-0.8291
6630ebef-ab28-4861-b2af-eddd7fce591a	5	180987294	181363319	177	0.1054
6630ebef-ab28-4861-b2af-eddd7fce591a	6	149661	302306	125	-0.0073
6630ebef-ab28-4861-b2af-eddd7fce591a	6	303017	385784	85	0.4483
6630ebef-ab28-4861-b2af-eddd7fce591a	6	387532	16088499	12357	0.0079
6630ebef-ab28-4861-b2af-eddd7fce591a	6	16088500	16088820	2	-2.877
6630ebef-ab28-4861-b2af-eddd7fce591a	6	16088854	29869295	9084	0.0125
6630ebef-ab28-4861-b2af-eddd7fce591a	6	29869410	29882419	17	0.8345
6630ebef-ab28-4861-b2af-eddd7fce591a	6	29882497	32485152	1174	0.0612
6630ebef-ab28-4861-b2af-eddd7fce591a	6	32486498	32658841	62	1.0679
6630ebef-ab28-4861-b2af-eddd7fce591a	6	32682835	73882142	24094	0.0049
6630ebef-ab28-4861-b2af-eddd7fce591a	6	73882509	73891694	10	-2.4292
6630ebef-ab28-4861-b2af-eddd7fce591a	6	73893839	78220501	2735	-0.0019
6630ebef-ab28-4861-b2af-eddd7fce591a	6	78222685	78384290	191	0.2143
6630ebef-ab28-4861-b2af-eddd7fce591a	6	78384871	80568270	1382	-0.0053
6630ebef-ab28-4861-b2af-eddd7fce591a	6	80574472	80579817	33	-0.8011
6630ebef-ab28-4861-b2af-eddd7fce591a	6	80584624	103290414	14020	0.0051
6630ebef-ab28-4861-b2af-eddd7fce591a	6	103290439	103317795	41	-0.7384
6630ebef-ab28-4861-b2af-eddd7fce591a	6	103317836	170741917	44167	0.0057
6630ebef-ab28-4861-b2af-eddd7fce591a	7	43355	16661173	11400	0.0085
6630ebef-ab28-4861-b2af-eddd7fce591a	7	16661269	16662121	7	-1.4363
6630ebef-ab28-4861-b2af-eddd7fce591a	7	16662219	70955452	33199	0.0018
6630ebef-ab28-4861-b2af-eddd7fce591a	7	70958264	70961155	2	-2.5851
6630ebef-ab28-4861-b2af-eddd7fce591a	7	70963257	126405597	32369	0.0023
6630ebef-ab28-4861-b2af-eddd7fce591a	7	126405632	126406561	9	-1.287
6630ebef-ab28-4861-b2af-eddd7fce591a	7	126406822	136763089	6578	0.0018
6630ebef-ab28-4861-b2af-eddd7fce591a	7	136768489	136775017	7	-1.241
6630ebef-ab28-4861-b2af-eddd7fce591a	7	136781548	142511792	3705	0.005
6630ebef-ab28-4861-b2af-eddd7fce591a	7	142512418	142733311	78	0.3421
6630ebef-ab28-4861-b2af-eddd7fce591a	7	142735911	143982494	595	0.0064
6630ebef-ab28-4861-b2af-eddd7fce591a	7	143983227	143983898	2	-2.6859
6630ebef-ab28-4861-b2af-eddd7fce591a	7	143983954	159334314	9853	-0.0055
6630ebef-ab28-4861-b2af-eddd7fce591a	8	81254	4144509	3696	0.005
6630ebef-ab28-4861-b2af-eddd7fce591a	8	4144546	4144685	3	-1.9511
6630ebef-ab28-4861-b2af-eddd7fce591a	8	4144707	7329124	4031	0.0312
6630ebef-ab28-4861-b2af-eddd7fce591a	8	7336299	7941868	50	-0.613
6630ebef-ab28-4861-b2af-eddd7fce591a	8	7974123	12130217	3236	0.0326
6630ebef-ab28-4861-b2af-eddd7fce591a	8	12134008	12496221	41	-0.427
6630ebef-ab28-4861-b2af-eddd7fce591a	8	12496252	25117007	10413	0.0049
6630ebef-ab28-4861-b2af-eddd7fce591a	8	25117062	25133774	29	0.7906
6630ebef-ab28-4861-b2af-eddd7fce591a	8	25133879	46252963	11731	0.0008
6630ebef-ab28-4861-b2af-eddd7fce591a	8	46258733	46312772	15	-0.7224
6630ebef-ab28-4861-b2af-eddd7fce591a	8	46326249	55932881	5710	0.0023
6630ebef-ab28-4861-b2af-eddd7fce591a	8	55934305	55948406	14	-0.7024
6630ebef-ab28-4861-b2af-eddd7fce591a	8	55949183	57459149	973	0.0099
6630ebef-ab28-4861-b2af-eddd7fce591a	8	57459468	57459550	2	-2.1756
6630ebef-ab28-4861-b2af-eddd7fce591a	8	57459680	71299946	8512	-0.0004
6630ebef-ab28-4861-b2af-eddd7fce591a	8	71300130	71303076	2	-2.5272
6630ebef-ab28-4861-b2af-eddd7fce591a	8	71303129	84350851	7980	-0.0001
6630ebef-ab28-4861-b2af-eddd7fce591a	8	84350866	84356431	17	-0.794
6630ebef-ab28-4861-b2af-eddd7fce591a	8	84358447	111282809	16117	-0.0007
6630ebef-ab28-4861-b2af-eddd7fce591a	8	111282852	111283031	4	-2.2627
6630ebef-ab28-4861-b2af-eddd7fce591a	8	111288052	114622478	1827	0.0066
6630ebef-ab28-4861-b2af-eddd7fce591a	8	114622678	114629356	28	-0.5045
6630ebef-ab28-4861-b2af-eddd7fce591a	8	114629460	145072769	21047	0.0072
6630ebef-ab28-4861-b2af-eddd7fce591a	9	46587	9495780	9087	0.0177
6630ebef-ab28-4861-b2af-eddd7fce591a	9	9496356	12601031	2648	0.0788
6630ebef-ab28-4861-b2af-eddd7fce591a	9	12601977	23361807	8690	0.0054
6630ebef-ab28-4861-b2af-eddd7fce591a	9	23363117	23378490	9	1.0281
6630ebef-ab28-4861-b2af-eddd7fce591a	9	23379721	138200944	59069	0.006
6630ebef-ab28-4861-b2af-eddd7fce591a	10	45792	46522571	31661	0.0069
6630ebef-ab28-4861-b2af-eddd7fce591a	10	46525652	46526265	13	0.8462
6630ebef-ab28-4861-b2af-eddd7fce591a	10	46526280	55312545	5589	0.0073
6630ebef-ab28-4861-b2af-eddd7fce591a	10	55313771	55316080	3	-2.034
6630ebef-ab28-4861-b2af-eddd7fce591a	10	55316580	65546518	7138	0.0127
6630ebef-ab28-4861-b2af-eddd7fce591a	10	65548165	65565695	31	-1.5686
6630ebef-ab28-4861-b2af-eddd7fce591a	10	65566308	79624118	9227	0.0047
6630ebef-ab28-4861-b2af-eddd7fce591a	10	79624128	79625643	3	-2.7206
6630ebef-ab28-4861-b2af-eddd7fce591a	10	79625693	87310039	5212	0.0056
6630ebef-ab28-4861-b2af-eddd7fce591a	10	87310988	87357543	12	-0.8603
6630ebef-ab28-4861-b2af-eddd7fce591a	10	87371433	112835180	16649	0.004
6630ebef-ab28-4861-b2af-eddd7fce591a	10	112836915	112836966	2	-2.3796
6630ebef-ab28-4861-b2af-eddd7fce591a	10	112838045	133654968	15114	0.0047
6630ebef-ab28-4861-b2af-eddd7fce591a	11	198510	50137254	33912	0.0042
6630ebef-ab28-4861-b2af-eddd7fce591a	11	50137966	56733143	1313	0.1053
6630ebef-ab28-4861-b2af-eddd7fce591a	11	56733899	89765194	19162	0.0094
6630ebef-ab28-4861-b2af-eddd7fce591a	11	89768798	89796439	2	-3.3222
6630ebef-ab28-4861-b2af-eddd7fce591a	11	89802300	135074876	32430	0.0043
6630ebef-ab28-4861-b2af-eddd7fce591a	12	51460	9477960	6173	0.011
6630ebef-ab28-4861-b2af-eddd7fce591a	12	9481274	9562969	23	-1.3435
6630ebef-ab28-4861-b2af-eddd7fce591a	12	9575696	45510655	22199	0.0038
6630ebef-ab28-4861-b2af-eddd7fce591a	12	45512057	45515754	3	-2.0599
6630ebef-ab28-4861-b2af-eddd7fce591a	12	45519509	55313600	5602	0.013
6630ebef-ab28-4861-b2af-eddd7fce591a	12	55316811	55316830	2	-2.0094
6630ebef-ab28-4861-b2af-eddd7fce591a	12	55316847	56953832	891	0.0031
6630ebef-ab28-4861-b2af-eddd7fce591a	12	56954102	56983725	13	-0.7609
6630ebef-ab28-4861-b2af-eddd7fce591a	12	56986593	60481910	2173	0.0043
6630ebef-ab28-4861-b2af-eddd7fce591a	12	60482309	60482438	2	-2.564
6630ebef-ab28-4861-b2af-eddd7fce591a	12	60482511	133201603	47750	0.0061
6630ebef-ab28-4861-b2af-eddd7fce591a	13	18452809	18833025	87	-0.0227
6630ebef-ab28-4861-b2af-eddd7fce591a	13	18833965	18842946	5	-1.6733
6630ebef-ab28-4861-b2af-eddd7fce591a	13	18844220	71902850	34947	0.0113
6630ebef-ab28-4861-b2af-eddd7fce591a	13	71903417	71905409	2	-3.629
6630ebef-ab28-4861-b2af-eddd7fce591a	13	71906311	71906418	2	-1.4798
6630ebef-ab28-4861-b2af-eddd7fce591a	13	71906467	114340311	29097	0.0068
6630ebef-ab28-4861-b2af-eddd7fce591a	13	114341521	114342922	2	-1.3202
6630ebef-ab28-4861-b2af-eddd7fce591a	14	18239283	18687716	24	-0.0983
6630ebef-ab28-4861-b2af-eddd7fce591a	14	18693043	19954424	142	0.5377
6630ebef-ab28-4861-b2af-eddd7fce591a	14	19955213	21784100	1205	0.0134
6630ebef-ab28-4861-b2af-eddd7fce591a	14	21784385	22501590	646	0.2429
6630ebef-ab28-4861-b2af-eddd7fce591a	14	22502281	43307668	13092	0.0071
6630ebef-ab28-4861-b2af-eddd7fce591a	14	43308031	43649647	162	0.2018
6630ebef-ab28-4861-b2af-eddd7fce591a	14	43649761	69551330	16340	0.0043
6630ebef-ab28-4861-b2af-eddd7fce591a	14	69551651	69556009	10	-0.7981
6630ebef-ab28-4861-b2af-eddd7fce591a	14	69556227	105588560	23285	0.0057
6630ebef-ab28-4861-b2af-eddd7fce591a	14	105612353	106458677	306	0.1795
6630ebef-ab28-4861-b2af-eddd7fce591a	14	106458728	106877229	201	-0.0364
6630ebef-ab28-4861-b2af-eddd7fce591a	15	19811075	24263561	1135	0.0163
6630ebef-ab28-4861-b2af-eddd7fce591a	15	24266888	24486725	101	0.5557
6630ebef-ab28-4861-b2af-eddd7fce591a	15	24488093	34430601	6195	0.01
6630ebef-ab28-4861-b2af-eddd7fce591a	15	34431231	34520918	61	-0.6971
6630ebef-ab28-4861-b2af-eddd7fce591a	15	34522159	99986970	42546	0.0074
6630ebef-ab28-4861-b2af-eddd7fce591a	15	99988744	99989446	2	-2.3242
6630ebef-ab28-4861-b2af-eddd7fce591a	15	99990011	101928837	1497	0.0267
6630ebef-ab28-4861-b2af-eddd7fce591a	16	10777	19933041	13466	0.0248
6630ebef-ab28-4861-b2af-eddd7fce591a	16	19934328	19954553	28	-0.9638
6630ebef-ab28-4861-b2af-eddd7fce591a	16	19956040	55761136	13437	0.0111
6630ebef-ab28-4861-b2af-eddd7fce591a	16	55762477	55782331	17	-0.754
6630ebef-ab28-4861-b2af-eddd7fce591a	16	55782734	55813909	14	0.7235
6630ebef-ab28-4861-b2af-eddd7fce591a	16	55814156	78337711	14272	0.0008
6630ebef-ab28-4861-b2af-eddd7fce591a	16	78338543	78350868	17	0.916
6630ebef-ab28-4861-b2af-eddd7fce591a	16	78351104	90096867	10617	0.0211
6630ebef-ab28-4861-b2af-eddd7fce591a	17	150733	803934	355	0.0418
6630ebef-ab28-4861-b2af-eddd7fce591a	17	810446	813219	3	-2.1487
6630ebef-ab28-4861-b2af-eddd7fce591a	17	813584	6406035	3206	0.0147
6630ebef-ab28-4861-b2af-eddd7fce591a	17	6406721	6409499	7	-1.2142
6630ebef-ab28-4861-b2af-eddd7fce591a	17	6411870	14525666	5593	0.0137
6630ebef-ab28-4861-b2af-eddd7fce591a	17	14526308	14527574	3	-2.3806
6630ebef-ab28-4861-b2af-eddd7fce591a	17	14527897	18466439	2235	0.0296
6630ebef-ab28-4861-b2af-eddd7fce591a	17	18468936	18592992	22	0.6124
6630ebef-ab28-4861-b2af-eddd7fce591a	17	18593989	22668477	1438	0.0287
6630ebef-ab28-4861-b2af-eddd7fce591a	17	22669468	22671667	2	-1.9135
6630ebef-ab28-4861-b2af-eddd7fce591a	17	22671711	37416083	6110	0.0243
6630ebef-ab28-4861-b2af-eddd7fce591a	17	37419035	37419555	2	-2.5088
6630ebef-ab28-4861-b2af-eddd7fce591a	17	37425380	83091923	26055	0.0112
6630ebef-ab28-4861-b2af-eddd7fce591a	18	48133	5955084	4203	0.0189
6630ebef-ab28-4861-b2af-eddd7fce591a	18	5955912	6592677	472	0.1294
6630ebef-ab28-4861-b2af-eddd7fce591a	18	6592718	15143804	5682	-0.0064
6630ebef-ab28-4861-b2af-eddd7fce591a	18	15149069	15175019	7	-1.365
6630ebef-ab28-4861-b2af-eddd7fce591a	18	15177773	58262733	24335	0.0048
6630ebef-ab28-4861-b2af-eddd7fce591a	18	58263318	58268730	24	-0.8656
6630ebef-ab28-4861-b2af-eddd7fce591a	18	58271707	80257174	16002	0.0203
6630ebef-ab28-4861-b2af-eddd7fce591a	19	90910	20292732	8831	0.0151
6630ebef-ab28-4861-b2af-eddd7fce591a	19	20293192	20295378	3	-1.8128
6630ebef-ab28-4861-b2af-eddd7fce591a	19	20299429	20411869	89	0.049
6630ebef-ab28-4861-b2af-eddd7fce591a	19	20413400	20538428	70	-2.5703
6630ebef-ab28-4861-b2af-eddd7fce591a	19	20538656	53719570	17244	0.0133
6630ebef-ab28-4861-b2af-eddd7fce591a	19	53719929	53722759	3	-2.1521
6630ebef-ab28-4861-b2af-eddd7fce591a	19	53724032	54736513	546	0.007
6630ebef-ab28-4861-b2af-eddd7fce591a	19	54736528	54822429	26	0.6346
6630ebef-ab28-4861-b2af-eddd7fce591a	19	54823536	55771003	453	0.0279
6630ebef-ab28-4861-b2af-eddd7fce591a	19	55771169	55771701	3	-2.9841
6630ebef-ab28-4861-b2af-eddd7fce591a	19	55774927	58586487	1837	0.0075
6630ebef-ab28-4861-b2af-eddd7fce591a	20	80664	1601561	1239	0.0206
6630ebef-ab28-4861-b2af-eddd7fce591a	20	1609611	1613247	5	-1.9605
6630ebef-ab28-4861-b2af-eddd7fce591a	20	1617300	64324800	41138	0.0112
6630ebef-ab28-4861-b2af-eddd7fce591a	21	10354168	46677045	23864	0.0066
6630ebef-ab28-4861-b2af-eddd7fce591a	22	15294547	50796027	23272	0.0151
6630ebef-ab28-4861-b2af-eddd7fce591a	X	251810	16330060	9948	0.0055
6630ebef-ab28-4861-b2af-eddd7fce591a	X	16330863	16336177	9	-4.6672
6630ebef-ab28-4861-b2af-eddd7fce591a	X	16336406	79783390	30714	0.0107
6630ebef-ab28-4861-b2af-eddd7fce591a	X	79783968	79784004	2	-5.424
6630ebef-ab28-4861-b2af-eddd7fce591a	X	79784016	151802670	40714	0.0134
6630ebef-ab28-4861-b2af-eddd7fce591a	X	151807837	151808303	2	-4.9456
6630ebef-ab28-4861-b2af-eddd7fce591a	X	151808802	155952689	1861	0.0155
6630ebef-ab28-4861-b2af-eddd7fce591a	Y	2782397	56872112	6638	-1.0705
