GDC_Aliquot	Chromosome	Start	End	Num_Probes	Segment_Mean
c9bd0fa5-f732-49ad-96ea-fbdfda4ac95b	1	62920	855169	43	0.0516
c9bd0fa5-f732-49ad-96ea-fbdfda4ac95b	1	855630	3402413	763	-0.16
c9bd0fa5-f732-49ad-96ea-fbdfda4ac95b	1	3408473	16604834	7845	-0.0336
c9bd0fa5-f732-49ad-96ea-fbdfda4ac95b	1	16605031	16977349	123	-0.2385
c9bd0fa5-f732-49ad-96ea-fbdfda4ac95b	1	16981663	21992508	3328	-0.0273
c9bd0fa5-f732-49ad-96ea-fbdfda4ac95b	1	21996664	22010750	5	-1.3292
c9bd0fa5-f732-49ad-96ea-fbdfda4ac95b	1	22011632	30265508	4327	-0.0257
c9bd0fa5-f732-49ad-96ea-fbdfda4ac95b	1	30265585	30266949	6	-1.0835
c9bd0fa5-f732-49ad-96ea-fbdfda4ac95b	1	30268649	72284670	26336	-0.0263
c9bd0fa5-f732-49ad-96ea-fbdfda4ac95b	1	72290430	72297687	9	-2.7146
c9bd0fa5-f732-49ad-96ea-fbdfda4ac95b	1	72302735	72345465	48	0.797
c9bd0fa5-f732-49ad-96ea-fbdfda4ac95b	1	72346221	79180195	4295	-0.0467
c9bd0fa5-f732-49ad-96ea-fbdfda4ac95b	1	79180396	83494298	2854	-0.0737
c9bd0fa5-f732-49ad-96ea-fbdfda4ac95b	1	83497640	94669875	7277	-0.0187
c9bd0fa5-f732-49ad-96ea-fbdfda4ac95b	1	94669891	107103139	7625	-0.0501
c9bd0fa5-f732-49ad-96ea-fbdfda4ac95b	1	107105006	146150530	9021	-0.0307
c9bd0fa5-f732-49ad-96ea-fbdfda4ac95b	1	146161924	146174153	2	-1.3238
c9bd0fa5-f732-49ad-96ea-fbdfda4ac95b	1	146250588	152583051	2132	-0.0191
c9bd0fa5-f732-49ad-96ea-fbdfda4ac95b	1	152583230	152613762	31	2.3471
c9bd0fa5-f732-49ad-96ea-fbdfda4ac95b	1	152613802	152614118	4	0.9807
c9bd0fa5-f732-49ad-96ea-fbdfda4ac95b	1	152618018	167736395	10332	-0.0302
c9bd0fa5-f732-49ad-96ea-fbdfda4ac95b	1	167743841	167746160	5	-1.0212
c9bd0fa5-f732-49ad-96ea-fbdfda4ac95b	1	167746504	169247699	1156	-0.0146
c9bd0fa5-f732-49ad-96ea-fbdfda4ac95b	1	169264736	169272528	7	0.7866
c9bd0fa5-f732-49ad-96ea-fbdfda4ac95b	1	169273163	186296944	11273	-0.0296
c9bd0fa5-f732-49ad-96ea-fbdfda4ac95b	1	186297161	189679027	2170	-0.0724
c9bd0fa5-f732-49ad-96ea-fbdfda4ac95b	1	189679353	189679397	2	-1.3112
c9bd0fa5-f732-49ad-96ea-fbdfda4ac95b	1	189682917	191695184	1324	-0.0795
c9bd0fa5-f732-49ad-96ea-fbdfda4ac95b	1	191700054	195418457	2547	-0.0388
c9bd0fa5-f732-49ad-96ea-fbdfda4ac95b	1	195418852	195421516	4	-0.8516
c9bd0fa5-f732-49ad-96ea-fbdfda4ac95b	1	195422872	196745743	865	-0.0516
c9bd0fa5-f732-49ad-96ea-fbdfda4ac95b	1	196758720	196832525	57	-0.5818
c9bd0fa5-f732-49ad-96ea-fbdfda4ac95b	1	196832720	209897717	8794	-0.0361
c9bd0fa5-f732-49ad-96ea-fbdfda4ac95b	1	209908268	209910639	3	-1.6523
c9bd0fa5-f732-49ad-96ea-fbdfda4ac95b	1	209913207	212831113	1948	-0.0208
c9bd0fa5-f732-49ad-96ea-fbdfda4ac95b	1	212831670	212841111	8	-0.6961
c9bd0fa5-f732-49ad-96ea-fbdfda4ac95b	1	212847437	229675422	11092	-0.0389
c9bd0fa5-f732-49ad-96ea-fbdfda4ac95b	1	229681109	229684383	2	-2.5945
c9bd0fa5-f732-49ad-96ea-fbdfda4ac95b	1	229684449	237113755	5587	-0.0294
c9bd0fa5-f732-49ad-96ea-fbdfda4ac95b	1	237113798	244319820	5475	-0.0601
c9bd0fa5-f732-49ad-96ea-fbdfda4ac95b	1	244320883	245473108	722	0.0026
c9bd0fa5-f732-49ad-96ea-fbdfda4ac95b	1	245473737	245483048	10	-0.9119
c9bd0fa5-f732-49ad-96ea-fbdfda4ac95b	1	245483602	247133582	1153	-0.0282
c9bd0fa5-f732-49ad-96ea-fbdfda4ac95b	1	247138880	247176077	22	0.377
c9bd0fa5-f732-49ad-96ea-fbdfda4ac95b	1	247176466	248589915	845	-0.0183
c9bd0fa5-f732-49ad-96ea-fbdfda4ac95b	1	248590063	248631988	26	0.304
c9bd0fa5-f732-49ad-96ea-fbdfda4ac95b	1	248633821	248930189	143	-0.0589
c9bd0fa5-f732-49ad-96ea-fbdfda4ac95b	2	12784	1227545	821	-0.0908
c9bd0fa5-f732-49ad-96ea-fbdfda4ac95b	2	1227822	1234887	4	-1.6826
c9bd0fa5-f732-49ad-96ea-fbdfda4ac95b	2	1241192	8002428	5484	-0.0833
c9bd0fa5-f732-49ad-96ea-fbdfda4ac95b	2	8002814	11751343	2615	-0.0323
c9bd0fa5-f732-49ad-96ea-fbdfda4ac95b	2	11755438	14563570	2113	-0.0683
c9bd0fa5-f732-49ad-96ea-fbdfda4ac95b	2	14564825	14569968	12	-4.2882
c9bd0fa5-f732-49ad-96ea-fbdfda4ac95b	2	14570240	27538133	8415	-0.0532
c9bd0fa5-f732-49ad-96ea-fbdfda4ac95b	2	27542441	27556651	9	-2.0656
c9bd0fa5-f732-49ad-96ea-fbdfda4ac95b	2	27561561	31917451	2925	-0.0452
c9bd0fa5-f732-49ad-96ea-fbdfda4ac95b	2	31918398	32824455	400	0.0368
c9bd0fa5-f732-49ad-96ea-fbdfda4ac95b	2	32825749	34466002	1293	-0.0672
c9bd0fa5-f732-49ad-96ea-fbdfda4ac95b	2	34474248	34511990	46	-1.2901
c9bd0fa5-f732-49ad-96ea-fbdfda4ac95b	2	34512096	35742970	871	-0.0372
c9bd0fa5-f732-49ad-96ea-fbdfda4ac95b	2	35750907	35762850	7	0.7926
c9bd0fa5-f732-49ad-96ea-fbdfda4ac95b	2	35762881	52514599	12127	-0.0406
c9bd0fa5-f732-49ad-96ea-fbdfda4ac95b	2	52516787	52554404	41	0.5004
c9bd0fa5-f732-49ad-96ea-fbdfda4ac95b	2	52560811	75215518	14514	-0.0451
c9bd0fa5-f732-49ad-96ea-fbdfda4ac95b	2	75216464	75220297	2	-1.3672
c9bd0fa5-f732-49ad-96ea-fbdfda4ac95b	2	75222003	75290784	43	-4.1086
c9bd0fa5-f732-49ad-96ea-fbdfda4ac95b	2	75296346	77062100	1343	-0.0435
c9bd0fa5-f732-49ad-96ea-fbdfda4ac95b	2	77063424	77609672	320	-0.2118
c9bd0fa5-f732-49ad-96ea-fbdfda4ac95b	2	77609872	77738395	71	-0.0711
c9bd0fa5-f732-49ad-96ea-fbdfda4ac95b	2	77745927	78247657	340	-0.6693
c9bd0fa5-f732-49ad-96ea-fbdfda4ac95b	2	78250872	106263639	12793	-0.0557
c9bd0fa5-f732-49ad-96ea-fbdfda4ac95b	2	106264257	106270799	12	-1.2287
c9bd0fa5-f732-49ad-96ea-fbdfda4ac95b	2	106270952	141486788	21026	-0.054
c9bd0fa5-f732-49ad-96ea-fbdfda4ac95b	2	141486842	146071956	2776	-0.0981
c9bd0fa5-f732-49ad-96ea-fbdfda4ac95b	2	146072353	146107015	23	0.0972
c9bd0fa5-f732-49ad-96ea-fbdfda4ac95b	2	146107511	146109366	19	0.8697
c9bd0fa5-f732-49ad-96ea-fbdfda4ac95b	2	146120238	148101699	1011	-0.0804
c9bd0fa5-f732-49ad-96ea-fbdfda4ac95b	2	148105073	208380706	36521	-0.0434
c9bd0fa5-f732-49ad-96ea-fbdfda4ac95b	2	208382257	212520793	2651	-0.0765
c9bd0fa5-f732-49ad-96ea-fbdfda4ac95b	2	212520898	212521351	2	-1.4235
c9bd0fa5-f732-49ad-96ea-fbdfda4ac95b	2	212522839	214167276	1013	-0.0824
c9bd0fa5-f732-49ad-96ea-fbdfda4ac95b	2	214167856	238817753	16069	-0.0539
c9bd0fa5-f732-49ad-96ea-fbdfda4ac95b	2	238823010	242147305	1789	-0.0963
c9bd0fa5-f732-49ad-96ea-fbdfda4ac95b	3	20930	26541729	20001	-0.0439
c9bd0fa5-f732-49ad-96ea-fbdfda4ac95b	3	26546950	26547166	2	-1.4832
c9bd0fa5-f732-49ad-96ea-fbdfda4ac95b	3	26547373	52998022	15739	-0.0319
c9bd0fa5-f732-49ad-96ea-fbdfda4ac95b	3	52999132	53005473	29	-0.6056
c9bd0fa5-f732-49ad-96ea-fbdfda4ac95b	3	53005661	60154548	5105	-0.0376
c9bd0fa5-f732-49ad-96ea-fbdfda4ac95b	3	60154893	60155686	2	-1.2253
c9bd0fa5-f732-49ad-96ea-fbdfda4ac95b	3	60155740	60431606	270	-0.0381
c9bd0fa5-f732-49ad-96ea-fbdfda4ac95b	3	60432799	60463472	31	-0.8076
c9bd0fa5-f732-49ad-96ea-fbdfda4ac95b	3	60464567	60522078	79	-0.0943
c9bd0fa5-f732-49ad-96ea-fbdfda4ac95b	3	60523857	60546719	30	-0.8981
c9bd0fa5-f732-49ad-96ea-fbdfda4ac95b	3	60549998	60604253	66	-0.1727
c9bd0fa5-f732-49ad-96ea-fbdfda4ac95b	3	60605486	68697013	6452	0.3965
c9bd0fa5-f732-49ad-96ea-fbdfda4ac95b	3	68697108	68698262	14	-1.0667
c9bd0fa5-f732-49ad-96ea-fbdfda4ac95b	3	68699607	75466940	4910	0.3906
c9bd0fa5-f732-49ad-96ea-fbdfda4ac95b	3	75478031	75519398	20	0.0006
c9bd0fa5-f732-49ad-96ea-fbdfda4ac95b	3	75523398	75537654	6	1.039
c9bd0fa5-f732-49ad-96ea-fbdfda4ac95b	3	75546030	75747505	39	0.0608
c9bd0fa5-f732-49ad-96ea-fbdfda4ac95b	3	75747577	119348888	23421	0.3698
c9bd0fa5-f732-49ad-96ea-fbdfda4ac95b	3	119356010	125382411	3639	0.4115
c9bd0fa5-f732-49ad-96ea-fbdfda4ac95b	3	125390093	130067531	2637	0.3724
c9bd0fa5-f732-49ad-96ea-fbdfda4ac95b	3	130067896	130079938	24	0.9633
c9bd0fa5-f732-49ad-96ea-fbdfda4ac95b	3	130080170	137309118	4489	0.3917
c9bd0fa5-f732-49ad-96ea-fbdfda4ac95b	3	137309120	137309121	2	-1.0523
c9bd0fa5-f732-49ad-96ea-fbdfda4ac95b	3	137311987	146665207	5910	0.3904
c9bd0fa5-f732-49ad-96ea-fbdfda4ac95b	3	146665349	147044383	196	0.5014
c9bd0fa5-f732-49ad-96ea-fbdfda4ac95b	3	147044407	162786507	9677	0.387
c9bd0fa5-f732-49ad-96ea-fbdfda4ac95b	3	162786879	162898127	69	0.7476
c9bd0fa5-f732-49ad-96ea-fbdfda4ac95b	3	162906054	165553759	1493	0.3475
c9bd0fa5-f732-49ad-96ea-fbdfda4ac95b	3	165554062	165554123	3	-0.4544
c9bd0fa5-f732-49ad-96ea-fbdfda4ac95b	3	165558929	167597567	1115	0.3693
c9bd0fa5-f732-49ad-96ea-fbdfda4ac95b	3	167601085	173857626	3996	0.4176
c9bd0fa5-f732-49ad-96ea-fbdfda4ac95b	3	173869605	175126620	828	0.3734
c9bd0fa5-f732-49ad-96ea-fbdfda4ac95b	3	175130876	175274503	142	-0.0865
c9bd0fa5-f732-49ad-96ea-fbdfda4ac95b	3	175276960	178982387	2321	0.3963
c9bd0fa5-f732-49ad-96ea-fbdfda4ac95b	3	178982963	181853628	1652	0.3555
c9bd0fa5-f732-49ad-96ea-fbdfda4ac95b	3	181853790	190538297	5796	0.4007
c9bd0fa5-f732-49ad-96ea-fbdfda4ac95b	3	190542248	190542906	3	-0.9557
c9bd0fa5-f732-49ad-96ea-fbdfda4ac95b	3	190543126	193156958	1832	0.3755
c9bd0fa5-f732-49ad-96ea-fbdfda4ac95b	3	193160113	193165114	20	-0.8361
c9bd0fa5-f732-49ad-96ea-fbdfda4ac95b	3	193168646	195559056	1483	0.4095
c9bd0fa5-f732-49ad-96ea-fbdfda4ac95b	3	195656271	195751823	45	0.0329
c9bd0fa5-f732-49ad-96ea-fbdfda4ac95b	3	195751990	198142659	1161	0.3994
c9bd0fa5-f732-49ad-96ea-fbdfda4ac95b	3	198169114	198169247	4	-0.3594
c9bd0fa5-f732-49ad-96ea-fbdfda4ac95b	4	68929	27414300	18144	-0.0493
c9bd0fa5-f732-49ad-96ea-fbdfda4ac95b	4	27415851	34771893	4565	-0.0805
c9bd0fa5-f732-49ad-96ea-fbdfda4ac95b	4	34777238	34833940	53	0.2844
c9bd0fa5-f732-49ad-96ea-fbdfda4ac95b	4	34837370	36866665	1334	-0.0652
c9bd0fa5-f732-49ad-96ea-fbdfda4ac95b	4	36870081	40802617	2593	-0.0144
c9bd0fa5-f732-49ad-96ea-fbdfda4ac95b	4	40808646	40922155	84	-0.8046
c9bd0fa5-f732-49ad-96ea-fbdfda4ac95b	4	40925222	44505747	2283	-0.0407
c9bd0fa5-f732-49ad-96ea-fbdfda4ac95b	4	44505753	44506093	3	-0.9126
c9bd0fa5-f732-49ad-96ea-fbdfda4ac95b	4	44506147	47681967	1800	-0.0463
c9bd0fa5-f732-49ad-96ea-fbdfda4ac95b	4	47683065	49087342	856	0.0239
c9bd0fa5-f732-49ad-96ea-fbdfda4ac95b	4	49087357	49214614	13	-0.1803
c9bd0fa5-f732-49ad-96ea-fbdfda4ac95b	4	49289175	49289338	2	-1.9986
c9bd0fa5-f732-49ad-96ea-fbdfda4ac95b	4	49295203	51935205	88	-0.1177
c9bd0fa5-f732-49ad-96ea-fbdfda4ac95b	4	51941726	54974870	2164	-0.0317
c9bd0fa5-f732-49ad-96ea-fbdfda4ac95b	4	54976869	54976892	2	-1.299
c9bd0fa5-f732-49ad-96ea-fbdfda4ac95b	4	54977909	57911180	1915	-0.0281
c9bd0fa5-f732-49ad-96ea-fbdfda4ac95b	4	57917762	63827261	3413	-0.0716
c9bd0fa5-f732-49ad-96ea-fbdfda4ac95b	4	63828222	63881975	48	0.2163
c9bd0fa5-f732-49ad-96ea-fbdfda4ac95b	4	63882240	68354665	2830	-0.0682
c9bd0fa5-f732-49ad-96ea-fbdfda4ac95b	4	68361130	68729873	100	0.2483
c9bd0fa5-f732-49ad-96ea-fbdfda4ac95b	4	68730873	82157836	8364	-0.0265
c9bd0fa5-f732-49ad-96ea-fbdfda4ac95b	4	82159738	93673247	6896	-0.7137
c9bd0fa5-f732-49ad-96ea-fbdfda4ac95b	4	93683627	95113377	835	-0.0261
c9bd0fa5-f732-49ad-96ea-fbdfda4ac95b	4	95114925	98029810	1805	-0.0812
c9bd0fa5-f732-49ad-96ea-fbdfda4ac95b	4	98032569	114156958	9701	-0.0411
c9bd0fa5-f732-49ad-96ea-fbdfda4ac95b	4	114160198	114167282	11	-0.7983
c9bd0fa5-f732-49ad-96ea-fbdfda4ac95b	4	114167933	131488478	10262	-0.0443
c9bd0fa5-f732-49ad-96ea-fbdfda4ac95b	4	131491026	137168393	3064	-0.0897
c9bd0fa5-f732-49ad-96ea-fbdfda4ac95b	4	137170949	137173818	18	-0.5719
c9bd0fa5-f732-49ad-96ea-fbdfda4ac95b	4	137173967	137249963	61	-0.095
c9bd0fa5-f732-49ad-96ea-fbdfda4ac95b	4	137250325	160916563	14609	-0.0351
c9bd0fa5-f732-49ad-96ea-fbdfda4ac95b	4	160917187	160963815	64	0.2148
c9bd0fa5-f732-49ad-96ea-fbdfda4ac95b	4	160963825	171447291	6665	-0.0559
c9bd0fa5-f732-49ad-96ea-fbdfda4ac95b	4	171447380	171456559	12	-0.9815
c9bd0fa5-f732-49ad-96ea-fbdfda4ac95b	4	171456573	190106768	12495	-0.0513
c9bd0fa5-f732-49ad-96ea-fbdfda4ac95b	5	15532	733497	322	-0.1303
c9bd0fa5-f732-49ad-96ea-fbdfda4ac95b	5	741924	833513	31	0.2528
c9bd0fa5-f732-49ad-96ea-fbdfda4ac95b	5	852451	5585230	3950	-0.105
c9bd0fa5-f732-49ad-96ea-fbdfda4ac95b	5	5591805	7286275	1505	-0.043
c9bd0fa5-f732-49ad-96ea-fbdfda4ac95b	5	7299587	7302780	2	-1.3414
c9bd0fa5-f732-49ad-96ea-fbdfda4ac95b	5	7303763	12790933	4381	-0.0525
c9bd0fa5-f732-49ad-96ea-fbdfda4ac95b	5	12791608	12892020	27	0.3037
c9bd0fa5-f732-49ad-96ea-fbdfda4ac95b	5	12894036	17601444	3162	-0.0181
c9bd0fa5-f732-49ad-96ea-fbdfda4ac95b	5	17601619	17630366	12	-0.9514
c9bd0fa5-f732-49ad-96ea-fbdfda4ac95b	5	17636696	17916831	193	-0.0287
c9bd0fa5-f732-49ad-96ea-fbdfda4ac95b	5	17917704	17918511	5	-0.7414
c9bd0fa5-f732-49ad-96ea-fbdfda4ac95b	5	17919903	20359727	1484	-0.0628
c9bd0fa5-f732-49ad-96ea-fbdfda4ac95b	5	20360273	20489272	125	0.0679
c9bd0fa5-f732-49ad-96ea-fbdfda4ac95b	5	20493175	20701045	142	-0.0384
c9bd0fa5-f732-49ad-96ea-fbdfda4ac95b	5	20704484	30941115	5962	-0.0848
c9bd0fa5-f732-49ad-96ea-fbdfda4ac95b	5	30941160	46246553	9372	-0.034
c9bd0fa5-f732-49ad-96ea-fbdfda4ac95b	5	46246558	46271006	4	-0.4821
c9bd0fa5-f732-49ad-96ea-fbdfda4ac95b	5	46271828	46273400	6	-1.8341
c9bd0fa5-f732-49ad-96ea-fbdfda4ac95b	5	46278110	57572763	4746	-0.0508
c9bd0fa5-f732-49ad-96ea-fbdfda4ac95b	5	57576922	82706832	14959	-0.0298
c9bd0fa5-f732-49ad-96ea-fbdfda4ac95b	5	82706963	95899812	7206	-0.0577
c9bd0fa5-f732-49ad-96ea-fbdfda4ac95b	5	95900711	95900763	2	-2.2737
c9bd0fa5-f732-49ad-96ea-fbdfda4ac95b	5	95901481	100506519	2697	-0.0138
c9bd0fa5-f732-49ad-96ea-fbdfda4ac95b	5	100507719	119400524	12640	-0.0588
c9bd0fa5-f732-49ad-96ea-fbdfda4ac95b	5	119400550	145683841	16048	-0.0364
c9bd0fa5-f732-49ad-96ea-fbdfda4ac95b	5	145687452	145785575	44	0.433
c9bd0fa5-f732-49ad-96ea-fbdfda4ac95b	5	145786968	155582709	6702	-0.0339
c9bd0fa5-f732-49ad-96ea-fbdfda4ac95b	5	155585068	170695058	10678	-0.0577
c9bd0fa5-f732-49ad-96ea-fbdfda4ac95b	5	170696544	176033084	3786	-0.0383
c9bd0fa5-f732-49ad-96ea-fbdfda4ac95b	5	176038686	176042504	2	-1.7839
c9bd0fa5-f732-49ad-96ea-fbdfda4ac95b	5	176043321	181363319	2711	-0.0677
c9bd0fa5-f732-49ad-96ea-fbdfda4ac95b	6	149661	28266240	20937	-0.0389
c9bd0fa5-f732-49ad-96ea-fbdfda4ac95b	6	28267398	29869295	721	0.3827
c9bd0fa5-f732-49ad-96ea-fbdfda4ac95b	6	29869410	29940692	37	0.685
c9bd0fa5-f732-49ad-96ea-fbdfda4ac95b	6	29946443	31309909	642	0.4049
c9bd0fa5-f732-49ad-96ea-fbdfda4ac95b	6	31313046	31328674	12	-1.3937
c9bd0fa5-f732-49ad-96ea-fbdfda4ac95b	6	31342147	31380423	47	0.4679
c9bd0fa5-f732-49ad-96ea-fbdfda4ac95b	6	31380693	31380871	3	-0.887
c9bd0fa5-f732-49ad-96ea-fbdfda4ac95b	6	31383258	32463515	447	0.3543
c9bd0fa5-f732-49ad-96ea-fbdfda4ac95b	6	32463775	32605994	35	-0.0002
c9bd0fa5-f732-49ad-96ea-fbdfda4ac95b	6	32606237	54066353	13733	0.394
c9bd0fa5-f732-49ad-96ea-fbdfda4ac95b	6	54066432	54066621	4	-0.655
c9bd0fa5-f732-49ad-96ea-fbdfda4ac95b	6	54067005	58220780	2130	0.3972
c9bd0fa5-f732-49ad-96ea-fbdfda4ac95b	6	58225084	61728124	570	0.3072
c9bd0fa5-f732-49ad-96ea-fbdfda4ac95b	6	61730375	63583733	987	0.3906
c9bd0fa5-f732-49ad-96ea-fbdfda4ac95b	6	63588259	64191455	296	0.7533
c9bd0fa5-f732-49ad-96ea-fbdfda4ac95b	6	64194883	64204340	4	0.2319
c9bd0fa5-f732-49ad-96ea-fbdfda4ac95b	6	64205115	65000836	483	-0.0563
c9bd0fa5-f732-49ad-96ea-fbdfda4ac95b	6	65001506	65007491	4	-0.9298
c9bd0fa5-f732-49ad-96ea-fbdfda4ac95b	6	65021673	73231828	5547	-0.0549
c9bd0fa5-f732-49ad-96ea-fbdfda4ac95b	6	73232260	74180606	550	0.0217
c9bd0fa5-f732-49ad-96ea-fbdfda4ac95b	6	74180919	76307276	1306	-0.0438
c9bd0fa5-f732-49ad-96ea-fbdfda4ac95b	6	76307326	76307352	3	0.6811
c9bd0fa5-f732-49ad-96ea-fbdfda4ac95b	6	76307360	76726815	292	-0.044
c9bd0fa5-f732-49ad-96ea-fbdfda4ac95b	6	76730151	76742665	15	0.5208
c9bd0fa5-f732-49ad-96ea-fbdfda4ac95b	6	76742675	78253172	983	-0.0612
c9bd0fa5-f732-49ad-96ea-fbdfda4ac95b	6	78259348	78325468	111	-1.7581
c9bd0fa5-f732-49ad-96ea-fbdfda4ac95b	6	78329517	89927220	7214	-0.0328
c9bd0fa5-f732-49ad-96ea-fbdfda4ac95b	6	89929244	93617762	2605	-0.0802
c9bd0fa5-f732-49ad-96ea-fbdfda4ac95b	6	93620081	160605941	42632	-0.0419
c9bd0fa5-f732-49ad-96ea-fbdfda4ac95b	6	160608696	162111485	1231	-0.0988
c9bd0fa5-f732-49ad-96ea-fbdfda4ac95b	6	162112700	162211139	80	-0.9175
c9bd0fa5-f732-49ad-96ea-fbdfda4ac95b	6	162212086	162357969	111	-2.8068
c9bd0fa5-f732-49ad-96ea-fbdfda4ac95b	6	162361829	162543650	162	-0.8835
c9bd0fa5-f732-49ad-96ea-fbdfda4ac95b	6	162545500	170741917	5667	-0.0757
c9bd0fa5-f732-49ad-96ea-fbdfda4ac95b	7	43355	3078167	1169	0.6883
c9bd0fa5-f732-49ad-96ea-fbdfda4ac95b	7	3078240	3078253	2	-0.4998
c9bd0fa5-f732-49ad-96ea-fbdfda4ac95b	7	3078664	4117015	912	0.6818
c9bd0fa5-f732-49ad-96ea-fbdfda4ac95b	7	4118722	4126216	4	-0.1353
c9bd0fa5-f732-49ad-96ea-fbdfda4ac95b	7	4126995	4580468	386	0.7234
c9bd0fa5-f732-49ad-96ea-fbdfda4ac95b	7	4580484	4580563	6	1.289
c9bd0fa5-f732-49ad-96ea-fbdfda4ac95b	7	4580929	5849392	566	0.686
c9bd0fa5-f732-49ad-96ea-fbdfda4ac95b	7	5852358	5987378	33	0.3613
c9bd0fa5-f732-49ad-96ea-fbdfda4ac95b	7	5992310	6566326	266	0.7036
c9bd0fa5-f732-49ad-96ea-fbdfda4ac95b	7	6566972	6858609	95	0.9117
c9bd0fa5-f732-49ad-96ea-fbdfda4ac95b	7	6860976	6951986	31	0.653
c9bd0fa5-f732-49ad-96ea-fbdfda4ac95b	7	6961976	6969571	3	-1.3879
c9bd0fa5-f732-49ad-96ea-fbdfda4ac95b	7	6974103	7023356	31	0.7838
c9bd0fa5-f732-49ad-96ea-fbdfda4ac95b	7	7024572	8019603	923	0.9598
c9bd0fa5-f732-49ad-96ea-fbdfda4ac95b	7	8024879	8024893	2	-0.1104
c9bd0fa5-f732-49ad-96ea-fbdfda4ac95b	7	8025481	8167226	111	0.9048
c9bd0fa5-f732-49ad-96ea-fbdfda4ac95b	7	8167877	9010169	756	0.9907
c9bd0fa5-f732-49ad-96ea-fbdfda4ac95b	7	9017464	9722725	574	0.9171
c9bd0fa5-f732-49ad-96ea-fbdfda4ac95b	7	9725634	13812562	3181	0.6906
c9bd0fa5-f732-49ad-96ea-fbdfda4ac95b	7	13815549	26092670	9779	0.3921
c9bd0fa5-f732-49ad-96ea-fbdfda4ac95b	7	26102772	26105793	4	-0.819
c9bd0fa5-f732-49ad-96ea-fbdfda4ac95b	7	26107599	29341255	2343	0.404
c9bd0fa5-f732-49ad-96ea-fbdfda4ac95b	7	29346727	29628975	263	-0.0573
c9bd0fa5-f732-49ad-96ea-fbdfda4ac95b	7	29631102	29646732	6	-1.9194
c9bd0fa5-f732-49ad-96ea-fbdfda4ac95b	7	29648549	29741337	45	-0.0433
c9bd0fa5-f732-49ad-96ea-fbdfda4ac95b	7	29744097	29749388	4	0.7059
c9bd0fa5-f732-49ad-96ea-fbdfda4ac95b	7	29752062	30463526	452	-0.0441
c9bd0fa5-f732-49ad-96ea-fbdfda4ac95b	7	30467028	30470918	4	0.5416
c9bd0fa5-f732-49ad-96ea-fbdfda4ac95b	7	30471237	35622258	3483	0.7117
c9bd0fa5-f732-49ad-96ea-fbdfda4ac95b	7	35625738	35855127	119	1.1356
c9bd0fa5-f732-49ad-96ea-fbdfda4ac95b	7	35858549	35859182	4	0.0289
c9bd0fa5-f732-49ad-96ea-fbdfda4ac95b	7	35860540	36808686	733	1.1579
c9bd0fa5-f732-49ad-96ea-fbdfda4ac95b	7	36810613	37814751	738	0.6698
c9bd0fa5-f732-49ad-96ea-fbdfda4ac95b	7	37816360	38251092	346	1.1173
c9bd0fa5-f732-49ad-96ea-fbdfda4ac95b	7	38251113	38288684	32	1.5128
c9bd0fa5-f732-49ad-96ea-fbdfda4ac95b	7	38288895	39506174	952	1.1423
c9bd0fa5-f732-49ad-96ea-fbdfda4ac95b	7	39508562	39514211	4	0.1101
c9bd0fa5-f732-49ad-96ea-fbdfda4ac95b	7	39514613	44522202	3117	1.1378
c9bd0fa5-f732-49ad-96ea-fbdfda4ac95b	7	44522681	47282378	1906	0.9408
c9bd0fa5-f732-49ad-96ea-fbdfda4ac95b	7	47283080	47467689	142	0.682
c9bd0fa5-f732-49ad-96ea-fbdfda4ac95b	7	47469804	48155182	457	0.3907
c9bd0fa5-f732-49ad-96ea-fbdfda4ac95b	7	48155992	53525906	3935	-0.0771
c9bd0fa5-f732-49ad-96ea-fbdfda4ac95b	7	53527412	56693807	2138	0.6758
c9bd0fa5-f732-49ad-96ea-fbdfda4ac95b	7	56694420	56704473	4	-0.0096
c9bd0fa5-f732-49ad-96ea-fbdfda4ac95b	7	56704771	62594397	523	0.5635
c9bd0fa5-f732-49ad-96ea-fbdfda4ac95b	7	62599062	62722451	50	0.2305
c9bd0fa5-f732-49ad-96ea-fbdfda4ac95b	7	62730490	63123423	135	0.825
c9bd0fa5-f732-49ad-96ea-fbdfda4ac95b	7	63123469	63142597	8	1.6017
c9bd0fa5-f732-49ad-96ea-fbdfda4ac95b	7	63145469	63381394	58	0.8827
c9bd0fa5-f732-49ad-96ea-fbdfda4ac95b	7	63455884	109793741	26101	-0.0506
c9bd0fa5-f732-49ad-96ea-fbdfda4ac95b	7	109797035	109797700	14	0.5066
c9bd0fa5-f732-49ad-96ea-fbdfda4ac95b	7	109797715	109801155	10	0.0617
c9bd0fa5-f732-49ad-96ea-fbdfda4ac95b	7	109801187	109813853	11	0.6654
c9bd0fa5-f732-49ad-96ea-fbdfda4ac95b	7	109813925	111243435	967	-0.0753
c9bd0fa5-f732-49ad-96ea-fbdfda4ac95b	7	111252795	111383227	82	-2.7639
c9bd0fa5-f732-49ad-96ea-fbdfda4ac95b	7	111386373	111726066	193	-0.0425
c9bd0fa5-f732-49ad-96ea-fbdfda4ac95b	7	111726315	111876470	97	-0.7266
c9bd0fa5-f732-49ad-96ea-fbdfda4ac95b	7	111876576	126405632	8694	-0.0568
c9bd0fa5-f732-49ad-96ea-fbdfda4ac95b	7	126405690	126406561	8	-0.7457
c9bd0fa5-f732-49ad-96ea-fbdfda4ac95b	7	126406822	134100442	4703	-0.0545
c9bd0fa5-f732-49ad-96ea-fbdfda4ac95b	7	134100458	134110881	23	-1.8656
c9bd0fa5-f732-49ad-96ea-fbdfda4ac95b	7	134110912	142063324	5205	-0.0567
c9bd0fa5-f732-49ad-96ea-fbdfda4ac95b	7	142069843	142090383	31	-1.8106
c9bd0fa5-f732-49ad-96ea-fbdfda4ac95b	7	142090403	142513915	339	-0.0607
c9bd0fa5-f732-49ad-96ea-fbdfda4ac95b	7	142516594	142746647	81	0.1231
c9bd0fa5-f732-49ad-96ea-fbdfda4ac95b	7	142747620	143521765	479	-0.0605
c9bd0fa5-f732-49ad-96ea-fbdfda4ac95b	7	143529806	143603307	5	0.899
c9bd0fa5-f732-49ad-96ea-fbdfda4ac95b	7	143728285	144264193	308	-0.0518
c9bd0fa5-f732-49ad-96ea-fbdfda4ac95b	7	144295437	144312471	3	-1.3975
c9bd0fa5-f732-49ad-96ea-fbdfda4ac95b	7	144326306	149689336	3411	-0.077
c9bd0fa5-f732-49ad-96ea-fbdfda4ac95b	7	149690572	149693311	2	-1.41
c9bd0fa5-f732-49ad-96ea-fbdfda4ac95b	7	149698046	150148899	187	-0.121
c9bd0fa5-f732-49ad-96ea-fbdfda4ac95b	7	150150198	150150651	2	-2.3942
c9bd0fa5-f732-49ad-96ea-fbdfda4ac95b	7	150154479	153450553	1958	-0.0593
c9bd0fa5-f732-49ad-96ea-fbdfda4ac95b	7	153450560	153450627	2	-1.6872
c9bd0fa5-f732-49ad-96ea-fbdfda4ac95b	7	153450630	156592980	2461	-0.0635
c9bd0fa5-f732-49ad-96ea-fbdfda4ac95b	7	156599096	156601485	4	-1.9245
c9bd0fa5-f732-49ad-96ea-fbdfda4ac95b	7	156602214	157975705	802	-0.0737
c9bd0fa5-f732-49ad-96ea-fbdfda4ac95b	7	157978145	157978221	2	1.2124
c9bd0fa5-f732-49ad-96ea-fbdfda4ac95b	7	157978919	159334314	819	-0.071
c9bd0fa5-f732-49ad-96ea-fbdfda4ac95b	8	81254	23550227	20329	-0.0472
c9bd0fa5-f732-49ad-96ea-fbdfda4ac95b	8	23550260	23550358	4	-2.6477
c9bd0fa5-f732-49ad-96ea-fbdfda4ac95b	8	23550392	24878512	956	-0.0358
c9bd0fa5-f732-49ad-96ea-fbdfda4ac95b	8	24878567	24879374	2	-1.3061
c9bd0fa5-f732-49ad-96ea-fbdfda4ac95b	8	24879410	25117062	184	-0.0056
c9bd0fa5-f732-49ad-96ea-fbdfda4ac95b	8	25117985	25126626	19	0.6151
c9bd0fa5-f732-49ad-96ea-fbdfda4ac95b	8	25126641	39373140	9025	-0.0323
c9bd0fa5-f732-49ad-96ea-fbdfda4ac95b	8	39378084	39529446	58	-1.6913
c9bd0fa5-f732-49ad-96ea-fbdfda4ac95b	8	39530780	40914477	1074	-0.0289
c9bd0fa5-f732-49ad-96ea-fbdfda4ac95b	8	40920333	40920952	2	-1.53
c9bd0fa5-f732-49ad-96ea-fbdfda4ac95b	8	40926161	43080575	1269	-0.0306
c9bd0fa5-f732-49ad-96ea-fbdfda4ac95b	8	43081812	43121404	15	-0.4412
c9bd0fa5-f732-49ad-96ea-fbdfda4ac95b	8	43122191	45951913	228	-0.0017
c9bd0fa5-f732-49ad-96ea-fbdfda4ac95b	8	46000405	46503830	127	-0.2043
c9bd0fa5-f732-49ad-96ea-fbdfda4ac95b	8	46503845	46615926	53	-0.0546
c9bd0fa5-f732-49ad-96ea-fbdfda4ac95b	8	46616026	46624924	8	0.6041
c9bd0fa5-f732-49ad-96ea-fbdfda4ac95b	8	46634473	48950826	1095	-0.0275
c9bd0fa5-f732-49ad-96ea-fbdfda4ac95b	8	48951060	51449368	1520	-0.0903
c9bd0fa5-f732-49ad-96ea-fbdfda4ac95b	8	51449691	57123650	3735	-0.0476
c9bd0fa5-f732-49ad-96ea-fbdfda4ac95b	8	57123699	59712706	1789	-0.0853
c9bd0fa5-f732-49ad-96ea-fbdfda4ac95b	8	59712759	71300130	6983	-0.0425
c9bd0fa5-f732-49ad-96ea-fbdfda4ac95b	8	71303076	71304364	8	-1.9742
c9bd0fa5-f732-49ad-96ea-fbdfda4ac95b	8	71307628	93414605	13145	-0.0522
c9bd0fa5-f732-49ad-96ea-fbdfda4ac95b	8	93422466	103116779	6078	-0.029
c9bd0fa5-f732-49ad-96ea-fbdfda4ac95b	8	103117518	111282852	4889	-0.0706
c9bd0fa5-f732-49ad-96ea-fbdfda4ac95b	8	111282973	111283031	3	-2.3392
c9bd0fa5-f732-49ad-96ea-fbdfda4ac95b	8	111288052	114619814	1823	-0.0863
c9bd0fa5-f732-49ad-96ea-fbdfda4ac95b	8	114622258	114629502	35	-0.4504
c9bd0fa5-f732-49ad-96ea-fbdfda4ac95b	8	114638468	117306215	1699	-0.0789
c9bd0fa5-f732-49ad-96ea-fbdfda4ac95b	8	117306322	130882637	9581	-0.0238
c9bd0fa5-f732-49ad-96ea-fbdfda4ac95b	8	130882655	141058705	8046	-0.06
c9bd0fa5-f732-49ad-96ea-fbdfda4ac95b	8	141060634	142046163	607	-0.1239
c9bd0fa5-f732-49ad-96ea-fbdfda4ac95b	8	142047413	142049377	4	-1.3043
c9bd0fa5-f732-49ad-96ea-fbdfda4ac95b	8	142055279	145072769	1129	-0.094
c9bd0fa5-f732-49ad-96ea-fbdfda4ac95b	9	46587	11913220	11186	-0.0254
c9bd0fa5-f732-49ad-96ea-fbdfda4ac95b	9	11913255	12182949	222	-0.8057
c9bd0fa5-f732-49ad-96ea-fbdfda4ac95b	9	12189877	23361807	9018	-0.0239
c9bd0fa5-f732-49ad-96ea-fbdfda4ac95b	9	23363117	23373486	8	0.8378
c9bd0fa5-f732-49ad-96ea-fbdfda4ac95b	9	23378490	38756032	10669	-0.0367
c9bd0fa5-f732-49ad-96ea-fbdfda4ac95b	9	38757281	41741113	187	-0.3917
c9bd0fa5-f732-49ad-96ea-fbdfda4ac95b	9	42014203	61405110	93	0.0535
c9bd0fa5-f732-49ad-96ea-fbdfda4ac95b	9	61520021	61633080	29	0.4525
c9bd0fa5-f732-49ad-96ea-fbdfda4ac95b	9	61647899	63728089	70	-0.0446
c9bd0fa5-f732-49ad-96ea-fbdfda4ac95b	9	63728188	66189025	69	-0.3291
c9bd0fa5-f732-49ad-96ea-fbdfda4ac95b	9	66880844	76455545	5921	-0.0248
c9bd0fa5-f732-49ad-96ea-fbdfda4ac95b	9	76460736	76463497	3	-2.0819
c9bd0fa5-f732-49ad-96ea-fbdfda4ac95b	9	76463757	78505504	1496	-0.0079
c9bd0fa5-f732-49ad-96ea-fbdfda4ac95b	9	78506359	81101379	1987	-0.0696
c9bd0fa5-f732-49ad-96ea-fbdfda4ac95b	9	81101438	87907679	4838	-0.0351
c9bd0fa5-f732-49ad-96ea-fbdfda4ac95b	9	87939236	87939304	2	-1.3931
c9bd0fa5-f732-49ad-96ea-fbdfda4ac95b	9	87943042	95610236	5173	-0.0201
c9bd0fa5-f732-49ad-96ea-fbdfda4ac95b	9	95610637	95614839	5	-0.7668
c9bd0fa5-f732-49ad-96ea-fbdfda4ac95b	9	95614909	102176033	4287	-0.0297
c9bd0fa5-f732-49ad-96ea-fbdfda4ac95b	9	102178547	102191871	26	-0.7792
c9bd0fa5-f732-49ad-96ea-fbdfda4ac95b	9	102199297	102367712	121	-0.0799
c9bd0fa5-f732-49ad-96ea-fbdfda4ac95b	9	102369109	104064080	1161	-0.0397
c9bd0fa5-f732-49ad-96ea-fbdfda4ac95b	9	104064094	112647595	6643	-0.0051
c9bd0fa5-f732-49ad-96ea-fbdfda4ac95b	9	112647789	133613320	14148	-0.0288
c9bd0fa5-f732-49ad-96ea-fbdfda4ac95b	9	133614281	135322259	1036	-0.0933
c9bd0fa5-f732-49ad-96ea-fbdfda4ac95b	9	135323776	135324566	2	1.0723
c9bd0fa5-f732-49ad-96ea-fbdfda4ac95b	9	135325951	138123971	1088	-0.0783
c9bd0fa5-f732-49ad-96ea-fbdfda4ac95b	9	138124041	138138491	9	-0.8042
c9bd0fa5-f732-49ad-96ea-fbdfda4ac95b	9	138138696	138200944	11	0.0454
c9bd0fa5-f732-49ad-96ea-fbdfda4ac95b	10	45792	13008005	10918	-0.0419
c9bd0fa5-f732-49ad-96ea-fbdfda4ac95b	10	13008023	13008170	4	-1.1331
c9bd0fa5-f732-49ad-96ea-fbdfda4ac95b	10	13008428	15008463	1803	-0.0315
c9bd0fa5-f732-49ad-96ea-fbdfda4ac95b	10	15010498	15010629	2	-1.3711
c9bd0fa5-f732-49ad-96ea-fbdfda4ac95b	10	15015796	17885034	2129	-0.0327
c9bd0fa5-f732-49ad-96ea-fbdfda4ac95b	10	17896194	17910884	3	0.8965
c9bd0fa5-f732-49ad-96ea-fbdfda4ac95b	10	17929793	24088745	4343	-0.04
c9bd0fa5-f732-49ad-96ea-fbdfda4ac95b	10	24088746	24089125	10	-1.9963
c9bd0fa5-f732-49ad-96ea-fbdfda4ac95b	10	24089979	34791512	7617	-0.0233
c9bd0fa5-f732-49ad-96ea-fbdfda4ac95b	10	34791733	46526086	4871	-0.061
c9bd0fa5-f732-49ad-96ea-fbdfda4ac95b	10	46526248	46657149	33	-0.3739
c9bd0fa5-f732-49ad-96ea-fbdfda4ac95b	10	46693480	48523157	571	-0.048
c9bd0fa5-f732-49ad-96ea-fbdfda4ac95b	10	48524930	48524943	2	-1.3402
c9bd0fa5-f732-49ad-96ea-fbdfda4ac95b	10	48525216	49796090	1040	-0.0673
c9bd0fa5-f732-49ad-96ea-fbdfda4ac95b	10	49799179	51239817	786	0.0133
c9bd0fa5-f732-49ad-96ea-fbdfda4ac95b	10	51240885	51503748	256	-0.3787
c9bd0fa5-f732-49ad-96ea-fbdfda4ac95b	10	51504077	65548178	10048	-0.0432
c9bd0fa5-f732-49ad-96ea-fbdfda4ac95b	10	65548193	65554688	26	-1.5397
c9bd0fa5-f732-49ad-96ea-fbdfda4ac95b	10	65563037	66587905	802	-0.0549
c9bd0fa5-f732-49ad-96ea-fbdfda4ac95b	10	66589183	66630689	28	-0.886
c9bd0fa5-f732-49ad-96ea-fbdfda4ac95b	10	66634359	66935564	243	-0.0937
c9bd0fa5-f732-49ad-96ea-fbdfda4ac95b	10	66935610	70681472	2404	-0.017
c9bd0fa5-f732-49ad-96ea-fbdfda4ac95b	10	70681594	70717568	34	-0.2703
c9bd0fa5-f732-49ad-96ea-fbdfda4ac95b	10	70717777	70750053	34	-0.0057
c9bd0fa5-f732-49ad-96ea-fbdfda4ac95b	10	70750322	70778117	30	-0.3311
c9bd0fa5-f732-49ad-96ea-fbdfda4ac95b	10	70781091	92226252	14269	-0.0405
c9bd0fa5-f732-49ad-96ea-fbdfda4ac95b	10	92228417	103408269	6487	-0.0092
c9bd0fa5-f732-49ad-96ea-fbdfda4ac95b	10	103409948	128538680	18355	-0.0372
c9bd0fa5-f732-49ad-96ea-fbdfda4ac95b	10	128544570	133654968	3545	-0.0911
c9bd0fa5-f732-49ad-96ea-fbdfda4ac95b	11	198510	55608804	34495	-0.0419
c9bd0fa5-f732-49ad-96ea-fbdfda4ac95b	11	55609022	55686100	52	0.3464
c9bd0fa5-f732-49ad-96ea-fbdfda4ac95b	11	55693207	63868010	4740	-0.0169
c9bd0fa5-f732-49ad-96ea-fbdfda4ac95b	11	63873082	71213887	3267	-0.0556
c9bd0fa5-f732-49ad-96ea-fbdfda4ac95b	11	71216379	78700130	3975	-0.0291
c9bd0fa5-f732-49ad-96ea-fbdfda4ac95b	11	78700738	82484012	3079	-0.0692
c9bd0fa5-f732-49ad-96ea-fbdfda4ac95b	11	82484437	87887020	3606	-0.0187
c9bd0fa5-f732-49ad-96ea-fbdfda4ac95b	11	87889115	89802498	1196	-0.0654
c9bd0fa5-f732-49ad-96ea-fbdfda4ac95b	11	89810584	89847184	7	0.543
c9bd0fa5-f732-49ad-96ea-fbdfda4ac95b	11	89878176	93054466	2152	-0.0714
c9bd0fa5-f732-49ad-96ea-fbdfda4ac95b	11	93056846	96833196	2740	-0.0154
c9bd0fa5-f732-49ad-96ea-fbdfda4ac95b	11	96833607	107359993	7600	-0.0591
c9bd0fa5-f732-49ad-96ea-fbdfda4ac95b	11	107367930	107368402	7	-1.4067
c9bd0fa5-f732-49ad-96ea-fbdfda4ac95b	11	107381636	118090879	7296	-0.0379
c9bd0fa5-f732-49ad-96ea-fbdfda4ac95b	11	118090939	118091193	2	-1.4173
c9bd0fa5-f732-49ad-96ea-fbdfda4ac95b	11	118091719	122244678	2892	-0.0292
c9bd0fa5-f732-49ad-96ea-fbdfda4ac95b	11	122244940	128794620	5051	-0.0641
c9bd0fa5-f732-49ad-96ea-fbdfda4ac95b	11	128796006	131048974	1463	-0.0224
c9bd0fa5-f732-49ad-96ea-fbdfda4ac95b	11	131051438	134710420	2925	-0.0814
c9bd0fa5-f732-49ad-96ea-fbdfda4ac95b	11	134710697	134711082	5	-0.9284
c9bd0fa5-f732-49ad-96ea-fbdfda4ac95b	11	134714907	135074876	297	-0.1337
c9bd0fa5-f732-49ad-96ea-fbdfda4ac95b	12	51460	3318489	2146	-0.0485
c9bd0fa5-f732-49ad-96ea-fbdfda4ac95b	12	3318572	3319262	2	-1.5713
c9bd0fa5-f732-49ad-96ea-fbdfda4ac95b	12	3319593	9477960	4024	-0.0569
c9bd0fa5-f732-49ad-96ea-fbdfda4ac95b	12	9481274	9575696	24	0.8724
c9bd0fa5-f732-49ad-96ea-fbdfda4ac95b	12	9582373	10343751	574	-0.0917
c9bd0fa5-f732-49ad-96ea-fbdfda4ac95b	12	10344125	11068125	464	-0.0277
c9bd0fa5-f732-49ad-96ea-fbdfda4ac95b	12	11070111	11088933	9	-0.5907
c9bd0fa5-f732-49ad-96ea-fbdfda4ac95b	12	11099275	16966242	4157	-0.0231
c9bd0fa5-f732-49ad-96ea-fbdfda4ac95b	12	16973101	17509756	304	-0.0746
c9bd0fa5-f732-49ad-96ea-fbdfda4ac95b	12	17514672	17514901	3	-1.0598
c9bd0fa5-f732-49ad-96ea-fbdfda4ac95b	12	17514982	18773098	772	-0.0662
c9bd0fa5-f732-49ad-96ea-fbdfda4ac95b	12	18782255	18782999	2	-1.4638
c9bd0fa5-f732-49ad-96ea-fbdfda4ac95b	12	18791454	33042871	10224	-0.0497
c9bd0fa5-f732-49ad-96ea-fbdfda4ac95b	12	33043321	33734460	502	0.0327
c9bd0fa5-f732-49ad-96ea-fbdfda4ac95b	12	33734564	34530413	353	-0.0935
c9bd0fa5-f732-49ad-96ea-fbdfda4ac95b	12	34544311	34544327	2	-1.4725
c9bd0fa5-f732-49ad-96ea-fbdfda4ac95b	12	34544372	37813240	117	-0.0845
c9bd0fa5-f732-49ad-96ea-fbdfda4ac95b	12	37825491	37825500	2	-1.8977
c9bd0fa5-f732-49ad-96ea-fbdfda4ac95b	12	37875038	45506042	4709	-0.0564
c9bd0fa5-f732-49ad-96ea-fbdfda4ac95b	12	45510655	45515754	4	0.8747
c9bd0fa5-f732-49ad-96ea-fbdfda4ac95b	12	45519509	70478078	15169	-0.0474
c9bd0fa5-f732-49ad-96ea-fbdfda4ac95b	12	70478895	70484247	9	-1.2372
c9bd0fa5-f732-49ad-96ea-fbdfda4ac95b	12	70485605	88726539	11244	-0.0654
c9bd0fa5-f732-49ad-96ea-fbdfda4ac95b	12	88728046	90089573	811	-0.0266
c9bd0fa5-f732-49ad-96ea-fbdfda4ac95b	12	90097892	90098297	7	-0.6533
c9bd0fa5-f732-49ad-96ea-fbdfda4ac95b	12	90099780	94186510	2768	-0.0508
c9bd0fa5-f732-49ad-96ea-fbdfda4ac95b	12	94188701	94189145	2	-1.4036
c9bd0fa5-f732-49ad-96ea-fbdfda4ac95b	12	94190901	104300975	6823	-0.0424
c9bd0fa5-f732-49ad-96ea-fbdfda4ac95b	12	104303324	104303536	2	-1.3957
c9bd0fa5-f732-49ad-96ea-fbdfda4ac95b	12	104304425	113815883	6091	-0.0467
c9bd0fa5-f732-49ad-96ea-fbdfda4ac95b	12	113817190	114117298	286	-0.1767
c9bd0fa5-f732-49ad-96ea-fbdfda4ac95b	12	114117753	126086496	7766	-0.04
c9bd0fa5-f732-49ad-96ea-fbdfda4ac95b	12	126087594	131636170	4883	-0.0802
c9bd0fa5-f732-49ad-96ea-fbdfda4ac95b	12	131648039	131648790	13	-1.2396
c9bd0fa5-f732-49ad-96ea-fbdfda4ac95b	12	131657925	131708647	32	0.0843
c9bd0fa5-f732-49ad-96ea-fbdfda4ac95b	12	131709245	133008337	429	-0.1069
c9bd0fa5-f732-49ad-96ea-fbdfda4ac95b	12	133012878	133201603	98	0.0287
c9bd0fa5-f732-49ad-96ea-fbdfda4ac95b	13	18452809	18878915	106	0.207
c9bd0fa5-f732-49ad-96ea-fbdfda4ac95b	13	18879318	19446142	369	0.371
c9bd0fa5-f732-49ad-96ea-fbdfda4ac95b	13	19446206	37501828	13015	1.117
c9bd0fa5-f732-49ad-96ea-fbdfda4ac95b	13	37502130	37510620	12	2.1679
c9bd0fa5-f732-49ad-96ea-fbdfda4ac95b	13	37514193	38478674	701	1.0905
c9bd0fa5-f732-49ad-96ea-fbdfda4ac95b	13	38483435	38483919	2	2.438
c9bd0fa5-f732-49ad-96ea-fbdfda4ac95b	13	38490920	47753020	6426	1.1253
c9bd0fa5-f732-49ad-96ea-fbdfda4ac95b	13	47754521	47755101	10	0.5252
c9bd0fa5-f732-49ad-96ea-fbdfda4ac95b	13	47759962	48391954	436	1.1114
c9bd0fa5-f732-49ad-96ea-fbdfda4ac95b	13	48397386	48409966	10	0.5395
c9bd0fa5-f732-49ad-96ea-fbdfda4ac95b	13	48410219	48957415	445	1.1129
c9bd0fa5-f732-49ad-96ea-fbdfda4ac95b	13	48959579	48962368	2	-2.5903
c9bd0fa5-f732-49ad-96ea-fbdfda4ac95b	13	48963569	57176962	4499	1.1117
c9bd0fa5-f732-49ad-96ea-fbdfda4ac95b	13	57184136	57204246	34	-0.6699
c9bd0fa5-f732-49ad-96ea-fbdfda4ac95b	13	57215580	60348869	1909	1.1021
c9bd0fa5-f732-49ad-96ea-fbdfda4ac95b	13	60350370	60727431	223	1.2363
c9bd0fa5-f732-49ad-96ea-fbdfda4ac95b	13	60727898	63559619	1614	1.0798
c9bd0fa5-f732-49ad-96ea-fbdfda4ac95b	13	63566694	64346250	457	1.1778
c9bd0fa5-f732-49ad-96ea-fbdfda4ac95b	13	64347714	70062174	3595	1.0758
c9bd0fa5-f732-49ad-96ea-fbdfda4ac95b	13	70064075	70065325	2	-1.0362
c9bd0fa5-f732-49ad-96ea-fbdfda4ac95b	13	70065347	71902850	1194	1.1183
c9bd0fa5-f732-49ad-96ea-fbdfda4ac95b	13	71903417	71906467	5	2.67
c9bd0fa5-f732-49ad-96ea-fbdfda4ac95b	13	71912345	80612608	6111	1.1161
c9bd0fa5-f732-49ad-96ea-fbdfda4ac95b	13	80613543	81769885	710	1.0789
c9bd0fa5-f732-49ad-96ea-fbdfda4ac95b	13	81770017	82013133	141	0.8453
c9bd0fa5-f732-49ad-96ea-fbdfda4ac95b	13	82018563	85204605	2027	1.0694
c9bd0fa5-f732-49ad-96ea-fbdfda4ac95b	13	85209473	85216094	2	-0.3994
c9bd0fa5-f732-49ad-96ea-fbdfda4ac95b	13	85222185	94612350	5909	1.0812
c9bd0fa5-f732-49ad-96ea-fbdfda4ac95b	13	94613024	97522993	1801	1.133
c9bd0fa5-f732-49ad-96ea-fbdfda4ac95b	13	97525197	97525258	6	0.2928
c9bd0fa5-f732-49ad-96ea-fbdfda4ac95b	13	97525263	112906538	11757	1.1258
c9bd0fa5-f732-49ad-96ea-fbdfda4ac95b	13	112908093	112908111	2	-0.6947
c9bd0fa5-f732-49ad-96ea-fbdfda4ac95b	13	112908163	114342922	634	1.141
c9bd0fa5-f732-49ad-96ea-fbdfda4ac95b	14	18239283	18383547	2	0.1466
c9bd0fa5-f732-49ad-96ea-fbdfda4ac95b	14	18384419	21926208	1514	-0.7211
c9bd0fa5-f732-49ad-96ea-fbdfda4ac95b	14	21926229	22502607	498	-0.5091
c9bd0fa5-f732-49ad-96ea-fbdfda4ac95b	14	22505269	34548665	7699	-0.7208
c9bd0fa5-f732-49ad-96ea-fbdfda4ac95b	14	34551068	34551172	2	-3.0399
c9bd0fa5-f732-49ad-96ea-fbdfda4ac95b	14	34551779	34589610	21	-0.2283
c9bd0fa5-f732-49ad-96ea-fbdfda4ac95b	14	34591792	37641025	1843	-0.7016
c9bd0fa5-f732-49ad-96ea-fbdfda4ac95b	14	37642665	37648303	6	-4.3654
c9bd0fa5-f732-49ad-96ea-fbdfda4ac95b	14	37648779	37713076	29	-1.6471
c9bd0fa5-f732-49ad-96ea-fbdfda4ac95b	14	37715348	38462163	467	-0.733
c9bd0fa5-f732-49ad-96ea-fbdfda4ac95b	14	38462242	38469783	16	-0.1016
c9bd0fa5-f732-49ad-96ea-fbdfda4ac95b	14	38469797	50749546	7203	-0.695
c9bd0fa5-f732-49ad-96ea-fbdfda4ac95b	14	50750524	52426547	1328	-0.7865
c9bd0fa5-f732-49ad-96ea-fbdfda4ac95b	14	52428656	66813323	9258	-0.7096
c9bd0fa5-f732-49ad-96ea-fbdfda4ac95b	14	66813896	66864463	17	0.0443
c9bd0fa5-f732-49ad-96ea-fbdfda4ac95b	14	66865179	69551330	1650	-0.7336
c9bd0fa5-f732-49ad-96ea-fbdfda4ac95b	14	69551651	69555750	8	-2.2363
c9bd0fa5-f732-49ad-96ea-fbdfda4ac95b	14	69555996	72264903	1736	-0.7178
c9bd0fa5-f732-49ad-96ea-fbdfda4ac95b	14	72264912	73540003	886	-0.0292
c9bd0fa5-f732-49ad-96ea-fbdfda4ac95b	14	73540147	73563211	9	0.7332
c9bd0fa5-f732-49ad-96ea-fbdfda4ac95b	14	73564027	106321086	20882	-0.0576
c9bd0fa5-f732-49ad-96ea-fbdfda4ac95b	14	106340102	106346129	7	-1.1925
c9bd0fa5-f732-49ad-96ea-fbdfda4ac95b	14	106360014	106416146	30	0.0495
c9bd0fa5-f732-49ad-96ea-fbdfda4ac95b	14	106418444	106462183	48	-1.6326
c9bd0fa5-f732-49ad-96ea-fbdfda4ac95b	14	106462724	106877229	195	-0.058
c9bd0fa5-f732-49ad-96ea-fbdfda4ac95b	15	19811075	20001686	45	-0.5989
c9bd0fa5-f732-49ad-96ea-fbdfda4ac95b	15	20011702	20665162	103	-1.4389
c9bd0fa5-f732-49ad-96ea-fbdfda4ac95b	15	20668932	29772091	4467	-0.7457
c9bd0fa5-f732-49ad-96ea-fbdfda4ac95b	15	29776300	29804875	16	-1.9165
c9bd0fa5-f732-49ad-96ea-fbdfda4ac95b	15	29805233	43150809	8320	-0.7078
c9bd0fa5-f732-49ad-96ea-fbdfda4ac95b	15	43153800	76598900	20933	-0.0294
c9bd0fa5-f732-49ad-96ea-fbdfda4ac95b	15	76599170	76603434	21	-1.1647
c9bd0fa5-f732-49ad-96ea-fbdfda4ac95b	15	76609838	97274628	14180	-0.0458
c9bd0fa5-f732-49ad-96ea-fbdfda4ac95b	15	97274669	97285447	8	-2.2649
c9bd0fa5-f732-49ad-96ea-fbdfda4ac95b	15	97288957	101928837	3423	-0.0518
c9bd0fa5-f732-49ad-96ea-fbdfda4ac95b	16	10777	133989	82	-0.2237
c9bd0fa5-f732-49ad-96ea-fbdfda4ac95b	16	134167	5476520	2423	-0.0579
c9bd0fa5-f732-49ad-96ea-fbdfda4ac95b	16	5476693	5949017	579	-0.2649
c9bd0fa5-f732-49ad-96ea-fbdfda4ac95b	16	5955852	6029852	84	-0.0147
c9bd0fa5-f732-49ad-96ea-fbdfda4ac95b	16	6031911	6062469	37	-0.8423
c9bd0fa5-f732-49ad-96ea-fbdfda4ac95b	16	6065354	6087410	38	-3.0125
c9bd0fa5-f732-49ad-96ea-fbdfda4ac95b	16	6089139	6090478	6	-6.9972
c9bd0fa5-f732-49ad-96ea-fbdfda4ac95b	16	6090800	6132614	60	-3.0187
c9bd0fa5-f732-49ad-96ea-fbdfda4ac95b	16	6133266	6231174	89	-0.873
c9bd0fa5-f732-49ad-96ea-fbdfda4ac95b	16	6231262	6823787	778	-3.1824
c9bd0fa5-f732-49ad-96ea-fbdfda4ac95b	16	6824658	6876396	54	-0.9715
c9bd0fa5-f732-49ad-96ea-fbdfda4ac95b	16	6877384	6997888	139	-3.0035
c9bd0fa5-f732-49ad-96ea-fbdfda4ac95b	16	7002358	7044621	53	-0.85
c9bd0fa5-f732-49ad-96ea-fbdfda4ac95b	16	7045569	7311522	372	-0.0616
c9bd0fa5-f732-49ad-96ea-fbdfda4ac95b	16	7316368	7329338	11	-0.9137
c9bd0fa5-f732-49ad-96ea-fbdfda4ac95b	16	7331105	16236633	6936	-0.02
c9bd0fa5-f732-49ad-96ea-fbdfda4ac95b	16	16246583	16268505	3	-1.287
c9bd0fa5-f732-49ad-96ea-fbdfda4ac95b	16	16269368	18335528	1024	-0.073
c9bd0fa5-f732-49ad-96ea-fbdfda4ac95b	16	18540265	18545889	3	1.4589
c9bd0fa5-f732-49ad-96ea-fbdfda4ac95b	16	18583078	31944599	7168	-0.0254
c9bd0fa5-f732-49ad-96ea-fbdfda4ac95b	16	31946047	35588000	428	-0.1507
c9bd0fa5-f732-49ad-96ea-fbdfda4ac95b	16	35600724	52174866	3643	-0.0226
c9bd0fa5-f732-49ad-96ea-fbdfda4ac95b	16	52176478	53174247	749	0.0303
c9bd0fa5-f732-49ad-96ea-fbdfda4ac95b	16	53175083	55761136	2170	-0.035
c9bd0fa5-f732-49ad-96ea-fbdfda4ac95b	16	55762477	55782734	18	-0.8063
c9bd0fa5-f732-49ad-96ea-fbdfda4ac95b	16	55782793	66438602	7112	-0.049
c9bd0fa5-f732-49ad-96ea-fbdfda4ac95b	16	66438882	77616053	6437	-0.0151
c9bd0fa5-f732-49ad-96ea-fbdfda4ac95b	16	77616950	88275273	10609	-0.0546
c9bd0fa5-f732-49ad-96ea-fbdfda4ac95b	16	88287256	90096867	763	-0.123
c9bd0fa5-f732-49ad-96ea-fbdfda4ac95b	17	150733	4475931	2367	-0.051
c9bd0fa5-f732-49ad-96ea-fbdfda4ac95b	17	4476283	4476552	2	-3.0092
c9bd0fa5-f732-49ad-96ea-fbdfda4ac95b	17	4478453	8339592	2169	-0.0382
c9bd0fa5-f732-49ad-96ea-fbdfda4ac95b	17	8344229	8344415	2	-1.6549
c9bd0fa5-f732-49ad-96ea-fbdfda4ac95b	17	8346140	16819487	5944	-0.0412
c9bd0fa5-f732-49ad-96ea-fbdfda4ac95b	17	16834846	16838201	2	1.4707
c9bd0fa5-f732-49ad-96ea-fbdfda4ac95b	17	16838214	18414080	907	-0.0462
c9bd0fa5-f732-49ad-96ea-fbdfda4ac95b	17	18452078	18561272	26	-1.148
c9bd0fa5-f732-49ad-96ea-fbdfda4ac95b	17	18561907	41266838	9400	-0.0449
c9bd0fa5-f732-49ad-96ea-fbdfda4ac95b	17	41266851	41274279	19	-0.6604
c9bd0fa5-f732-49ad-96ea-fbdfda4ac95b	17	41276472	46089089	2502	-0.0422
c9bd0fa5-f732-49ad-96ea-fbdfda4ac95b	17	46089134	46687628	129	-0.3954
c9bd0fa5-f732-49ad-96ea-fbdfda4ac95b	17	46707286	73469125	16519	-0.0331
c9bd0fa5-f732-49ad-96ea-fbdfda4ac95b	17	73470460	83091923	5046	-0.0755
c9bd0fa5-f732-49ad-96ea-fbdfda4ac95b	18	48133	10659168	7812	-0.7336
c9bd0fa5-f732-49ad-96ea-fbdfda4ac95b	18	10659366	10660665	2	-2.9365
c9bd0fa5-f732-49ad-96ea-fbdfda4ac95b	18	10660862	14000962	2144	-0.7284
c9bd0fa5-f732-49ad-96ea-fbdfda4ac95b	18	14002457	23536073	1728	-0.6434
c9bd0fa5-f732-49ad-96ea-fbdfda4ac95b	18	23536707	40677896	11039	-0.7174
c9bd0fa5-f732-49ad-96ea-fbdfda4ac95b	18	40677910	40688060	36	-0.2238
c9bd0fa5-f732-49ad-96ea-fbdfda4ac95b	18	40689534	44834485	2643	-0.7124
c9bd0fa5-f732-49ad-96ea-fbdfda4ac95b	18	44835125	47745205	1932	-0.777
c9bd0fa5-f732-49ad-96ea-fbdfda4ac95b	18	47745612	74389165	19141	-0.714
c9bd0fa5-f732-49ad-96ea-fbdfda4ac95b	18	74389291	78971826	3499	-0.797
c9bd0fa5-f732-49ad-96ea-fbdfda4ac95b	18	78974830	78975000	2	-2.9988
c9bd0fa5-f732-49ad-96ea-fbdfda4ac95b	18	78975252	79993651	493	-0.7916
c9bd0fa5-f732-49ad-96ea-fbdfda4ac95b	18	79993957	80257174	160	-0.7141
c9bd0fa5-f732-49ad-96ea-fbdfda4ac95b	19	90910	12422445	4966	-0.0402
c9bd0fa5-f732-49ad-96ea-fbdfda4ac95b	19	12427951	12428068	2	-1.7683
c9bd0fa5-f732-49ad-96ea-fbdfda4ac95b	19	12428785	23861317	5928	-0.0281
c9bd0fa5-f732-49ad-96ea-fbdfda4ac95b	19	23861373	31513780	3213	-0.0662
c9bd0fa5-f732-49ad-96ea-fbdfda4ac95b	19	31515209	53021401	11613	-0.0312
c9bd0fa5-f732-49ad-96ea-fbdfda4ac95b	19	53022009	53041724	15	-0.5087
c9bd0fa5-f732-49ad-96ea-fbdfda4ac95b	19	53043602	57806073	2952	-0.0509
c9bd0fa5-f732-49ad-96ea-fbdfda4ac95b	19	57806347	57823077	9	0.5048
c9bd0fa5-f732-49ad-96ea-fbdfda4ac95b	19	57829543	58586487	416	-0.0453
c9bd0fa5-f732-49ad-96ea-fbdfda4ac95b	20	80664	1580276	1202	0.6867
c9bd0fa5-f732-49ad-96ea-fbdfda4ac95b	20	1580305	1609611	39	1.4631
c9bd0fa5-f732-49ad-96ea-fbdfda4ac95b	20	1609809	14615047	9788	0.7097
c9bd0fa5-f732-49ad-96ea-fbdfda4ac95b	20	14616133	14767912	106	0.3525
c9bd0fa5-f732-49ad-96ea-fbdfda4ac95b	20	14775377	14829057	65	-0.2403
c9bd0fa5-f732-49ad-96ea-fbdfda4ac95b	20	14829628	14858969	37	-0.788
c9bd0fa5-f732-49ad-96ea-fbdfda4ac95b	20	14863403	14889257	26	-0.1457
c9bd0fa5-f732-49ad-96ea-fbdfda4ac95b	20	14895244	14994049	104	-0.6954
c9bd0fa5-f732-49ad-96ea-fbdfda4ac95b	20	15001931	15105796	101	-1.1647
c9bd0fa5-f732-49ad-96ea-fbdfda4ac95b	20	15105940	15193795	79	-0.2877
c9bd0fa5-f732-49ad-96ea-fbdfda4ac95b	20	15199174	15230752	13	0.3671
c9bd0fa5-f732-49ad-96ea-fbdfda4ac95b	20	15230867	15275497	44	-0.0199
c9bd0fa5-f732-49ad-96ea-fbdfda4ac95b	20	15287076	15792756	497	0.3843
c9bd0fa5-f732-49ad-96ea-fbdfda4ac95b	20	15792926	16459799	659	0.9191
c9bd0fa5-f732-49ad-96ea-fbdfda4ac95b	20	16460547	22864763	5021	0.7239
c9bd0fa5-f732-49ad-96ea-fbdfda4ac95b	20	22865870	26229983	2205	0.6605
c9bd0fa5-f732-49ad-96ea-fbdfda4ac95b	20	26239500	31247668	87	0.4587
c9bd0fa5-f732-49ad-96ea-fbdfda4ac95b	20	31250815	37018364	2744	0.7033
c9bd0fa5-f732-49ad-96ea-fbdfda4ac95b	20	37023361	37093604	126	0.501
c9bd0fa5-f732-49ad-96ea-fbdfda4ac95b	20	37093618	41730880	3049	0.6915
c9bd0fa5-f732-49ad-96ea-fbdfda4ac95b	20	41731384	41731388	5	0.0053
c9bd0fa5-f732-49ad-96ea-fbdfda4ac95b	20	41732145	43278001	1397	0.6873
c9bd0fa5-f732-49ad-96ea-fbdfda4ac95b	20	43278645	45713700	1583	0.7174
c9bd0fa5-f732-49ad-96ea-fbdfda4ac95b	20	45719923	45752208	28	-0.1205
c9bd0fa5-f732-49ad-96ea-fbdfda4ac95b	20	45752976	54041178	5924	0.7057
c9bd0fa5-f732-49ad-96ea-fbdfda4ac95b	20	54041534	54041625	2	-0.5604
c9bd0fa5-f732-49ad-96ea-fbdfda4ac95b	20	54041980	64284215	7454	0.6932
c9bd0fa5-f732-49ad-96ea-fbdfda4ac95b	20	64284715	64324800	6	0.0534
c9bd0fa5-f732-49ad-96ea-fbdfda4ac95b	21	10354168	10459828	18	-0.0944
c9bd0fa5-f732-49ad-96ea-fbdfda4ac95b	21	10494350	10642546	63	0.4598
c9bd0fa5-f732-49ad-96ea-fbdfda4ac95b	21	10643703	18549951	3388	-0.031
c9bd0fa5-f732-49ad-96ea-fbdfda4ac95b	21	18551397	27386398	6824	-0.0742
c9bd0fa5-f732-49ad-96ea-fbdfda4ac95b	21	27386772	45428524	12856	-0.0426
c9bd0fa5-f732-49ad-96ea-fbdfda4ac95b	21	45428584	45635448	111	-0.2246
c9bd0fa5-f732-49ad-96ea-fbdfda4ac95b	21	45636828	46677045	610	-0.0668
c9bd0fa5-f732-49ad-96ea-fbdfda4ac95b	22	15294547	19408029	1431	-0.0567
c9bd0fa5-f732-49ad-96ea-fbdfda4ac95b	22	19411314	20792334	957	-0.1585
c9bd0fa5-f732-49ad-96ea-fbdfda4ac95b	22	20792388	22119654	733	-0.0823
c9bd0fa5-f732-49ad-96ea-fbdfda4ac95b	22	22120134	22120255	4	-2.2948
c9bd0fa5-f732-49ad-96ea-fbdfda4ac95b	22	22127104	22398127	333	-0.062
c9bd0fa5-f732-49ad-96ea-fbdfda4ac95b	22	22398345	22398545	4	-1.2684
c9bd0fa5-f732-49ad-96ea-fbdfda4ac95b	22	22402989	23987520	933	-0.1004
c9bd0fa5-f732-49ad-96ea-fbdfda4ac95b	22	23988078	23989773	2	-1.9998
c9bd0fa5-f732-49ad-96ea-fbdfda4ac95b	22	23990431	24022005	20	-0.2111
c9bd0fa5-f732-49ad-96ea-fbdfda4ac95b	22	24026280	47229214	16077	-0.0389
c9bd0fa5-f732-49ad-96ea-fbdfda4ac95b	22	47229610	50796027	2773	-0.1072
c9bd0fa5-f732-49ad-96ea-fbdfda4ac95b	X	251810	2748312	94	0.1391
c9bd0fa5-f732-49ad-96ea-fbdfda4ac95b	X	2785350	10406119	5802	-0.0029
c9bd0fa5-f732-49ad-96ea-fbdfda4ac95b	X	10407462	22101892	7120	0.0422
c9bd0fa5-f732-49ad-96ea-fbdfda4ac95b	X	22104272	22780555	616	-0.0393
c9bd0fa5-f732-49ad-96ea-fbdfda4ac95b	X	22784634	25239295	1677	0.0526
c9bd0fa5-f732-49ad-96ea-fbdfda4ac95b	X	25240404	36795465	7617	-0.0005
c9bd0fa5-f732-49ad-96ea-fbdfda4ac95b	X	36796197	55335832	9020	0.0448
c9bd0fa5-f732-49ad-96ea-fbdfda4ac95b	X	55338554	55355628	10	-0.8539
c9bd0fa5-f732-49ad-96ea-fbdfda4ac95b	X	55363937	55674826	133	0.0003
c9bd0fa5-f732-49ad-96ea-fbdfda4ac95b	X	55676226	55681123	3	-1.7362
c9bd0fa5-f732-49ad-96ea-fbdfda4ac95b	X	55681253	56428886	374	0.0086
c9bd0fa5-f732-49ad-96ea-fbdfda4ac95b	X	56431373	56485756	24	1.2646
c9bd0fa5-f732-49ad-96ea-fbdfda4ac95b	X	56489321	78213295	7488	0.0437
c9bd0fa5-f732-49ad-96ea-fbdfda4ac95b	X	78215449	117434481	21037	0.0095
c9bd0fa5-f732-49ad-96ea-fbdfda4ac95b	X	117434866	124483160	4223	0.0479
c9bd0fa5-f732-49ad-96ea-fbdfda4ac95b	X	124487661	127812827	1941	-0.02
c9bd0fa5-f732-49ad-96ea-fbdfda4ac95b	X	127813095	128186775	207	0.0441
c9bd0fa5-f732-49ad-96ea-fbdfda4ac95b	X	128198455	128256194	18	-0.8173
c9bd0fa5-f732-49ad-96ea-fbdfda4ac95b	X	128257124	129357050	632	0.0163
c9bd0fa5-f732-49ad-96ea-fbdfda4ac95b	X	129357474	129434884	41	0.5114
c9bd0fa5-f732-49ad-96ea-fbdfda4ac95b	X	129439248	135293993	3003	0.0403
c9bd0fa5-f732-49ad-96ea-fbdfda4ac95b	X	135294131	153569278	11669	-0.0114
c9bd0fa5-f732-49ad-96ea-fbdfda4ac95b	X	153572273	155952689	860	0.0379
c9bd0fa5-f732-49ad-96ea-fbdfda4ac95b	Y	2782397	56872112	6633	-2.1471
