GDC_Aliquot	Chromosome	Start	End	Num_Probes	Segment_Mean
a19cdc6f-f4f2-4f43-a48d-fcdf4a720faf	1	62920	16489035	8630	0.0429
a19cdc6f-f4f2-4f43-a48d-fcdf4a720faf	1	16489595	16689764	45	-0.1684
a19cdc6f-f4f2-4f43-a48d-fcdf4a720faf	1	16718963	16721984	6	-0.5635
a19cdc6f-f4f2-4f43-a48d-fcdf4a720faf	1	16766762	16855942	14	0.0096
a19cdc6f-f4f2-4f43-a48d-fcdf4a720faf	1	16863509	16935737	54	-0.5179
a19cdc6f-f4f2-4f43-a48d-fcdf4a720faf	1	16935752	25256850	5258	0.0381
a19cdc6f-f4f2-4f43-a48d-fcdf4a720faf	1	25266637	25320455	24	-2.3742
a19cdc6f-f4f2-4f43-a48d-fcdf4a720faf	1	25336819	34626073	4948	0.0264
a19cdc6f-f4f2-4f43-a48d-fcdf4a720faf	1	34637053	34638890	20	-0.7177
a19cdc6f-f4f2-4f43-a48d-fcdf4a720faf	1	34648667	103614695	43790	0.0297
a19cdc6f-f4f2-4f43-a48d-fcdf4a720faf	1	103614714	103621165	6	-1.2771
a19cdc6f-f4f2-4f43-a48d-fcdf4a720faf	1	103697067	105470754	919	0.0148
a19cdc6f-f4f2-4f43-a48d-fcdf4a720faf	1	105476583	105479738	16	-0.5129
a19cdc6f-f4f2-4f43-a48d-fcdf4a720faf	1	105479753	109679105	2633	0.0252
a19cdc6f-f4f2-4f43-a48d-fcdf4a720faf	1	109684695	109697556	15	0.5933
a19cdc6f-f4f2-4f43-a48d-fcdf4a720faf	1	109702376	110833598	836	0.0364
a19cdc6f-f4f2-4f43-a48d-fcdf4a720faf	1	110834746	110845604	39	-0.6876
a19cdc6f-f4f2-4f43-a48d-fcdf4a720faf	1	110849445	112147704	1071	0.0366
a19cdc6f-f4f2-4f43-a48d-fcdf4a720faf	1	112153343	112154619	23	0.5407
a19cdc6f-f4f2-4f43-a48d-fcdf4a720faf	1	112154754	120414592	5060	0.0266
a19cdc6f-f4f2-4f43-a48d-fcdf4a720faf	1	120885464	120954128	3	1.3839
a19cdc6f-f4f2-4f43-a48d-fcdf4a720faf	1	120954165	152583051	2533	0.0403
a19cdc6f-f4f2-4f43-a48d-fcdf4a720faf	1	152583230	152614118	35	-2.0739
a19cdc6f-f4f2-4f43-a48d-fcdf4a720faf	1	152618018	152787202	167	0.0313
a19cdc6f-f4f2-4f43-a48d-fcdf4a720faf	1	152789447	152796224	37	-1.8234
a19cdc6f-f4f2-4f43-a48d-fcdf4a720faf	1	152801429	161648901	5261	0.0261
a19cdc6f-f4f2-4f43-a48d-fcdf4a720faf	1	161649069	161649268	6	-0.9801
a19cdc6f-f4f2-4f43-a48d-fcdf4a720faf	1	161678447	174827267	9515	0.023
a19cdc6f-f4f2-4f43-a48d-fcdf4a720faf	1	174827418	174832702	16	-0.7799
a19cdc6f-f4f2-4f43-a48d-fcdf4a720faf	1	174832716	199142393	16060	0.0217
a19cdc6f-f4f2-4f43-a48d-fcdf4a720faf	1	199142562	199143883	5	-0.9625
a19cdc6f-f4f2-4f43-a48d-fcdf4a720faf	1	199144712	209897717	7397	0.0303
a19cdc6f-f4f2-4f43-a48d-fcdf4a720faf	1	209908268	209913207	4	-1.2075
a19cdc6f-f4f2-4f43-a48d-fcdf4a720faf	1	209920149	212831113	1943	0.0204
a19cdc6f-f4f2-4f43-a48d-fcdf4a720faf	1	212831670	212841111	8	-0.8996
a19cdc6f-f4f2-4f43-a48d-fcdf4a720faf	1	212847437	248436996	24845	0.029
a19cdc6f-f4f2-4f43-a48d-fcdf4a720faf	1	248437495	248473963	13	0.7241
a19cdc6f-f4f2-4f43-a48d-fcdf4a720faf	1	248475325	248574146	17	-0.096
a19cdc6f-f4f2-4f43-a48d-fcdf4a720faf	1	248585893	248645808	34	-2.512
a19cdc6f-f4f2-4f43-a48d-fcdf4a720faf	1	248646068	248930189	139	0.0969
a19cdc6f-f4f2-4f43-a48d-fcdf4a720faf	2	12784	14563570	11031	0.0356
a19cdc6f-f4f2-4f43-a48d-fcdf4a720faf	2	14564825	14569968	12	-0.8063
a19cdc6f-f4f2-4f43-a48d-fcdf4a720faf	2	14570240	34466002	13021	0.0369
a19cdc6f-f4f2-4f43-a48d-fcdf4a720faf	2	34476327	34511990	45	0.7379
a19cdc6f-f4f2-4f43-a48d-fcdf4a720faf	2	34512096	35750907	871	0.0588
a19cdc6f-f4f2-4f43-a48d-fcdf4a720faf	2	35752724	35762881	7	1.0361
a19cdc6f-f4f2-4f43-a48d-fcdf4a720faf	2	35772407	52527330	12105	0.0397
a19cdc6f-f4f2-4f43-a48d-fcdf4a720faf	2	52527342	52527743	6	-1.5276
a19cdc6f-f4f2-4f43-a48d-fcdf4a720faf	2	52531615	242147305	112269	0.0375
a19cdc6f-f4f2-4f43-a48d-fcdf4a720faf	3	20930	2678777	2294	0.0993
a19cdc6f-f4f2-4f43-a48d-fcdf4a720faf	3	2680455	5560699	2585	0.0389
a19cdc6f-f4f2-4f43-a48d-fcdf4a720faf	3	5561141	6899757	1182	0.0797
a19cdc6f-f4f2-4f43-a48d-fcdf4a720faf	3	6899986	17935337	7870	0.0296
a19cdc6f-f4f2-4f43-a48d-fcdf4a720faf	3	17940709	25714222	5496	-0.0156
a19cdc6f-f4f2-4f43-a48d-fcdf4a720faf	3	25714507	29395914	2486	0.0236
a19cdc6f-f4f2-4f43-a48d-fcdf4a720faf	3	29396150	29397082	5	-1.2934
a19cdc6f-f4f2-4f43-a48d-fcdf4a720faf	3	29397969	38239798	5864	0.0258
a19cdc6f-f4f2-4f43-a48d-fcdf4a720faf	3	38243794	39652079	975	0.0463
a19cdc6f-f4f2-4f43-a48d-fcdf4a720faf	3	39652660	42162815	1591	-0.8113
a19cdc6f-f4f2-4f43-a48d-fcdf4a720faf	3	42166013	44603982	1397	0.0319
a19cdc6f-f4f2-4f43-a48d-fcdf4a720faf	3	44611019	49013547	2306	-0.8233
a19cdc6f-f4f2-4f43-a48d-fcdf4a720faf	3	49017246	59882471	6360	0.0269
a19cdc6f-f4f2-4f43-a48d-fcdf4a720faf	3	59883644	60707099	983	0.0891
a19cdc6f-f4f2-4f43-a48d-fcdf4a720faf	3	60707127	60707165	2	-1.6556
a19cdc6f-f4f2-4f43-a48d-fcdf4a720faf	3	60708618	68697013	6335	0.0349
a19cdc6f-f4f2-4f43-a48d-fcdf4a720faf	3	68697108	68698262	14	-1.8245
a19cdc6f-f4f2-4f43-a48d-fcdf4a720faf	3	68699607	68892300	181	0.0202
a19cdc6f-f4f2-4f43-a48d-fcdf4a720faf	3	68896070	68896537	3	-0.7253
a19cdc6f-f4f2-4f43-a48d-fcdf4a720faf	3	68897765	68979124	55	0.0153
a19cdc6f-f4f2-4f43-a48d-fcdf4a720faf	3	68979940	68980218	3	-0.9752
a19cdc6f-f4f2-4f43-a48d-fcdf4a720faf	3	68980857	75372019	4620	0.0266
a19cdc6f-f4f2-4f43-a48d-fcdf4a720faf	3	75377956	75499583	54	-0.6829
a19cdc6f-f4f2-4f43-a48d-fcdf4a720faf	3	75500567	98180575	10380	0.025
a19cdc6f-f4f2-4f43-a48d-fcdf4a720faf	3	98189826	98194581	3	-2.0467
a19cdc6f-f4f2-4f43-a48d-fcdf4a720faf	3	98195973	112380800	8559	0.0303
a19cdc6f-f4f2-4f43-a48d-fcdf4a720faf	3	112384674	112394487	27	-0.8458
a19cdc6f-f4f2-4f43-a48d-fcdf4a720faf	3	112395969	116169322	2240	0.0248
a19cdc6f-f4f2-4f43-a48d-fcdf4a720faf	3	116177403	117083464	750	-0.7557
a19cdc6f-f4f2-4f43-a48d-fcdf4a720faf	3	117083713	117757553	496	0.0332
a19cdc6f-f4f2-4f43-a48d-fcdf4a720faf	3	117760367	117763840	4	-0.8052
a19cdc6f-f4f2-4f43-a48d-fcdf4a720faf	3	117768724	118087356	223	0.0228
a19cdc6f-f4f2-4f43-a48d-fcdf4a720faf	3	118090714	118558674	306	0.5205
a19cdc6f-f4f2-4f43-a48d-fcdf4a720faf	3	118559381	118613613	29	-0.0196
a19cdc6f-f4f2-4f43-a48d-fcdf4a720faf	3	118616322	119278221	374	0.5439
a19cdc6f-f4f2-4f43-a48d-fcdf4a720faf	3	119285467	130044016	6308	0.033
a19cdc6f-f4f2-4f43-a48d-fcdf4a720faf	3	130044855	130087393	38	0.5164
a19cdc6f-f4f2-4f43-a48d-fcdf4a720faf	3	130088081	143237217	8089	0.0325
a19cdc6f-f4f2-4f43-a48d-fcdf4a720faf	3	143237521	143240947	2	-1.5117
a19cdc6f-f4f2-4f43-a48d-fcdf4a720faf	3	143241431	162790480	12156	0.0282
a19cdc6f-f4f2-4f43-a48d-fcdf4a720faf	3	162794869	162898127	64	0.6618
a19cdc6f-f4f2-4f43-a48d-fcdf4a720faf	3	162906054	193160113	19148	0.0265
a19cdc6f-f4f2-4f43-a48d-fcdf4a720faf	3	193160173	193165114	19	-1.7294
a19cdc6f-f4f2-4f43-a48d-fcdf4a720faf	3	193168646	198169247	2689	0.0389
a19cdc6f-f4f2-4f43-a48d-fcdf4a720faf	4	68929	5315008	2528	0.028
a19cdc6f-f4f2-4f43-a48d-fcdf4a720faf	4	5318059	5321568	3	-1.1997
a19cdc6f-f4f2-4f43-a48d-fcdf4a720faf	4	5322472	10212536	3174	0.0469
a19cdc6f-f4f2-4f43-a48d-fcdf4a720faf	4	10221792	10233558	34	-0.7716
a19cdc6f-f4f2-4f43-a48d-fcdf4a720faf	4	10233644	25932598	11456	0.0284
a19cdc6f-f4f2-4f43-a48d-fcdf4a720faf	4	25933118	26417016	326	-0.8063
a19cdc6f-f4f2-4f43-a48d-fcdf4a720faf	4	26417102	32398929	3832	0.0302
a19cdc6f-f4f2-4f43-a48d-fcdf4a720faf	4	32398943	32398961	2	-1.728
a19cdc6f-f4f2-4f43-a48d-fcdf4a720faf	4	32398977	34777238	1336	0.0102
a19cdc6f-f4f2-4f43-a48d-fcdf4a720faf	4	34777340	34822561	43	-0.565
a19cdc6f-f4f2-4f43-a48d-fcdf4a720faf	4	34823103	49508382	8971	0.023
a19cdc6f-f4f2-4f43-a48d-fcdf4a720faf	4	49509185	49654496	12	-0.7943
a19cdc6f-f4f2-4f43-a48d-fcdf4a720faf	4	49654578	61071220	6057	0.0316
a19cdc6f-f4f2-4f43-a48d-fcdf4a720faf	4	61075217	61076234	2	-1.6173
a19cdc6f-f4f2-4f43-a48d-fcdf4a720faf	4	61079968	62802116	937	0.0377
a19cdc6f-f4f2-4f43-a48d-fcdf4a720faf	4	62804218	62805944	8	-2.225
a19cdc6f-f4f2-4f43-a48d-fcdf4a720faf	4	62813912	68394833	3437	0.0232
a19cdc6f-f4f2-4f43-a48d-fcdf4a720faf	4	68395346	68422424	6	0.9698
a19cdc6f-f4f2-4f43-a48d-fcdf4a720faf	4	68429081	68506285	12	0.028
a19cdc6f-f4f2-4f43-a48d-fcdf4a720faf	4	68509223	68569706	29	0.621
a19cdc6f-f4f2-4f43-a48d-fcdf4a720faf	4	68569894	68620261	36	1.1832
a19cdc6f-f4f2-4f43-a48d-fcdf4a720faf	4	68623617	69257792	315	0.0759
a19cdc6f-f4f2-4f43-a48d-fcdf4a720faf	4	69261926	69366406	56	-0.7067
a19cdc6f-f4f2-4f43-a48d-fcdf4a720faf	4	69370433	101090285	19355	0.0178
a19cdc6f-f4f2-4f43-a48d-fcdf4a720faf	4	101092708	101122453	19	-0.8369
a19cdc6f-f4f2-4f43-a48d-fcdf4a720faf	4	101134879	131018350	17874	-0.0076
a19cdc6f-f4f2-4f43-a48d-fcdf4a720faf	4	131019052	131437038	206	0.6053
a19cdc6f-f4f2-4f43-a48d-fcdf4a720faf	4	131440551	137163953	3089	0.0173
a19cdc6f-f4f2-4f43-a48d-fcdf4a720faf	4	137168393	137173967	20	-0.6205
a19cdc6f-f4f2-4f43-a48d-fcdf4a720faf	4	137187209	156380587	11846	0.0152
a19cdc6f-f4f2-4f43-a48d-fcdf4a720faf	4	156384225	156384770	12	-0.6388
a19cdc6f-f4f2-4f43-a48d-fcdf4a720faf	4	156386889	157674952	805	0.0147
a19cdc6f-f4f2-4f43-a48d-fcdf4a720faf	4	157675373	157675602	2	-1.1024
a19cdc6f-f4f2-4f43-a48d-fcdf4a720faf	4	157680417	160958989	2023	0.0144
a19cdc6f-f4f2-4f43-a48d-fcdf4a720faf	4	160959045	160963756	18	-0.5738
a19cdc6f-f4f2-4f43-a48d-fcdf4a720faf	4	160963767	171448195	6658	0.0219
a19cdc6f-f4f2-4f43-a48d-fcdf4a720faf	4	171453733	171456573	11	1.7935
a19cdc6f-f4f2-4f43-a48d-fcdf4a720faf	4	171456625	172501371	641	0.0215
a19cdc6f-f4f2-4f43-a48d-fcdf4a720faf	4	172503796	172519981	8	-0.7459
a19cdc6f-f4f2-4f43-a48d-fcdf4a720faf	4	172532557	173105689	306	0.0246
a19cdc6f-f4f2-4f43-a48d-fcdf4a720faf	4	173107538	173141130	27	-0.8342
a19cdc6f-f4f2-4f43-a48d-fcdf4a720faf	4	173143216	173546535	205	-0.0008
a19cdc6f-f4f2-4f43-a48d-fcdf4a720faf	4	173555352	173582864	17	-0.8071
a19cdc6f-f4f2-4f43-a48d-fcdf4a720faf	4	173587054	190106768	11274	0.0348
a19cdc6f-f4f2-4f43-a48d-fcdf4a720faf	5	15532	685633	306	0.0376
a19cdc6f-f4f2-4f43-a48d-fcdf4a720faf	5	698256	779766	28	0.4806
a19cdc6f-f4f2-4f43-a48d-fcdf4a720faf	5	800724	12815668	9848	0.0283
a19cdc6f-f4f2-4f43-a48d-fcdf4a720faf	5	12815753	12838421	13	-1.51
a19cdc6f-f4f2-4f43-a48d-fcdf4a720faf	5	12849089	15718383	1965	0.0224
a19cdc6f-f4f2-4f43-a48d-fcdf4a720faf	5	15719113	15720369	10	-0.7064
a19cdc6f-f4f2-4f43-a48d-fcdf4a720faf	5	15720488	17601444	1192	0.0212
a19cdc6f-f4f2-4f43-a48d-fcdf4a720faf	5	17601619	17625524	10	-0.7904
a19cdc6f-f4f2-4f43-a48d-fcdf4a720faf	5	17629411	26789387	5460	0.022
a19cdc6f-f4f2-4f43-a48d-fcdf4a720faf	5	26797651	26797735	2	-2.0689
a19cdc6f-f4f2-4f43-a48d-fcdf4a720faf	5	26803775	53106218	13533	0.0243
a19cdc6f-f4f2-4f43-a48d-fcdf4a720faf	5	53108689	53109452	2	-3.9456
a19cdc6f-f4f2-4f43-a48d-fcdf4a720faf	5	53113609	55417193	1595	0.0338
a19cdc6f-f4f2-4f43-a48d-fcdf4a720faf	5	55419696	58279115	1978	-0.8401
a19cdc6f-f4f2-4f43-a48d-fcdf4a720faf	5	58280919	58965702	508	0.0182
a19cdc6f-f4f2-4f43-a48d-fcdf4a720faf	5	58970602	58970957	4	-1.2858
a19cdc6f-f4f2-4f43-a48d-fcdf4a720faf	5	58970969	59789803	672	0.0188
a19cdc6f-f4f2-4f43-a48d-fcdf4a720faf	5	59791415	62460622	1553	-0.8393
a19cdc6f-f4f2-4f43-a48d-fcdf4a720faf	5	62465551	104515520	23868	0.0154
a19cdc6f-f4f2-4f43-a48d-fcdf4a720faf	5	104524672	104524903	4	-1.5032
a19cdc6f-f4f2-4f43-a48d-fcdf4a720faf	5	104525348	105572744	737	0.0091
a19cdc6f-f4f2-4f43-a48d-fcdf4a720faf	5	105575767	114557625	6024	-0.8475
a19cdc6f-f4f2-4f43-a48d-fcdf4a720faf	5	114558305	114816499	200	0.0272
a19cdc6f-f4f2-4f43-a48d-fcdf4a720faf	5	114822797	114824471	5	-0.8372
a19cdc6f-f4f2-4f43-a48d-fcdf4a720faf	5	114829664	114834120	6	-0.0031
a19cdc6f-f4f2-4f43-a48d-fcdf4a720faf	5	114835651	115015007	92	-0.9003
a19cdc6f-f4f2-4f43-a48d-fcdf4a720faf	5	115022026	115575868	401	0.005
a19cdc6f-f4f2-4f43-a48d-fcdf4a720faf	5	115576666	123271441	5276	-0.8472
a19cdc6f-f4f2-4f43-a48d-fcdf4a720faf	5	123271462	123675349	229	0.0161
a19cdc6f-f4f2-4f43-a48d-fcdf4a720faf	5	123681444	124926358	847	-0.8624
a19cdc6f-f4f2-4f43-a48d-fcdf4a720faf	5	124934229	181363319	36342	0.0142
a19cdc6f-f4f2-4f43-a48d-fcdf4a720faf	6	149661	302306	125	0.0274
a19cdc6f-f4f2-4f43-a48d-fcdf4a720faf	6	303017	384109	80	0.2755
a19cdc6f-f4f2-4f43-a48d-fcdf4a720faf	6	384521	31309909	22109	0.024
a19cdc6f-f4f2-4f43-a48d-fcdf4a720faf	6	31313046	31328674	12	-1.6284
a19cdc6f-f4f2-4f43-a48d-fcdf4a720faf	6	31342147	32507164	508	0.0657
a19cdc6f-f4f2-4f43-a48d-fcdf4a720faf	6	32510338	32658841	55	-0.444
a19cdc6f-f4f2-4f43-a48d-fcdf4a720faf	6	32682835	66328153	19062	0.027
a19cdc6f-f4f2-4f43-a48d-fcdf4a720faf	6	66331020	66333004	6	-2.5393
a19cdc6f-f4f2-4f43-a48d-fcdf4a720faf	6	66333299	68976737	1865	0.029
a19cdc6f-f4f2-4f43-a48d-fcdf4a720faf	6	68977806	68981476	4	-0.9729
a19cdc6f-f4f2-4f43-a48d-fcdf4a720faf	6	68987514	71300455	1461	0.0215
a19cdc6f-f4f2-4f43-a48d-fcdf4a720faf	6	71301260	73162553	1259	-0.0472
a19cdc6f-f4f2-4f43-a48d-fcdf4a720faf	6	73165532	73882142	420	0.0369
a19cdc6f-f4f2-4f43-a48d-fcdf4a720faf	6	73882509	73891694	10	0.7686
a19cdc6f-f4f2-4f43-a48d-fcdf4a720faf	6	73893839	76305231	1469	0.0188
a19cdc6f-f4f2-4f43-a48d-fcdf4a720faf	6	76307183	76307209	3	-1.1826
a19cdc6f-f4f2-4f43-a48d-fcdf4a720faf	6	76307276	76726815	296	0.0186
a19cdc6f-f4f2-4f43-a48d-fcdf4a720faf	6	76730151	76743040	21	-0.74
a19cdc6f-f4f2-4f43-a48d-fcdf4a720faf	6	76751356	78253172	975	0.0211
a19cdc6f-f4f2-4f43-a48d-fcdf4a720faf	6	78259348	78325468	111	0.5478
a19cdc6f-f4f2-4f43-a48d-fcdf4a720faf	6	78329517	106064711	17228	0.0252
a19cdc6f-f4f2-4f43-a48d-fcdf4a720faf	6	106064905	110239066	2590	-0.0402
a19cdc6f-f4f2-4f43-a48d-fcdf4a720faf	6	110241623	111335948	650	0.0249
a19cdc6f-f4f2-4f43-a48d-fcdf4a720faf	6	111340793	114039407	1791	-0.0523
a19cdc6f-f4f2-4f43-a48d-fcdf4a720faf	6	114040242	125861617	7121	0.0211
a19cdc6f-f4f2-4f43-a48d-fcdf4a720faf	6	125862546	125865048	2	-2.7513
a19cdc6f-f4f2-4f43-a48d-fcdf4a720faf	6	125865630	133945130	5176	0.0116
a19cdc6f-f4f2-4f43-a48d-fcdf4a720faf	6	133947933	133948494	2	1.5572
a19cdc6f-f4f2-4f43-a48d-fcdf4a720faf	6	133950934	149705830	10264	0.0164
a19cdc6f-f4f2-4f43-a48d-fcdf4a720faf	6	149708053	152252591	1894	-0.0375
a19cdc6f-f4f2-4f43-a48d-fcdf4a720faf	6	152253758	157708683	3677	0.0142
a19cdc6f-f4f2-4f43-a48d-fcdf4a720faf	6	157708942	158982195	808	-0.0659
a19cdc6f-f4f2-4f43-a48d-fcdf4a720faf	6	158986494	165603265	5049	0.0259
a19cdc6f-f4f2-4f43-a48d-fcdf4a720faf	6	165603312	167041414	1176	-0.0495
a19cdc6f-f4f2-4f43-a48d-fcdf4a720faf	6	167041482	170741917	2197	0.0009
a19cdc6f-f4f2-4f43-a48d-fcdf4a720faf	7	43355	16556132	11311	0.0629
a19cdc6f-f4f2-4f43-a48d-fcdf4a720faf	7	16557026	16557233	3	-1.6549
a19cdc6f-f4f2-4f43-a48d-fcdf4a720faf	7	16557815	18856245	1788	0.0637
a19cdc6f-f4f2-4f43-a48d-fcdf4a720faf	7	18857730	19718482	901	0.1057
a19cdc6f-f4f2-4f43-a48d-fcdf4a720faf	7	19718739	54318812	24430	0.0445
a19cdc6f-f4f2-4f43-a48d-fcdf4a720faf	7	54318816	54318821	4	4.8035
a19cdc6f-f4f2-4f43-a48d-fcdf4a720faf	7	54318824	62663696	2114	0.0294
a19cdc6f-f4f2-4f43-a48d-fcdf4a720faf	7	62695960	62701896	17	-0.5765
a19cdc6f-f4f2-4f43-a48d-fcdf4a720faf	7	62720732	76426530	6123	0.0421
a19cdc6f-f4f2-4f43-a48d-fcdf4a720faf	7	76443274	76977495	179	-0.8595
a19cdc6f-f4f2-4f43-a48d-fcdf4a720faf	7	77080295	88035924	7121	0.0256
a19cdc6f-f4f2-4f43-a48d-fcdf4a720faf	7	88041426	88043077	17	-0.863
a19cdc6f-f4f2-4f43-a48d-fcdf4a720faf	7	88043631	134100424	27601	0.0279
a19cdc6f-f4f2-4f43-a48d-fcdf4a720faf	7	134100442	134110881	25	-2.6624
a19cdc6f-f4f2-4f43-a48d-fcdf4a720faf	7	134110912	134114444	11	-0.6408
a19cdc6f-f4f2-4f43-a48d-fcdf4a720faf	7	134121491	142070732	5197	0.0335
a19cdc6f-f4f2-4f43-a48d-fcdf4a720faf	7	142070827	142092307	27	-0.634
a19cdc6f-f4f2-4f43-a48d-fcdf4a720faf	7	142099190	142804120	449	0.1188
a19cdc6f-f4f2-4f43-a48d-fcdf4a720faf	7	142804157	154026183	6733	0.0343
a19cdc6f-f4f2-4f43-a48d-fcdf4a720faf	7	154027391	154031060	3	-1.3656
a19cdc6f-f4f2-4f43-a48d-fcdf4a720faf	7	154037238	154598185	436	0.0588
a19cdc6f-f4f2-4f43-a48d-fcdf4a720faf	7	154601461	154607903	4	0.9688
a19cdc6f-f4f2-4f43-a48d-fcdf4a720faf	7	154609120	159334314	3233	0.0391
a19cdc6f-f4f2-4f43-a48d-fcdf4a720faf	8	81254	162796	2	0.6941
a19cdc6f-f4f2-4f43-a48d-fcdf4a720faf	8	163380	6236931	6707	-0.7463
a19cdc6f-f4f2-4f43-a48d-fcdf4a720faf	8	6240723	6245327	3	-0.2051
a19cdc6f-f4f2-4f43-a48d-fcdf4a720faf	8	6246072	6493386	325	0.5016
a19cdc6f-f4f2-4f43-a48d-fcdf4a720faf	8	6493535	6968330	572	0.037
a19cdc6f-f4f2-4f43-a48d-fcdf4a720faf	8	6968741	6969664	11	-0.6446
a19cdc6f-f4f2-4f43-a48d-fcdf4a720faf	8	6969677	12323772	3389	0.0462
a19cdc6f-f4f2-4f43-a48d-fcdf4a720faf	8	12358500	12383679	14	-1.1502
a19cdc6f-f4f2-4f43-a48d-fcdf4a720faf	8	12383996	12387683	8	-0.0253
a19cdc6f-f4f2-4f43-a48d-fcdf4a720faf	8	12387748	12519969	13	-0.5829
a19cdc6f-f4f2-4f43-a48d-fcdf4a720faf	8	12545544	17434774	4372	0.0387
a19cdc6f-f4f2-4f43-a48d-fcdf4a720faf	8	17434957	25114672	6017	-0.8269
a19cdc6f-f4f2-4f43-a48d-fcdf4a720faf	8	25116928	25126818	27	-0.1617
a19cdc6f-f4f2-4f43-a48d-fcdf4a720faf	8	25133589	32353734	5019	-0.8176
a19cdc6f-f4f2-4f43-a48d-fcdf4a720faf	8	32356607	32356801	2	-2.414
a19cdc6f-f4f2-4f43-a48d-fcdf4a720faf	8	32357017	32821348	392	-0.801
a19cdc6f-f4f2-4f43-a48d-fcdf4a720faf	8	32825580	32830685	7	0.1076
a19cdc6f-f4f2-4f43-a48d-fcdf4a720faf	8	32830895	39373140	3569	-0.7961
a19cdc6f-f4f2-4f43-a48d-fcdf4a720faf	8	39378084	39529446	59	0.0851
a19cdc6f-f4f2-4f43-a48d-fcdf4a720faf	8	39530780	41192561	1248	-0.8128
a19cdc6f-f4f2-4f43-a48d-fcdf4a720faf	8	41196737	41196748	2	-3.7856
a19cdc6f-f4f2-4f43-a48d-fcdf4a720faf	8	41200481	42040342	512	-0.7869
a19cdc6f-f4f2-4f43-a48d-fcdf4a720faf	8	42042099	50119451	2818	0.0304
a19cdc6f-f4f2-4f43-a48d-fcdf4a720faf	8	50119464	50120863	8	-0.6569
a19cdc6f-f4f2-4f43-a48d-fcdf4a720faf	8	50126018	50663382	352	0.0229
a19cdc6f-f4f2-4f43-a48d-fcdf4a720faf	8	50664108	57205493	4242	0.4969
a19cdc6f-f4f2-4f43-a48d-fcdf4a720faf	8	57215241	57217466	2	-1.0616
a19cdc6f-f4f2-4f43-a48d-fcdf4a720faf	8	57220239	59698415	1729	0.4915
a19cdc6f-f4f2-4f43-a48d-fcdf4a720faf	8	59712125	60057014	197	-0.0203
a19cdc6f-f4f2-4f43-a48d-fcdf4a720faf	8	60061058	69295362	5570	0.5013
a19cdc6f-f4f2-4f43-a48d-fcdf4a720faf	8	69295681	69296082	6	-0.284
a19cdc6f-f4f2-4f43-a48d-fcdf4a720faf	8	69299337	111279265	25297	0.4947
a19cdc6f-f4f2-4f43-a48d-fcdf4a720faf	8	111282050	111283031	10	-2.0417
a19cdc6f-f4f2-4f43-a48d-fcdf4a720faf	8	111288052	133158243	14887	0.4933
a19cdc6f-f4f2-4f43-a48d-fcdf4a720faf	8	133160540	133160903	7	-0.6168
a19cdc6f-f4f2-4f43-a48d-fcdf4a720faf	8	133160993	141563374	6552	0.5064
a19cdc6f-f4f2-4f43-a48d-fcdf4a720faf	8	141563465	142245221	437	0.5923
a19cdc6f-f4f2-4f43-a48d-fcdf4a720faf	8	142245460	143520527	478	0.5078
a19cdc6f-f4f2-4f43-a48d-fcdf4a720faf	8	143524975	145072769	541	0.0378
a19cdc6f-f4f2-4f43-a48d-fcdf4a720faf	9	46587	12619065	11740	0.0372
a19cdc6f-f4f2-4f43-a48d-fcdf4a720faf	9	12619365	23363117	8665	0.0102
a19cdc6f-f4f2-4f43-a48d-fcdf4a720faf	9	23363935	23373486	7	1.1855
a19cdc6f-f4f2-4f43-a48d-fcdf4a720faf	9	23378490	39547492	10732	0.0183
a19cdc6f-f4f2-4f43-a48d-fcdf4a720faf	9	39588611	40228981	11	0.6835
a19cdc6f-f4f2-4f43-a48d-fcdf4a720faf	9	40229601	73074641	3896	-0.0071
a19cdc6f-f4f2-4f43-a48d-fcdf4a720faf	9	73077380	86536113	9508	0.4834
a19cdc6f-f4f2-4f43-a48d-fcdf4a720faf	9	86540532	86541148	2	-1.1798
a19cdc6f-f4f2-4f43-a48d-fcdf4a720faf	9	86541951	135319522	33758	0.4825
a19cdc6f-f4f2-4f43-a48d-fcdf4a720faf	9	135322259	135323776	2	-2.1534
a19cdc6f-f4f2-4f43-a48d-fcdf4a720faf	9	135324566	137358495	699	0.4918
a19cdc6f-f4f2-4f43-a48d-fcdf4a720faf	9	137361190	137361381	3	-0.5865
a19cdc6f-f4f2-4f43-a48d-fcdf4a720faf	9	137378551	138180377	404	0.4777
a19cdc6f-f4f2-4f43-a48d-fcdf4a720faf	9	138181102	138200944	3	-0.111
a19cdc6f-f4f2-4f43-a48d-fcdf4a720faf	10	45792	57400977	38792	0.037
a19cdc6f-f4f2-4f43-a48d-fcdf4a720faf	10	57406782	57443289	32	-0.7433
a19cdc6f-f4f2-4f43-a48d-fcdf4a720faf	10	57450745	57451013	4	-2.5594
a19cdc6f-f4f2-4f43-a48d-fcdf4a720faf	10	57458735	58147945	529	-0.7777
a19cdc6f-f4f2-4f43-a48d-fcdf4a720faf	10	58152374	65546518	5028	0.0475
a19cdc6f-f4f2-4f43-a48d-fcdf4a720faf	10	65548165	65554672	27	-2.2167
a19cdc6f-f4f2-4f43-a48d-fcdf4a720faf	10	65554688	81121574	10104	0.0598
a19cdc6f-f4f2-4f43-a48d-fcdf4a720faf	10	81122049	81130027	9	-1.0847
a19cdc6f-f4f2-4f43-a48d-fcdf4a720faf	10	81134713	86402925	3945	0.0476
a19cdc6f-f4f2-4f43-a48d-fcdf4a720faf	10	86403494	87357543	385	-0.768
a19cdc6f-f4f2-4f43-a48d-fcdf4a720faf	10	87371433	87554203	63	-2.5258
a19cdc6f-f4f2-4f43-a48d-fcdf4a720faf	10	87554669	87709196	118	-4.429
a19cdc6f-f4f2-4f43-a48d-fcdf4a720faf	10	87709213	87861304	95	-3.2019
a19cdc6f-f4f2-4f43-a48d-fcdf4a720faf	10	87866697	87872646	28	-1.8069
a19cdc6f-f4f2-4f43-a48d-fcdf4a720faf	10	87872765	87883103	9	-0.3934
a19cdc6f-f4f2-4f43-a48d-fcdf4a720faf	10	87883257	87889858	8	-1.8757
a19cdc6f-f4f2-4f43-a48d-fcdf4a720faf	10	87889913	87891939	7	-0.5974
a19cdc6f-f4f2-4f43-a48d-fcdf4a720faf	10	87892112	87897393	10	-1.9401
a19cdc6f-f4f2-4f43-a48d-fcdf4a720faf	10	87898118	87902349	10	-0.65
a19cdc6f-f4f2-4f43-a48d-fcdf4a720faf	10	87902461	87979505	138	-1.8502
a19cdc6f-f4f2-4f43-a48d-fcdf4a720faf	10	87981202	88553572	378	-3.7814
a19cdc6f-f4f2-4f43-a48d-fcdf4a720faf	10	88570165	91860348	2339	-0.8073
a19cdc6f-f4f2-4f43-a48d-fcdf4a720faf	10	91860958	92881179	464	0.0505
a19cdc6f-f4f2-4f43-a48d-fcdf4a720faf	10	92887160	93519749	441	-0.8115
a19cdc6f-f4f2-4f43-a48d-fcdf4a720faf	10	93523027	133654968	27618	0.0417
a19cdc6f-f4f2-4f43-a48d-fcdf4a720faf	11	198510	3465494	1295	0.0338
a19cdc6f-f4f2-4f43-a48d-fcdf4a720faf	11	3466435	3467200	2	-1.7811
a19cdc6f-f4f2-4f43-a48d-fcdf4a720faf	11	3467311	4952503	1138	0.0214
a19cdc6f-f4f2-4f43-a48d-fcdf4a720faf	11	4952518	4955042	11	-0.5146
a19cdc6f-f4f2-4f43-a48d-fcdf4a720faf	11	4955781	5761882	776	0.0392
a19cdc6f-f4f2-4f43-a48d-fcdf4a720faf	11	5762165	5787909	36	-0.6799
a19cdc6f-f4f2-4f43-a48d-fcdf4a720faf	11	5788108	6096746	246	0.0326
a19cdc6f-f4f2-4f43-a48d-fcdf4a720faf	11	6099417	6100864	2	-1.8981
a19cdc6f-f4f2-4f43-a48d-fcdf4a720faf	11	6101273	18917623	9147	0.0179
a19cdc6f-f4f2-4f43-a48d-fcdf4a720faf	11	18918546	18939631	39	0.432
a19cdc6f-f4f2-4f43-a48d-fcdf4a720faf	11	18939734	22692254	3186	0.0205
a19cdc6f-f4f2-4f43-a48d-fcdf4a720faf	11	22695348	47633960	16876	-0.8029
a19cdc6f-f4f2-4f43-a48d-fcdf4a720faf	11	47640231	50810146	1270	-0.7137
a19cdc6f-f4f2-4f43-a48d-fcdf4a720faf	11	54554853	55595864	373	0.0891
a19cdc6f-f4f2-4f43-a48d-fcdf4a720faf	11	55606556	55674842	48	-0.6515
a19cdc6f-f4f2-4f43-a48d-fcdf4a720faf	11	55676735	134478027	51754	0.0436
a19cdc6f-f4f2-4f43-a48d-fcdf4a720faf	11	134478080	134849674	337	0.6205
a19cdc6f-f4f2-4f43-a48d-fcdf4a720faf	11	134856228	135074876	152	0.0592
a19cdc6f-f4f2-4f43-a48d-fcdf4a720faf	12	51460	760032	417	0.0326
a19cdc6f-f4f2-4f43-a48d-fcdf4a720faf	12	760097	766188	17	-0.8115
a19cdc6f-f4f2-4f43-a48d-fcdf4a720faf	12	767080	8289689	5119	0.0279
a19cdc6f-f4f2-4f43-a48d-fcdf4a720faf	12	8296516	8296621	2	2.2809
a19cdc6f-f4f2-4f43-a48d-fcdf4a720faf	12	8300870	27941988	13375	0.0153
a19cdc6f-f4f2-4f43-a48d-fcdf4a720faf	12	27942560	27944711	11	-0.7327
a19cdc6f-f4f2-4f43-a48d-fcdf4a720faf	12	27950527	33141710	3816	0.0214
a19cdc6f-f4f2-4f43-a48d-fcdf4a720faf	12	33141726	33155426	29	0.6151
a19cdc6f-f4f2-4f43-a48d-fcdf4a720faf	12	33155453	34077549	569	0.0619
a19cdc6f-f4f2-4f43-a48d-fcdf4a720faf	12	34078005	34089076	7	-0.5243
a19cdc6f-f4f2-4f43-a48d-fcdf4a720faf	12	34091994	34097761	5	0.1487
a19cdc6f-f4f2-4f43-a48d-fcdf4a720faf	12	34103774	34122471	11	-0.8878
a19cdc6f-f4f2-4f43-a48d-fcdf4a720faf	12	34122859	45510655	4992	0.0248
a19cdc6f-f4f2-4f43-a48d-fcdf4a720faf	12	45512057	45515754	3	-2.4582
a19cdc6f-f4f2-4f43-a48d-fcdf4a720faf	12	45519509	123934127	49384	0.014
a19cdc6f-f4f2-4f43-a48d-fcdf4a720faf	12	123939544	131289421	6106	0.049
a19cdc6f-f4f2-4f43-a48d-fcdf4a720faf	12	131290753	131290763	2	-1.6854
a19cdc6f-f4f2-4f43-a48d-fcdf4a720faf	12	131291086	131391438	72	0.1017
a19cdc6f-f4f2-4f43-a48d-fcdf4a720faf	12	131396733	131420153	25	-0.1901
a19cdc6f-f4f2-4f43-a48d-fcdf4a720faf	12	131420523	131636170	224	0.0616
a19cdc6f-f4f2-4f43-a48d-fcdf4a720faf	12	131648039	131648790	13	-0.4555
a19cdc6f-f4f2-4f43-a48d-fcdf4a720faf	12	131657925	133201603	559	0.0472
a19cdc6f-f4f2-4f43-a48d-fcdf4a720faf	13	18452809	19547319	532	0.0332
a19cdc6f-f4f2-4f43-a48d-fcdf4a720faf	13	19549755	19549770	2	-1.3836
a19cdc6f-f4f2-4f43-a48d-fcdf4a720faf	13	19550361	23058865	2325	0.034
a19cdc6f-f4f2-4f43-a48d-fcdf4a720faf	13	23058992	23059376	6	0.8321
a19cdc6f-f4f2-4f43-a48d-fcdf4a720faf	13	23064056	38478674	11319	0.0275
a19cdc6f-f4f2-4f43-a48d-fcdf4a720faf	13	38483435	38483919	2	1.6483
a19cdc6f-f4f2-4f43-a48d-fcdf4a720faf	13	38490920	48957415	7313	0.02
a19cdc6f-f4f2-4f43-a48d-fcdf4a720faf	13	48959579	48962368	2	-3.0362
a19cdc6f-f4f2-4f43-a48d-fcdf4a720faf	13	48963569	63743696	8380	0.0364
a19cdc6f-f4f2-4f43-a48d-fcdf4a720faf	13	63770336	64429098	394	0.1221
a19cdc6f-f4f2-4f43-a48d-fcdf4a720faf	13	64429643	71902850	4733	0.0197
a19cdc6f-f4f2-4f43-a48d-fcdf4a720faf	13	71903417	71906418	4	-2.3859
a19cdc6f-f4f2-4f43-a48d-fcdf4a720faf	13	71906467	82613952	7281	0.0186
a19cdc6f-f4f2-4f43-a48d-fcdf4a720faf	13	82614643	82629163	13	0.6931
a19cdc6f-f4f2-4f43-a48d-fcdf4a720faf	13	82631841	114342922	21769	0.0259
a19cdc6f-f4f2-4f43-a48d-fcdf4a720faf	14	18239283	19326853	49	0.0553
a19cdc6f-f4f2-4f43-a48d-fcdf4a720faf	14	19367655	19954424	116	-0.4299
a19cdc6f-f4f2-4f43-a48d-fcdf4a720faf	14	19955213	21851589	1256	0.0459
a19cdc6f-f4f2-4f43-a48d-fcdf4a720faf	14	21852699	22600948	686	0.1776
a19cdc6f-f4f2-4f43-a48d-fcdf4a720faf	14	22601332	41139155	11631	0.0273
a19cdc6f-f4f2-4f43-a48d-fcdf4a720faf	14	41141293	41188146	15	-0.7
a19cdc6f-f4f2-4f43-a48d-fcdf4a720faf	14	41200899	49921175	5076	0.0359
a19cdc6f-f4f2-4f43-a48d-fcdf4a720faf	14	49925826	50794218	500	-0.0651
a19cdc6f-f4f2-4f43-a48d-fcdf4a720faf	14	50794680	89495502	25417	0.0203
a19cdc6f-f4f2-4f43-a48d-fcdf4a720faf	14	89495854	89496369	2	-1.7641
a19cdc6f-f4f2-4f43-a48d-fcdf4a720faf	14	89501476	94597823	3296	0.0256
a19cdc6f-f4f2-4f43-a48d-fcdf4a720faf	14	94597827	96384774	1443	-0.0309
a19cdc6f-f4f2-4f43-a48d-fcdf4a720faf	14	96385734	106423925	5606	0.0188
a19cdc6f-f4f2-4f43-a48d-fcdf4a720faf	14	106425447	106462183	47	-0.6358
a19cdc6f-f4f2-4f43-a48d-fcdf4a720faf	14	106462724	106877229	195	0.0447
a19cdc6f-f4f2-4f43-a48d-fcdf4a720faf	15	19811075	20988347	156	0.3874
a19cdc6f-f4f2-4f43-a48d-fcdf4a720faf	15	21005443	22003073	23	-0.6295
a19cdc6f-f4f2-4f43-a48d-fcdf4a720faf	15	22005276	22299523	27	0.7937
a19cdc6f-f4f2-4f43-a48d-fcdf4a720faf	15	22385639	22622986	14	-0.0662
a19cdc6f-f4f2-4f43-a48d-fcdf4a720faf	15	22624663	23121974	299	0.3071
a19cdc6f-f4f2-4f43-a48d-fcdf4a720faf	15	23191818	23199669	3	-0.7983
a19cdc6f-f4f2-4f43-a48d-fcdf4a720faf	15	23396367	24329610	641	0.3492
a19cdc6f-f4f2-4f43-a48d-fcdf4a720faf	15	24329790	24339057	6	-0.7906
a19cdc6f-f4f2-4f43-a48d-fcdf4a720faf	15	24339849	26315045	1393	0.3419
a19cdc6f-f4f2-4f43-a48d-fcdf4a720faf	15	26317005	26318009	2	-1.1101
a19cdc6f-f4f2-4f43-a48d-fcdf4a720faf	15	26318441	30231102	2269	0.3283
a19cdc6f-f4f2-4f43-a48d-fcdf4a720faf	15	30252720	30259942	4	2.0104
a19cdc6f-f4f2-4f43-a48d-fcdf4a720faf	15	30269364	32520328	1096	0.3065
a19cdc6f-f4f2-4f43-a48d-fcdf4a720faf	15	32565281	32584783	4	-0.6616
a19cdc6f-f4f2-4f43-a48d-fcdf4a720faf	15	32610782	34447720	1496	0.3208
a19cdc6f-f4f2-4f43-a48d-fcdf4a720faf	15	34453518	34454261	3	-2.0386
a19cdc6f-f4f2-4f43-a48d-fcdf4a720faf	15	34455142	50469213	9725	0.3148
a19cdc6f-f4f2-4f43-a48d-fcdf4a720faf	15	50470899	50531125	37	-0.0147
a19cdc6f-f4f2-4f43-a48d-fcdf4a720faf	15	50541615	53492691	1887	0.3096
a19cdc6f-f4f2-4f43-a48d-fcdf4a720faf	15	53492794	53493082	6	-1.6918
a19cdc6f-f4f2-4f43-a48d-fcdf4a720faf	15	53498050	54646200	874	0.3132
a19cdc6f-f4f2-4f43-a48d-fcdf4a720faf	15	54646513	56355997	1039	0.0184
a19cdc6f-f4f2-4f43-a48d-fcdf4a720faf	15	56356906	56356975	2	-1.4387
a19cdc6f-f4f2-4f43-a48d-fcdf4a720faf	15	56359125	56498612	108	0.0249
a19cdc6f-f4f2-4f43-a48d-fcdf4a720faf	15	56498641	56508779	23	-0.7703
a19cdc6f-f4f2-4f43-a48d-fcdf4a720faf	15	56509425	57311948	368	0.0103
a19cdc6f-f4f2-4f43-a48d-fcdf4a720faf	15	57312204	58802867	1257	-0.9157
a19cdc6f-f4f2-4f43-a48d-fcdf4a720faf	15	58806157	82882631	15019	-0.0006
a19cdc6f-f4f2-4f43-a48d-fcdf4a720faf	15	82889131	82889319	3	-1.4161
a19cdc6f-f4f2-4f43-a48d-fcdf4a720faf	15	82890669	101880399	13687	0.0099
a19cdc6f-f4f2-4f43-a48d-fcdf4a720faf	15	101880604	101928837	11	-0.4933
a19cdc6f-f4f2-4f43-a48d-fcdf4a720faf	16	10777	6801694	4168	0.0387
a19cdc6f-f4f2-4f43-a48d-fcdf4a720faf	16	6802186	6806586	2	-1.2951
a19cdc6f-f4f2-4f43-a48d-fcdf4a720faf	16	6808922	10073258	3366	0.0533
a19cdc6f-f4f2-4f43-a48d-fcdf4a720faf	16	10073577	10076656	2	-1.4433
a19cdc6f-f4f2-4f43-a48d-fcdf4a720faf	16	10076752	10292972	273	0.0441
a19cdc6f-f4f2-4f43-a48d-fcdf4a720faf	16	10296261	10309571	12	-1.2239
a19cdc6f-f4f2-4f43-a48d-fcdf4a720faf	16	10314704	55761136	19096	0.0317
a19cdc6f-f4f2-4f43-a48d-fcdf4a720faf	16	55762477	55808442	23	-0.7416
a19cdc6f-f4f2-4f43-a48d-fcdf4a720faf	16	55808470	55824881	12	0.4853
a19cdc6f-f4f2-4f43-a48d-fcdf4a720faf	16	55834527	56385716	380	-0.0033
a19cdc6f-f4f2-4f43-a48d-fcdf4a720faf	16	56398706	72498674	9380	-0.811
a19cdc6f-f4f2-4f43-a48d-fcdf4a720faf	16	72499650	73868237	975	-1.0956
a19cdc6f-f4f2-4f43-a48d-fcdf4a720faf	16	73874160	78337711	3494	-0.7938
a19cdc6f-f4f2-4f43-a48d-fcdf4a720faf	16	78338543	78350841	15	-2.151
a19cdc6f-f4f2-4f43-a48d-fcdf4a720faf	16	78350868	79628828	1609	-0.8292
a19cdc6f-f4f2-4f43-a48d-fcdf4a720faf	16	79628843	79629356	2	-3.2239
a19cdc6f-f4f2-4f43-a48d-fcdf4a720faf	16	79629537	84482452	5135	-0.8253
a19cdc6f-f4f2-4f43-a48d-fcdf4a720faf	16	84482484	84495776	12	-1.788
a19cdc6f-f4f2-4f43-a48d-fcdf4a720faf	16	84496148	90096352	3815	-0.831
a19cdc6f-f4f2-4f43-a48d-fcdf4a720faf	17	150733	7653699	4217	0.0464
a19cdc6f-f4f2-4f43-a48d-fcdf4a720faf	17	7657183	10865609	2070	-0.8302
a19cdc6f-f4f2-4f43-a48d-fcdf4a720faf	17	10868493	10888222	18	0.0566
a19cdc6f-f4f2-4f43-a48d-fcdf4a720faf	17	10889652	11645604	666	-0.7927
a19cdc6f-f4f2-4f43-a48d-fcdf4a720faf	17	11647402	12510464	574	0.0322
a19cdc6f-f4f2-4f43-a48d-fcdf4a720faf	17	12518564	12518675	2	-1.953
a19cdc6f-f4f2-4f43-a48d-fcdf4a720faf	17	12518821	18452078	3832	0.0495
a19cdc6f-f4f2-4f43-a48d-fcdf4a720faf	17	18455632	18561907	26	-1.6054
a19cdc6f-f4f2-4f43-a48d-fcdf4a720faf	17	18565883	36109315	6827	0.0375
a19cdc6f-f4f2-4f43-a48d-fcdf4a720faf	17	36109735	36148151	29	0.8827
a19cdc6f-f4f2-4f43-a48d-fcdf4a720faf	17	36148163	41265456	2525	0.0296
a19cdc6f-f4f2-4f43-a48d-fcdf4a720faf	17	41266762	41266838	5	0.6873
a19cdc6f-f4f2-4f43-a48d-fcdf4a720faf	17	41266851	41267053	5	2.0289
a19cdc6f-f4f2-4f43-a48d-fcdf4a720faf	17	41267068	41273905	10	0.4668
a19cdc6f-f4f2-4f43-a48d-fcdf4a720faf	17	41273921	41274198	3	4.033
a19cdc6f-f4f2-4f43-a48d-fcdf4a720faf	17	41274279	46078715	2493	0.0297
a19cdc6f-f4f2-4f43-a48d-fcdf4a720faf	17	46080121	46218468	115	0.3363
a19cdc6f-f4f2-4f43-a48d-fcdf4a720faf	17	46234104	46351954	18	0.0644
a19cdc6f-f4f2-4f43-a48d-fcdf4a720faf	17	46446345	46446360	2	2.5059
a19cdc6f-f4f2-4f43-a48d-fcdf4a720faf	17	46569894	76306472	18059	0.0368
a19cdc6f-f4f2-4f43-a48d-fcdf4a720faf	17	76310907	76318692	10	-0.7346
a19cdc6f-f4f2-4f43-a48d-fcdf4a720faf	17	76319948	83091923	3483	0.0276
a19cdc6f-f4f2-4f43-a48d-fcdf4a720faf	18	48133	40678741	22763	0.0317
a19cdc6f-f4f2-4f43-a48d-fcdf4a720faf	18	40678763	40685413	19	-0.5087
a19cdc6f-f4f2-4f43-a48d-fcdf4a720faf	18	40685425	45231576	2955	0.0121
a19cdc6f-f4f2-4f43-a48d-fcdf4a720faf	18	45237470	45239315	2	-1.5257
a19cdc6f-f4f2-4f43-a48d-fcdf4a720faf	18	45241492	66060309	14518	0.0293
a19cdc6f-f4f2-4f43-a48d-fcdf4a720faf	18	66060363	66065804	20	-0.3784
a19cdc6f-f4f2-4f43-a48d-fcdf4a720faf	18	66065842	69078869	2202	0.0308
a19cdc6f-f4f2-4f43-a48d-fcdf4a720faf	18	69079007	69086089	36	-0.7787
a19cdc6f-f4f2-4f43-a48d-fcdf4a720faf	18	69090459	69540616	359	0.026
a19cdc6f-f4f2-4f43-a48d-fcdf4a720faf	18	69541156	69550035	7	-1.1359
a19cdc6f-f4f2-4f43-a48d-fcdf4a720faf	18	69550306	71464423	1275	0.0248
a19cdc6f-f4f2-4f43-a48d-fcdf4a720faf	18	71464509	73660659	1732	0.089
a19cdc6f-f4f2-4f43-a48d-fcdf4a720faf	18	73663389	80257174	4793	0.0381
a19cdc6f-f4f2-4f43-a48d-fcdf4a720faf	19	90910	41250133	19729	0.0373
a19cdc6f-f4f2-4f43-a48d-fcdf4a720faf	19	41255249	41256246	2	-2.974
a19cdc6f-f4f2-4f43-a48d-fcdf4a720faf	19	41256620	45810500	2238	0.0416
a19cdc6f-f4f2-4f43-a48d-fcdf4a720faf	19	45823230	45828258	4	-1.2394
a19cdc6f-f4f2-4f43-a48d-fcdf4a720faf	19	45828613	51628560	2779	0.0446
a19cdc6f-f4f2-4f43-a48d-fcdf4a720faf	19	51639099	51644944	11	-0.7887
a19cdc6f-f4f2-4f43-a48d-fcdf4a720faf	19	51651652	55771003	2492	0.0346
a19cdc6f-f4f2-4f43-a48d-fcdf4a720faf	19	55771169	55771701	3	-3.3518
a19cdc6f-f4f2-4f43-a48d-fcdf4a720faf	19	55774927	58586487	1837	0.05
a19cdc6f-f4f2-4f43-a48d-fcdf4a720faf	20	80664	1580353	1200	-0.8244
a19cdc6f-f4f2-4f43-a48d-fcdf4a720faf	20	1580934	1613247	41	1.6787
a19cdc6f-f4f2-4f43-a48d-fcdf4a720faf	20	1617300	12167631	8048	-0.8055
a19cdc6f-f4f2-4f43-a48d-fcdf4a720faf	20	12169932	13570072	1156	0.3214
a19cdc6f-f4f2-4f43-a48d-fcdf4a720faf	20	13571920	13661457	46	0.713
a19cdc6f-f4f2-4f43-a48d-fcdf4a720faf	20	13662213	14436713	394	0.4367
a19cdc6f-f4f2-4f43-a48d-fcdf4a720faf	20	14448057	14598530	96	-0.0383
a19cdc6f-f4f2-4f43-a48d-fcdf4a720faf	20	14598812	14606858	10	0.4601
a19cdc6f-f4f2-4f43-a48d-fcdf4a720faf	20	14613221	14664853	41	0.0011
a19cdc6f-f4f2-4f43-a48d-fcdf4a720faf	20	14665567	14765680	68	0.4302
a19cdc6f-f4f2-4f43-a48d-fcdf4a720faf	20	14767912	17586514	2668	-0.0148
a19cdc6f-f4f2-4f43-a48d-fcdf4a720faf	20	17587172	18701191	801	-0.0798
a19cdc6f-f4f2-4f43-a48d-fcdf4a720faf	20	18705367	18879508	149	-0.0091
a19cdc6f-f4f2-4f43-a48d-fcdf4a720faf	20	18881339	19945354	942	-0.8287
a19cdc6f-f4f2-4f43-a48d-fcdf4a720faf	20	19949505	19992980	67	0.0437
a19cdc6f-f4f2-4f43-a48d-fcdf4a720faf	20	19994754	20000775	8	-0.7666
a19cdc6f-f4f2-4f43-a48d-fcdf4a720faf	20	20001903	21907919	1243	0.0001
a19cdc6f-f4f2-4f43-a48d-fcdf4a720faf	20	21907992	30271154	3015	-0.7964
a19cdc6f-f4f2-4f43-a48d-fcdf4a720faf	20	30293217	56232239	16673	0.0218
a19cdc6f-f4f2-4f43-a48d-fcdf4a720faf	20	56233899	56379646	150	-0.8258
a19cdc6f-f4f2-4f43-a48d-fcdf4a720faf	20	56382507	64284715	5500	0.023
a19cdc6f-f4f2-4f43-a48d-fcdf4a720faf	20	64323342	64324800	5	-0.812
a19cdc6f-f4f2-4f43-a48d-fcdf4a720faf	21	10354168	10569525	55	0.0339
a19cdc6f-f4f2-4f43-a48d-fcdf4a720faf	21	10571815	12996806	35	0.3653
a19cdc6f-f4f2-4f43-a48d-fcdf4a720faf	21	12996886	36977949	16893	0.0382
a19cdc6f-f4f2-4f43-a48d-fcdf4a720faf	21	36985997	36986332	2	-1.9387
a19cdc6f-f4f2-4f43-a48d-fcdf4a720faf	21	36992685	38495199	1228	0.0327
a19cdc6f-f4f2-4f43-a48d-fcdf4a720faf	21	38496791	41496754	2671	-0.8318
a19cdc6f-f4f2-4f43-a48d-fcdf4a720faf	21	41496872	46677045	2933	0.0374
a19cdc6f-f4f2-4f43-a48d-fcdf4a720faf	22	15294547	18917479	1141	0.0535
a19cdc6f-f4f2-4f43-a48d-fcdf4a720faf	22	18918078	19019471	52	-0.9962
a19cdc6f-f4f2-4f43-a48d-fcdf4a720faf	22	19037293	23929505	3182	0.0478
a19cdc6f-f4f2-4f43-a48d-fcdf4a720faf	22	23929558	23946247	6	-0.9805
a19cdc6f-f4f2-4f43-a48d-fcdf4a720faf	22	23950883	23987520	9	-0.1306
a19cdc6f-f4f2-4f43-a48d-fcdf4a720faf	22	23988078	23989773	2	-3.5086
a19cdc6f-f4f2-4f43-a48d-fcdf4a720faf	22	23990431	37780392	10242	0.0478
a19cdc6f-f4f2-4f43-a48d-fcdf4a720faf	22	37784931	37785067	2	-1.4876
a19cdc6f-f4f2-4f43-a48d-fcdf4a720faf	22	37785122	48114379	6687	0.0412
a19cdc6f-f4f2-4f43-a48d-fcdf4a720faf	22	48116789	48118238	2	-1.6125
a19cdc6f-f4f2-4f43-a48d-fcdf4a720faf	22	48120774	48370335	275	0.0497
a19cdc6f-f4f2-4f43-a48d-fcdf4a720faf	22	48371012	48371099	3	-0.8659
a19cdc6f-f4f2-4f43-a48d-fcdf4a720faf	22	48372384	48611619	214	0.0775
a19cdc6f-f4f2-4f43-a48d-fcdf4a720faf	22	48614468	48619696	3	-1.6275
a19cdc6f-f4f2-4f43-a48d-fcdf4a720faf	22	48621418	50796027	1445	0.0405
a19cdc6f-f4f2-4f43-a48d-fcdf4a720faf	X	251810	43944618	26769	0.0098
a19cdc6f-f4f2-4f43-a48d-fcdf4a720faf	X	43944932	46367445	1284	-0.1337
a19cdc6f-f4f2-4f43-a48d-fcdf4a720faf	X	46370981	103999203	25547	-0.0002
a19cdc6f-f4f2-4f43-a48d-fcdf4a720faf	X	104003417	104006838	9	0.797
a19cdc6f-f4f2-4f43-a48d-fcdf4a720faf	X	104007353	104013971	9	1.2282
a19cdc6f-f4f2-4f43-a48d-fcdf4a720faf	X	104015581	104016282	7	0.2928
a19cdc6f-f4f2-4f43-a48d-fcdf4a720faf	X	104016362	104050744	32	0.8908
a19cdc6f-f4f2-4f43-a48d-fcdf4a720faf	X	104050792	140776978	20490	0.0007
a19cdc6f-f4f2-4f43-a48d-fcdf4a720faf	X	140779147	141656185	445	-0.119
a19cdc6f-f4f2-4f43-a48d-fcdf4a720faf	X	141656433	141664739	12	0.9601
a19cdc6f-f4f2-4f43-a48d-fcdf4a720faf	X	141665029	143275536	1217	-0.1568
a19cdc6f-f4f2-4f43-a48d-fcdf4a720faf	X	143276374	147279480	2708	0.0058
a19cdc6f-f4f2-4f43-a48d-fcdf4a720faf	X	147280526	147282109	4	-1.9199
a19cdc6f-f4f2-4f43-a48d-fcdf4a720faf	X	147291654	151102232	2461	0.0197
a19cdc6f-f4f2-4f43-a48d-fcdf4a720faf	X	151102411	151103411	2	-2.0824
a19cdc6f-f4f2-4f43-a48d-fcdf4a720faf	X	151104167	153157619	1275	0.0118
a19cdc6f-f4f2-4f43-a48d-fcdf4a720faf	X	153160553	153160957	2	-4.6621
a19cdc6f-f4f2-4f43-a48d-fcdf4a720faf	X	153160970	155952689	1091	0.0056
a19cdc6f-f4f2-4f43-a48d-fcdf4a720faf	Y	2782397	56872112	6640	-0.8862
