GDC_Aliquot	Chromosome	Start	End	Num_Probes	Segment_Mean
338d5dfc-7a57-480e-8874-768b41bdd174	1	62920	462894	19	0.6124
338d5dfc-7a57-480e-8874-768b41bdd174	1	599171	15823420	8310	-0.2438
338d5dfc-7a57-480e-8874-768b41bdd174	1	15827002	15850269	17	0.2107
338d5dfc-7a57-480e-8874-768b41bdd174	1	15854897	16424738	247	-0.218
338d5dfc-7a57-480e-8874-768b41bdd174	1	16425276	16427406	2	-2.7796
338d5dfc-7a57-480e-8874-768b41bdd174	1	16431335	16569132	44	-0.3301
338d5dfc-7a57-480e-8874-768b41bdd174	1	16570326	16604834	3	0.6881
338d5dfc-7a57-480e-8874-768b41bdd174	1	16605031	16689764	31	0.0043
338d5dfc-7a57-480e-8874-768b41bdd174	1	16718963	16855942	20	0.3889
338d5dfc-7a57-480e-8874-768b41bdd174	1	16863509	16949746	56	-0.4624
338d5dfc-7a57-480e-8874-768b41bdd174	1	16951445	24881138	4987	-0.0055
338d5dfc-7a57-480e-8874-768b41bdd174	1	24881778	24887633	3	1.1251
338d5dfc-7a57-480e-8874-768b41bdd174	1	24889259	25256850	268	0.0072
338d5dfc-7a57-480e-8874-768b41bdd174	1	25266637	25320253	23	0.5979
338d5dfc-7a57-480e-8874-768b41bdd174	1	25320455	72303233	28726	0.0015
338d5dfc-7a57-480e-8874-768b41bdd174	1	72303253	72345465	45	-1.9983
338d5dfc-7a57-480e-8874-768b41bdd174	1	72346221	108187137	22888	0.002
338d5dfc-7a57-480e-8874-768b41bdd174	1	108191613	108192255	2	-4.3643
338d5dfc-7a57-480e-8874-768b41bdd174	1	108194874	108223733	18	-0.1669
338d5dfc-7a57-480e-8874-768b41bdd174	1	108226680	108274557	2	-3.1464
338d5dfc-7a57-480e-8874-768b41bdd174	1	108310648	109108688	400	-0.0111
338d5dfc-7a57-480e-8874-768b41bdd174	1	109109521	109117063	2	-1.7072
338d5dfc-7a57-480e-8874-768b41bdd174	1	109117281	109684893	273	0.0045
338d5dfc-7a57-480e-8874-768b41bdd174	1	109690352	109697556	13	-1.6898
338d5dfc-7a57-480e-8874-768b41bdd174	1	109702376	110828115	831	-0.0084
338d5dfc-7a57-480e-8874-768b41bdd174	1	110831471	110849445	44	0.2439
338d5dfc-7a57-480e-8874-768b41bdd174	1	110850675	112147704	1069	-0.0021
338d5dfc-7a57-480e-8874-768b41bdd174	1	112153343	112154768	25	-0.6507
338d5dfc-7a57-480e-8874-768b41bdd174	1	112163334	121598439	5154	0.0017
338d5dfc-7a57-480e-8874-768b41bdd174	1	121601998	143748012	100	-0.7562
338d5dfc-7a57-480e-8874-768b41bdd174	1	143748074	144442092	33	-0.2305
338d5dfc-7a57-480e-8874-768b41bdd174	1	144442098	148988030	868	0.0592
338d5dfc-7a57-480e-8874-768b41bdd174	1	148988155	149907993	46	0.393
338d5dfc-7a57-480e-8874-768b41bdd174	1	149909846	152583051	1396	0.2152
338d5dfc-7a57-480e-8874-768b41bdd174	1	152583230	152613762	31	-2.3208
338d5dfc-7a57-480e-8874-768b41bdd174	1	152613802	152614118	4	-0.7423
338d5dfc-7a57-480e-8874-768b41bdd174	1	152618018	161647612	5455	0.208
338d5dfc-7a57-480e-8874-768b41bdd174	1	161647641	161648901	3	-0.4904
338d5dfc-7a57-480e-8874-768b41bdd174	1	161649069	161649268	6	-1.3478
338d5dfc-7a57-480e-8874-768b41bdd174	1	161678447	193186662	21785	0.208
338d5dfc-7a57-480e-8874-768b41bdd174	1	193187149	193187218	4	-1.0919
338d5dfc-7a57-480e-8874-768b41bdd174	1	193190593	196745743	2396	0.2156
338d5dfc-7a57-480e-8874-768b41bdd174	1	196758720	196846661	61	0.6259
338d5dfc-7a57-480e-8874-768b41bdd174	1	196847600	199142235	1373	0.2109
338d5dfc-7a57-480e-8874-768b41bdd174	1	199142298	199142393	2	1.4436
338d5dfc-7a57-480e-8874-768b41bdd174	1	199142562	209467744	7004	0.204
338d5dfc-7a57-480e-8874-768b41bdd174	1	209468180	209468465	2	-0.8523
338d5dfc-7a57-480e-8874-768b41bdd174	1	209469456	209897717	397	0.1901
338d5dfc-7a57-480e-8874-768b41bdd174	1	209908268	209908720	2	-1.4474
338d5dfc-7a57-480e-8874-768b41bdd174	1	209910639	248446755	26809	0.2088
338d5dfc-7a57-480e-8874-768b41bdd174	1	248447206	248458096	3	-1.4651
338d5dfc-7a57-480e-8874-768b41bdd174	1	248458851	248930189	197	0.2054
338d5dfc-7a57-480e-8874-768b41bdd174	2	12784	34295406	23980	0.0083
338d5dfc-7a57-480e-8874-768b41bdd174	2	34298911	34300513	2	-1.9556
338d5dfc-7a57-480e-8874-768b41bdd174	2	34300900	35346806	664	0.0228
338d5dfc-7a57-480e-8874-768b41bdd174	2	35347087	35869827	452	0.105
338d5dfc-7a57-480e-8874-768b41bdd174	2	35870413	38331727	1969	0.0147
338d5dfc-7a57-480e-8874-768b41bdd174	2	38332083	38332751	2	-1.1416
338d5dfc-7a57-480e-8874-768b41bdd174	2	38335131	47119429	6468	0.0121
338d5dfc-7a57-480e-8874-768b41bdd174	2	47123589	47123669	2	-1.7542
338d5dfc-7a57-480e-8874-768b41bdd174	2	47123723	52537091	3600	0.0161
338d5dfc-7a57-480e-8874-768b41bdd174	2	52537117	52554274	19	-0.5629
338d5dfc-7a57-480e-8874-768b41bdd174	2	52554359	77746919	16288	0.0053
338d5dfc-7a57-480e-8874-768b41bdd174	2	77749572	77769540	45	0.65
338d5dfc-7a57-480e-8874-768b41bdd174	2	77769744	89897956	6436	0.0069
338d5dfc-7a57-480e-8874-768b41bdd174	2	89920951	90228255	126	-0.8421
338d5dfc-7a57-480e-8874-768b41bdd174	2	90230139	97207299	926	0.009
338d5dfc-7a57-480e-8874-768b41bdd174	2	97210040	97211436	6	-1.2903
338d5dfc-7a57-480e-8874-768b41bdd174	2	97310327	97359885	13	0.0259
338d5dfc-7a57-480e-8874-768b41bdd174	2	97524284	97545726	9	0.8224
338d5dfc-7a57-480e-8874-768b41bdd174	2	97550415	106250044	5554	0.0115
338d5dfc-7a57-480e-8874-768b41bdd174	2	106256280	106268901	21	0.3861
338d5dfc-7a57-480e-8874-768b41bdd174	2	106270799	107886031	996	0.0127
338d5dfc-7a57-480e-8874-768b41bdd174	2	107890981	107903920	3	1.1085
338d5dfc-7a57-480e-8874-768b41bdd174	2	107909583	114395847	3254	0.0027
338d5dfc-7a57-480e-8874-768b41bdd174	2	114399025	114714513	209	-0.1852
338d5dfc-7a57-480e-8874-768b41bdd174	2	114715145	128880504	8920	0.0111
338d5dfc-7a57-480e-8874-768b41bdd174	2	128880904	128882741	15	-2.9743
338d5dfc-7a57-480e-8874-768b41bdd174	2	128882755	130036283	870	0.0112
338d5dfc-7a57-480e-8874-768b41bdd174	2	130036310	130116915	13	-0.4865
338d5dfc-7a57-480e-8874-768b41bdd174	2	130117303	130220942	22	0.1853
338d5dfc-7a57-480e-8874-768b41bdd174	2	130222849	137967762	4517	0.0136
338d5dfc-7a57-480e-8874-768b41bdd174	2	137967942	138287282	172	0.1407
338d5dfc-7a57-480e-8874-768b41bdd174	2	138294594	138417213	64	-0.2398
338d5dfc-7a57-480e-8874-768b41bdd174	2	138420453	146104517	4750	0.0085
338d5dfc-7a57-480e-8874-768b41bdd174	2	146106836	146109366	24	-2.3877
338d5dfc-7a57-480e-8874-768b41bdd174	2	146120238	204606653	35016	0.0048
338d5dfc-7a57-480e-8874-768b41bdd174	2	204612363	205359187	559	-0.116
338d5dfc-7a57-480e-8874-768b41bdd174	2	205359491	242147305	23449	0.006
338d5dfc-7a57-480e-8874-768b41bdd174	3	20930	8008075	7089	0.1295
338d5dfc-7a57-480e-8874-768b41bdd174	3	8008845	14345465	4575	-0.0015
338d5dfc-7a57-480e-8874-768b41bdd174	3	14345654	21795935	4696	0.1012
338d5dfc-7a57-480e-8874-768b41bdd174	3	21796143	22306886	478	0.2024
338d5dfc-7a57-480e-8874-768b41bdd174	3	22307109	32828430	7536	0.1063
338d5dfc-7a57-480e-8874-768b41bdd174	3	32829908	46767930	8800	0.0052
338d5dfc-7a57-480e-8874-768b41bdd174	3	46770679	46807689	27	0.3282
338d5dfc-7a57-480e-8874-768b41bdd174	3	46808099	53588198	2879	0.0053
338d5dfc-7a57-480e-8874-768b41bdd174	3	53589075	53858693	232	-0.2536
338d5dfc-7a57-480e-8874-768b41bdd174	3	53859813	59740125	3964	-0.0035
338d5dfc-7a57-480e-8874-768b41bdd174	3	59740869	60330511	717	0.0984
338d5dfc-7a57-480e-8874-768b41bdd174	3	60330687	62961690	2370	0.0067
338d5dfc-7a57-480e-8874-768b41bdd174	3	62962491	62962990	4	-0.8278
338d5dfc-7a57-480e-8874-768b41bdd174	3	62964804	68697013	4386	0.0158
338d5dfc-7a57-480e-8874-768b41bdd174	3	68697108	68698262	14	-2.0093
338d5dfc-7a57-480e-8874-768b41bdd174	3	68699607	84652985	9918	0.0045
338d5dfc-7a57-480e-8874-768b41bdd174	3	84653010	84653084	2	1.4136
338d5dfc-7a57-480e-8874-768b41bdd174	3	84653262	95737262	4129	0.0181
338d5dfc-7a57-480e-8874-768b41bdd174	3	95748036	95749266	2	1.348
338d5dfc-7a57-480e-8874-768b41bdd174	3	95749836	130044016	20587	0.0054
338d5dfc-7a57-480e-8874-768b41bdd174	3	130044855	130075130	29	-0.3866
338d5dfc-7a57-480e-8874-768b41bdd174	3	130075163	132269794	1440	-0.005
338d5dfc-7a57-480e-8874-768b41bdd174	3	132270020	132283990	11	0.5365
338d5dfc-7a57-480e-8874-768b41bdd174	3	132284273	136300257	2579	0.0099
338d5dfc-7a57-480e-8874-768b41bdd174	3	136304109	136306584	2	-3.6962
338d5dfc-7a57-480e-8874-768b41bdd174	3	136319699	155591692	11819	0.0113
338d5dfc-7a57-480e-8874-768b41bdd174	3	155593699	155725950	88	-0.2339
338d5dfc-7a57-480e-8874-768b41bdd174	3	155733486	162682891	4243	0.0083
338d5dfc-7a57-480e-8874-768b41bdd174	3	162684548	162794951	70	0.1136
338d5dfc-7a57-480e-8874-768b41bdd174	3	162795304	162898127	62	-1.8147
338d5dfc-7a57-480e-8874-768b41bdd174	3	162906054	162908207	6	-0.549
338d5dfc-7a57-480e-8874-768b41bdd174	3	162908784	189642965	16658	0.0157
338d5dfc-7a57-480e-8874-768b41bdd174	3	189645889	189653199	12	-0.7763
338d5dfc-7a57-480e-8874-768b41bdd174	3	189653225	193072477	2416	0.0164
338d5dfc-7a57-480e-8874-768b41bdd174	3	193075398	193084770	7	-0.9734
338d5dfc-7a57-480e-8874-768b41bdd174	3	193084990	193160113	65	0.0321
338d5dfc-7a57-480e-8874-768b41bdd174	3	193160173	193165114	19	-1.57
338d5dfc-7a57-480e-8874-768b41bdd174	3	193168646	195559056	1481	0.0149
338d5dfc-7a57-480e-8874-768b41bdd174	3	195656271	195728637	26	0.4967
338d5dfc-7a57-480e-8874-768b41bdd174	3	195728990	198169247	1181	0.0384
338d5dfc-7a57-480e-8874-768b41bdd174	4	68929	9455251	5152	0.0012
338d5dfc-7a57-480e-8874-768b41bdd174	4	9459504	9477699	6	-1.0503
338d5dfc-7a57-480e-8874-768b41bdd174	4	9484440	10389091	745	0.0234
338d5dfc-7a57-480e-8874-768b41bdd174	4	10390730	10399044	16	-0.6687
338d5dfc-7a57-480e-8874-768b41bdd174	4	10401094	21370416	8016	0.0037
338d5dfc-7a57-480e-8874-768b41bdd174	4	21370660	21375228	13	-0.5406
338d5dfc-7a57-480e-8874-768b41bdd174	4	21382117	37996365	11025	0.0028
338d5dfc-7a57-480e-8874-768b41bdd174	4	38003345	38005710	7	-0.9315
338d5dfc-7a57-480e-8874-768b41bdd174	4	38006887	40158914	1295	-0.0012
338d5dfc-7a57-480e-8874-768b41bdd174	4	40160152	40161248	3	-2.76
338d5dfc-7a57-480e-8874-768b41bdd174	4	40161351	68478894	15908	0.0068
338d5dfc-7a57-480e-8874-768b41bdd174	4	68494770	68623617	69	-1.8555
338d5dfc-7a57-480e-8874-768b41bdd174	4	68639397	69254604	309	0.0625
338d5dfc-7a57-480e-8874-768b41bdd174	4	69254981	69366081	59	-0.3566
338d5dfc-7a57-480e-8874-768b41bdd174	4	69366304	72549482	1861	0.0013
338d5dfc-7a57-480e-8874-768b41bdd174	4	72550188	72550201	2	-1.6146
338d5dfc-7a57-480e-8874-768b41bdd174	4	72553717	109659260	22506	-0.0032
338d5dfc-7a57-480e-8874-768b41bdd174	4	109663378	109761331	52	-0.2551
338d5dfc-7a57-480e-8874-768b41bdd174	4	109765257	121360818	7253	0.0048
338d5dfc-7a57-480e-8874-768b41bdd174	4	121361313	121363980	28	-0.7446
338d5dfc-7a57-480e-8874-768b41bdd174	4	121369976	172066777	30673	0.0015
338d5dfc-7a57-480e-8874-768b41bdd174	4	172067997	172068382	12	-1.959
338d5dfc-7a57-480e-8874-768b41bdd174	4	172074828	188515761	11139	0.0054
338d5dfc-7a57-480e-8874-768b41bdd174	4	188515932	188516256	8	-0.8422
338d5dfc-7a57-480e-8874-768b41bdd174	4	188518718	190106768	924	0.0441
338d5dfc-7a57-480e-8874-768b41bdd174	5	15532	725091	317	0.0123
338d5dfc-7a57-480e-8874-768b41bdd174	5	728864	808932	21	-0.5557
338d5dfc-7a57-480e-8874-768b41bdd174	5	817735	1910732	598	0.0422
338d5dfc-7a57-480e-8874-768b41bdd174	5	1912071	1930253	11	-0.483
338d5dfc-7a57-480e-8874-768b41bdd174	5	1933841	9171466	6403	0.0215
338d5dfc-7a57-480e-8874-768b41bdd174	5	9174158	9351264	168	-0.2533
338d5dfc-7a57-480e-8874-768b41bdd174	5	9351715	11161513	1578	0.0253
338d5dfc-7a57-480e-8874-768b41bdd174	5	11162524	11162659	3	-2.5642
338d5dfc-7a57-480e-8874-768b41bdd174	5	11167165	15718383	3070	0.0226
338d5dfc-7a57-480e-8874-768b41bdd174	5	15719113	15719241	2	-2.2245
338d5dfc-7a57-480e-8874-768b41bdd174	5	15719966	15720488	9	-5.8152
338d5dfc-7a57-480e-8874-768b41bdd174	5	15723237	21449110	3525	0.0281
338d5dfc-7a57-480e-8874-768b41bdd174	5	21449167	21452329	6	-2.1435
338d5dfc-7a57-480e-8874-768b41bdd174	5	21452387	45423517	14674	0.0218
338d5dfc-7a57-480e-8874-768b41bdd174	5	45426298	45734981	122	0.1804
338d5dfc-7a57-480e-8874-768b41bdd174	5	45735447	58025819	5221	0.0138
338d5dfc-7a57-480e-8874-768b41bdd174	5	58030200	58037706	32	1.7285
338d5dfc-7a57-480e-8874-768b41bdd174	5	58042530	101719934	25186	0.0201
338d5dfc-7a57-480e-8874-768b41bdd174	5	101720319	101972692	215	0.1565
338d5dfc-7a57-480e-8874-768b41bdd174	5	101973040	104515520	1417	0.0199
338d5dfc-7a57-480e-8874-768b41bdd174	5	104524672	104524903	4	2.4359
338d5dfc-7a57-480e-8874-768b41bdd174	5	104525348	107888529	2202	0.0298
338d5dfc-7a57-480e-8874-768b41bdd174	5	107892598	108324512	307	-0.2718
338d5dfc-7a57-480e-8874-768b41bdd174	5	108328829	177771448	45704	0.017
338d5dfc-7a57-480e-8874-768b41bdd174	5	177800550	177801578	2	4.172
338d5dfc-7a57-480e-8874-768b41bdd174	5	177805604	181363319	1984	0.012
338d5dfc-7a57-480e-8874-768b41bdd174	6	149661	314962	127	-0.0228
338d5dfc-7a57-480e-8874-768b41bdd174	6	315197	381149	74	-0.4422
338d5dfc-7a57-480e-8874-768b41bdd174	6	382559	722305	271	0.1314
338d5dfc-7a57-480e-8874-768b41bdd174	6	722716	16087003	12081	-0.0058
338d5dfc-7a57-480e-8874-768b41bdd174	6	16087418	16088500	5	-1.242
338d5dfc-7a57-480e-8874-768b41bdd174	6	16088820	19041950	2207	0.0055
338d5dfc-7a57-480e-8874-768b41bdd174	6	19042125	19042587	2	-1.4997
338d5dfc-7a57-480e-8874-768b41bdd174	6	19044471	24321809	3848	0.0127
338d5dfc-7a57-480e-8874-768b41bdd174	6	24325581	24326057	2	-2.1962
338d5dfc-7a57-480e-8874-768b41bdd174	6	24328478	26743855	1604	0.0017
338d5dfc-7a57-480e-8874-768b41bdd174	6	26747492	26759781	5	-1.2501
338d5dfc-7a57-480e-8874-768b41bdd174	6	26831719	31313046	2091	0.0172
338d5dfc-7a57-480e-8874-768b41bdd174	6	31318499	31328674	11	-1.455
338d5dfc-7a57-480e-8874-768b41bdd174	6	31342147	32525591	512	0.0076
338d5dfc-7a57-480e-8874-768b41bdd174	6	32529339	32606237	20	-0.732
338d5dfc-7a57-480e-8874-768b41bdd174	6	32606283	32722250	74	-0.0434
338d5dfc-7a57-480e-8874-768b41bdd174	6	32723020	32723053	3	-1.7508
338d5dfc-7a57-480e-8874-768b41bdd174	6	32732907	55107937	14306	0.0042
338d5dfc-7a57-480e-8874-768b41bdd174	6	55113742	55133517	18	0.5065
338d5dfc-7a57-480e-8874-768b41bdd174	6	55133940	65684197	4248	0.0136
338d5dfc-7a57-480e-8874-768b41bdd174	6	65689589	65693959	23	-0.8145
338d5dfc-7a57-480e-8874-768b41bdd174	6	65697234	66323922	414	-0.0021
338d5dfc-7a57-480e-8874-768b41bdd174	6	66327661	66338736	24	0.3505
338d5dfc-7a57-480e-8874-768b41bdd174	6	66339513	73882142	4998	-0.0069
338d5dfc-7a57-480e-8874-768b41bdd174	6	73882509	73894003	14	0.5724
338d5dfc-7a57-480e-8874-768b41bdd174	6	73896090	76305231	1468	-0.0049
338d5dfc-7a57-480e-8874-768b41bdd174	6	76307183	76307209	3	-1.443
338d5dfc-7a57-480e-8874-768b41bdd174	6	76307276	76726442	295	-0.0134
338d5dfc-7a57-480e-8874-768b41bdd174	6	76726815	76758749	25	0.3698
338d5dfc-7a57-480e-8874-768b41bdd174	6	76758871	78252522	968	0.0012
338d5dfc-7a57-480e-8874-768b41bdd174	6	78252576	78325223	115	0.1907
338d5dfc-7a57-480e-8874-768b41bdd174	6	78325310	103286954	15473	-0.0029
338d5dfc-7a57-480e-8874-768b41bdd174	6	103290101	103314174	45	-1.5316
338d5dfc-7a57-480e-8874-768b41bdd174	6	103314186	116151925	7893	-0.0107
338d5dfc-7a57-480e-8874-768b41bdd174	6	116155182	116372957	106	-0.278
338d5dfc-7a57-480e-8874-768b41bdd174	6	116380420	170741917	36148	-0.0083
338d5dfc-7a57-480e-8874-768b41bdd174	7	43355	1349761	393	0.214
338d5dfc-7a57-480e-8874-768b41bdd174	7	1349812	17131455	11411	0.0272
338d5dfc-7a57-480e-8874-768b41bdd174	7	17132114	17763890	505	0.1374
338d5dfc-7a57-480e-8874-768b41bdd174	7	17769025	26092670	6501	0.0194
338d5dfc-7a57-480e-8874-768b41bdd174	7	26102772	26105793	4	-3.828
338d5dfc-7a57-480e-8874-768b41bdd174	7	26107599	38271765	8541	0.0192
338d5dfc-7a57-480e-8874-768b41bdd174	7	38277969	38368878	121	0.2255
338d5dfc-7a57-480e-8874-768b41bdd174	7	38370089	54318812	10974	0.0192
338d5dfc-7a57-480e-8874-768b41bdd174	7	54318816	54318824	5	-2.6172
338d5dfc-7a57-480e-8874-768b41bdd174	7	54325795	63225772	2315	0.0313
338d5dfc-7a57-480e-8874-768b41bdd174	7	63228970	63289788	13	-0.7269
338d5dfc-7a57-480e-8874-768b41bdd174	7	63292323	86600286	12454	0.0226
338d5dfc-7a57-480e-8874-768b41bdd174	7	86604868	86615738	10	-0.9244
338d5dfc-7a57-480e-8874-768b41bdd174	7	86622960	88546210	1089	0.0079
338d5dfc-7a57-480e-8874-768b41bdd174	7	88547689	90184663	1093	0.0865
338d5dfc-7a57-480e-8874-768b41bdd174	7	90184679	109793741	11448	0.0139
338d5dfc-7a57-480e-8874-768b41bdd174	7	109797035	109797717	16	0.7268
338d5dfc-7a57-480e-8874-768b41bdd174	7	109800860	126343506	9990	0.0187
338d5dfc-7a57-480e-8874-768b41bdd174	7	126349237	126373098	16	0.4594
338d5dfc-7a57-480e-8874-768b41bdd174	7	126374811	126404920	35	0.0177
338d5dfc-7a57-480e-8874-768b41bdd174	7	126405428	126406561	12	-1.3246
338d5dfc-7a57-480e-8874-768b41bdd174	7	126406822	134100587	4702	0.0141
338d5dfc-7a57-480e-8874-768b41bdd174	7	134100624	134133228	39	0.2918
338d5dfc-7a57-480e-8874-768b41bdd174	7	134133578	143194628	5917	0.0147
338d5dfc-7a57-480e-8874-768b41bdd174	7	143200677	149808022	3969	-0.2299
338d5dfc-7a57-480e-8874-768b41bdd174	7	149811007	154598185	2946	0.0241
338d5dfc-7a57-480e-8874-768b41bdd174	7	154601461	154607903	4	-2.6245
338d5dfc-7a57-480e-8874-768b41bdd174	7	154609120	159334314	3234	0.0128
338d5dfc-7a57-480e-8874-768b41bdd174	8	81254	7534105	7757	0.0237
338d5dfc-7a57-480e-8874-768b41bdd174	8	7537162	7930192	14	-1.0373
338d5dfc-7a57-480e-8874-768b41bdd174	8	7941868	12092042	3232	0.0023
338d5dfc-7a57-480e-8874-768b41bdd174	8	12130217	12143614	6	-2.3319
338d5dfc-7a57-480e-8874-768b41bdd174	8	12176798	12389977	31	0.3628
338d5dfc-7a57-480e-8874-768b41bdd174	8	12418301	14652059	1965	0.0046
338d5dfc-7a57-480e-8874-768b41bdd174	8	14652523	14652565	3	1.1453
338d5dfc-7a57-480e-8874-768b41bdd174	8	14652887	21755627	6324	0.0036
338d5dfc-7a57-480e-8874-768b41bdd174	8	21757837	25114672	2120	-0.2321
338d5dfc-7a57-480e-8874-768b41bdd174	8	25116928	25126708	25	-0.7922
338d5dfc-7a57-480e-8874-768b41bdd174	8	25126735	32775844	5383	-0.2444
338d5dfc-7a57-480e-8874-768b41bdd174	8	32776031	39368830	3625	0.0061
338d5dfc-7a57-480e-8874-768b41bdd174	8	39372664	39526605	58	0.4196
338d5dfc-7a57-480e-8874-768b41bdd174	8	39527181	71300130	17895	0.0032
338d5dfc-7a57-480e-8874-768b41bdd174	8	71303076	71307628	9	-0.7506
338d5dfc-7a57-480e-8874-768b41bdd174	8	71307892	89819812	11043	0.0138
338d5dfc-7a57-480e-8874-768b41bdd174	8	89825402	90036049	135	0.2306
338d5dfc-7a57-480e-8874-768b41bdd174	8	90036906	111279265	12909	0.0101
338d5dfc-7a57-480e-8874-768b41bdd174	8	111282050	111283031	10	0.976
338d5dfc-7a57-480e-8874-768b41bdd174	8	111288052	114619814	1819	0.004
338d5dfc-7a57-480e-8874-768b41bdd174	8	114622258	114629502	35	-0.5015
338d5dfc-7a57-480e-8874-768b41bdd174	8	114638468	114726988	53	-0.0276
338d5dfc-7a57-480e-8874-768b41bdd174	8	114729335	114831614	69	0.1962
338d5dfc-7a57-480e-8874-768b41bdd174	8	114831843	128744020	9681	0.0054
338d5dfc-7a57-480e-8874-768b41bdd174	8	128750889	128751839	2	-2.561
338d5dfc-7a57-480e-8874-768b41bdd174	8	128765208	145072769	11243	0.006
338d5dfc-7a57-480e-8874-768b41bdd174	9	46587	384058	251	-0.043
338d5dfc-7a57-480e-8874-768b41bdd174	9	384150	22779002	19756	-0.1232
338d5dfc-7a57-480e-8874-768b41bdd174	9	22780589	22962061	132	-0.8725
338d5dfc-7a57-480e-8874-768b41bdd174	9	22964238	37502112	9987	-0.1025
338d5dfc-7a57-480e-8874-768b41bdd174	9	37504706	37514035	15	0.4554
338d5dfc-7a57-480e-8874-768b41bdd174	9	37515714	39138124	965	-0.0944
338d5dfc-7a57-480e-8874-768b41bdd174	9	39140235	39337296	13	-0.6457
338d5dfc-7a57-480e-8874-768b41bdd174	9	39342578	42501791	167	-0.0206
338d5dfc-7a57-480e-8874-768b41bdd174	9	42524983	68435779	289	0.1437
338d5dfc-7a57-480e-8874-768b41bdd174	9	68437540	93707815	18063	-0.0031
338d5dfc-7a57-480e-8874-768b41bdd174	9	93708429	93708675	2	-2.685
338d5dfc-7a57-480e-8874-768b41bdd174	9	93710664	97438760	2358	-0.0008
338d5dfc-7a57-480e-8874-768b41bdd174	9	97443260	97443668	2	-1.6349
338d5dfc-7a57-480e-8874-768b41bdd174	9	97443847	110262162	9425	0
338d5dfc-7a57-480e-8874-768b41bdd174	9	110262509	110265889	2	-3.8301
338d5dfc-7a57-480e-8874-768b41bdd174	9	110270151	133061625	15587	-0.0038
338d5dfc-7a57-480e-8874-768b41bdd174	9	133067827	133082053	10	0.7353
338d5dfc-7a57-480e-8874-768b41bdd174	9	133090275	138200944	2401	-0.0129
338d5dfc-7a57-480e-8874-768b41bdd174	10	45792	69515737	46957	0.0057
338d5dfc-7a57-480e-8874-768b41bdd174	10	69522716	69523086	5	-2.2696
338d5dfc-7a57-480e-8874-768b41bdd174	10	69531858	79595316	6672	-0.0028
338d5dfc-7a57-480e-8874-768b41bdd174	10	79624118	79625643	4	-1.6349
338d5dfc-7a57-480e-8874-768b41bdd174	10	79625693	89178916	6585	-0.005
338d5dfc-7a57-480e-8874-768b41bdd174	10	89183210	89188152	9	-1.0225
338d5dfc-7a57-480e-8874-768b41bdd174	10	89188211	90238755	780	-0.005
338d5dfc-7a57-480e-8874-768b41bdd174	10	90238817	90241962	2	-1.5939
338d5dfc-7a57-480e-8874-768b41bdd174	10	90242355	123556786	22446	-0.0044
338d5dfc-7a57-480e-8874-768b41bdd174	10	123559934	123560027	2	-1.4938
338d5dfc-7a57-480e-8874-768b41bdd174	10	123560788	125380064	1111	-0.0093
338d5dfc-7a57-480e-8874-768b41bdd174	10	125384374	125385491	2	-2.9919
338d5dfc-7a57-480e-8874-768b41bdd174	10	125390533	133654968	6019	0.0052
338d5dfc-7a57-480e-8874-768b41bdd174	11	198510	4949013	2418	-0.012
338d5dfc-7a57-480e-8874-768b41bdd174	11	4949047	4954475	26	0.7058
338d5dfc-7a57-480e-8874-768b41bdd174	11	4955027	5766175	785	-0.0051
338d5dfc-7a57-480e-8874-768b41bdd174	11	5766850	5787909	32	-0.6619
338d5dfc-7a57-480e-8874-768b41bdd174	11	5788108	6086560	239	0.024
338d5dfc-7a57-480e-8874-768b41bdd174	11	6087039	6100864	8	-1.2174
338d5dfc-7a57-480e-8874-768b41bdd174	11	6101273	21645788	11660	0.0031
338d5dfc-7a57-480e-8874-768b41bdd174	11	21652083	21653695	5	-1.0144
338d5dfc-7a57-480e-8874-768b41bdd174	11	21658099	55593934	19280	0.0039
338d5dfc-7a57-480e-8874-768b41bdd174	11	55593955	55663588	45	-0.4526
338d5dfc-7a57-480e-8874-768b41bdd174	11	55667651	89817056	19872	0.0045
338d5dfc-7a57-480e-8874-768b41bdd174	11	89834373	89878176	3	-1.4647
338d5dfc-7a57-480e-8874-768b41bdd174	11	89903029	100210857	7426	0.0114
338d5dfc-7a57-480e-8874-768b41bdd174	11	100217339	100219502	5	-0.9451
338d5dfc-7a57-480e-8874-768b41bdd174	11	100220961	131000558	21681	0.0033
338d5dfc-7a57-480e-8874-768b41bdd174	11	131001061	135022793	3240	-0.2392
338d5dfc-7a57-480e-8874-768b41bdd174	11	135023212	135074876	35	-0.0566
338d5dfc-7a57-480e-8874-768b41bdd174	12	51460	7821407	5360	0.0041
338d5dfc-7a57-480e-8874-768b41bdd174	12	7842191	7971304	59	0.5878
338d5dfc-7a57-480e-8874-768b41bdd174	12	7978362	9481274	754	-0.0003
338d5dfc-7a57-480e-8874-768b41bdd174	12	9485313	9575696	23	1.1371
338d5dfc-7a57-480e-8874-768b41bdd174	12	9582373	30086978	14308	0.0061
338d5dfc-7a57-480e-8874-768b41bdd174	12	30087113	30091017	21	-0.7614
338d5dfc-7a57-480e-8874-768b41bdd174	12	30091052	33233822	2321	0.0101
338d5dfc-7a57-480e-8874-768b41bdd174	12	33235894	33242207	4	-3.297
338d5dfc-7a57-480e-8874-768b41bdd174	12	33242483	34076713	518	0.0202
338d5dfc-7a57-480e-8874-768b41bdd174	12	34077316	38948653	833	0.0819
338d5dfc-7a57-480e-8874-768b41bdd174	12	38949077	51790558	7580	0.0012
338d5dfc-7a57-480e-8874-768b41bdd174	12	51791193	54615029	1757	-0.0715
338d5dfc-7a57-480e-8874-768b41bdd174	12	54615692	133201603	51252	0.0014
338d5dfc-7a57-480e-8874-768b41bdd174	13	18452809	18561563	11	0.4922
338d5dfc-7a57-480e-8874-768b41bdd174	13	18569684	19268392	349	0.016
338d5dfc-7a57-480e-8874-768b41bdd174	13	19268392	19547319	171	-0.1569
338d5dfc-7a57-480e-8874-768b41bdd174	13	19549755	19549770	2	-2.2399
338d5dfc-7a57-480e-8874-768b41bdd174	13	19550361	21531525	1174	-0.1548
338d5dfc-7a57-480e-8874-768b41bdd174	13	21541093	21762600	144	-0.2402
338d5dfc-7a57-480e-8874-768b41bdd174	13	21765681	21767327	3	-1.5289
338d5dfc-7a57-480e-8874-768b41bdd174	13	21769786	23408212	1280	-0.2363
338d5dfc-7a57-480e-8874-768b41bdd174	13	23408237	31957984	6418	-0.1706
338d5dfc-7a57-480e-8874-768b41bdd174	13	31958485	31964286	18	-1.3627
338d5dfc-7a57-480e-8874-768b41bdd174	13	31965910	37501828	3901	-0.1725
338d5dfc-7a57-480e-8874-768b41bdd174	13	37502130	37514193	13	-0.9963
338d5dfc-7a57-480e-8874-768b41bdd174	13	37514237	57097752	12465	-0.1646
338d5dfc-7a57-480e-8874-768b41bdd174	13	57099677	57099696	2	-2.6505
338d5dfc-7a57-480e-8874-768b41bdd174	13	57102230	57176962	34	-0.0959
338d5dfc-7a57-480e-8874-768b41bdd174	13	57184136	57204246	34	0.3332
338d5dfc-7a57-480e-8874-768b41bdd174	13	57215580	61779067	2783	-0.171
338d5dfc-7a57-480e-8874-768b41bdd174	13	61782702	107245262	30365	-0.0007
338d5dfc-7a57-480e-8874-768b41bdd174	13	107248689	107249633	2	-3.6907
338d5dfc-7a57-480e-8874-768b41bdd174	13	107249799	114342922	4892	-0.0043
338d5dfc-7a57-480e-8874-768b41bdd174	14	18239283	18646056	16	-0.1088
338d5dfc-7a57-480e-8874-768b41bdd174	14	18656322	19289821	29	0.5092
338d5dfc-7a57-480e-8874-768b41bdd174	14	19294457	19732024	20	-0.1505
338d5dfc-7a57-480e-8874-768b41bdd174	14	19732222	19954424	101	1.0506
338d5dfc-7a57-480e-8874-768b41bdd174	14	19955213	21900817	1304	0.0106
338d5dfc-7a57-480e-8874-768b41bdd174	14	21903901	22460708	480	0.1224
338d5dfc-7a57-480e-8874-768b41bdd174	14	22461795	26314708	2555	0.0109
338d5dfc-7a57-480e-8874-768b41bdd174	14	26314709	26314712	4	-1.213
338d5dfc-7a57-480e-8874-768b41bdd174	14	26315707	40139724	8521	0.0038
338d5dfc-7a57-480e-8874-768b41bdd174	14	40144718	40147715	2	1.4759
338d5dfc-7a57-480e-8874-768b41bdd174	14	40148961	51363739	6726	0.0165
338d5dfc-7a57-480e-8874-768b41bdd174	14	51364601	73529070	14451	-0.0138
338d5dfc-7a57-480e-8874-768b41bdd174	14	73534419	73554275	9	-1.4087
338d5dfc-7a57-480e-8874-768b41bdd174	14	73563196	86074249	8328	-0.006
338d5dfc-7a57-480e-8874-768b41bdd174	14	86081695	86105166	10	-0.8963
338d5dfc-7a57-480e-8874-768b41bdd174	14	86122353	98414748	8492	-0.0009
338d5dfc-7a57-480e-8874-768b41bdd174	14	98415072	98415097	2	-1.4398
338d5dfc-7a57-480e-8874-768b41bdd174	14	98416526	106258891	3991	0.0042
338d5dfc-7a57-480e-8874-768b41bdd174	14	106260759	106284182	12	0.4878
338d5dfc-7a57-480e-8874-768b41bdd174	14	106290131	106321086	22	-0.1976
338d5dfc-7a57-480e-8874-768b41bdd174	14	106340102	106346129	7	1.137
338d5dfc-7a57-480e-8874-768b41bdd174	14	106360014	106719325	202	0.0631
338d5dfc-7a57-480e-8874-768b41bdd174	14	106769689	106770361	4	-0.8841
338d5dfc-7a57-480e-8874-768b41bdd174	14	106775945	106877229	68	0.0495
338d5dfc-7a57-480e-8874-768b41bdd174	15	19811075	20060725	52	-0.0188
338d5dfc-7a57-480e-8874-768b41bdd174	15	20062609	20373168	36	-0.4347
338d5dfc-7a57-480e-8874-768b41bdd174	15	20376198	20376202	5	0.1174
338d5dfc-7a57-480e-8874-768b41bdd174	15	20376309	20381704	12	-1.4006
338d5dfc-7a57-480e-8874-768b41bdd174	15	20384774	22299009	100	-0.2458
338d5dfc-7a57-480e-8874-768b41bdd174	15	22299523	24215562	904	0.011
338d5dfc-7a57-480e-8874-768b41bdd174	15	24215647	24424598	88	-0.1437
338d5dfc-7a57-480e-8874-768b41bdd174	15	24429604	24480146	35	-0.5875
338d5dfc-7a57-480e-8874-768b41bdd174	15	24482084	32179735	4676	0.0159
338d5dfc-7a57-480e-8874-768b41bdd174	15	32212063	32285940	15	-0.8996
338d5dfc-7a57-480e-8874-768b41bdd174	15	32307601	47419420	9315	0.0023
338d5dfc-7a57-480e-8874-768b41bdd174	15	47420622	47649750	186	-0.2485
338d5dfc-7a57-480e-8874-768b41bdd174	15	47651931	53492691	3669	0.0034
338d5dfc-7a57-480e-8874-768b41bdd174	15	53492794	53493082	6	-2.0151
338d5dfc-7a57-480e-8874-768b41bdd174	15	53498050	96329066	28364	0.0061
338d5dfc-7a57-480e-8874-768b41bdd174	15	96329570	97993499	1166	-0.2361
338d5dfc-7a57-480e-8874-768b41bdd174	15	97994749	101626041	2736	0.009
338d5dfc-7a57-480e-8874-768b41bdd174	15	101634080	101690447	37	-1.0762
338d5dfc-7a57-480e-8874-768b41bdd174	15	101692881	101928837	113	0.0121
338d5dfc-7a57-480e-8874-768b41bdd174	16	10777	4238433	1754	0.0018
338d5dfc-7a57-480e-8874-768b41bdd174	16	4238922	22430699	13005	0.0448
338d5dfc-7a57-480e-8874-768b41bdd174	16	22546611	22701658	74	-0.225
338d5dfc-7a57-480e-8874-768b41bdd174	16	22706267	30889436	4652	0.0393
338d5dfc-7a57-480e-8874-768b41bdd174	16	30895425	55761136	7426	0.0051
338d5dfc-7a57-480e-8874-768b41bdd174	16	55762477	55782734	18	-2.7657
338d5dfc-7a57-480e-8874-768b41bdd174	16	55782793	55808442	5	-0.832
338d5dfc-7a57-480e-8874-768b41bdd174	16	55808470	55824881	12	0.8314
338d5dfc-7a57-480e-8874-768b41bdd174	16	55834527	72515486	9777	0.0024
338d5dfc-7a57-480e-8874-768b41bdd174	16	72517807	72661799	63	-0.2553
338d5dfc-7a57-480e-8874-768b41bdd174	16	72662247	78337711	4409	0.0071
338d5dfc-7a57-480e-8874-768b41bdd174	16	78338543	78350841	16	0.7132
338d5dfc-7a57-480e-8874-768b41bdd174	16	78350868	78689202	461	-0.1142
338d5dfc-7a57-480e-8874-768b41bdd174	16	78689215	83855023	5763	0.011
338d5dfc-7a57-480e-8874-768b41bdd174	16	83855128	83858164	6	-0.8509
338d5dfc-7a57-480e-8874-768b41bdd174	16	83858313	88076816	3541	0.0071
338d5dfc-7a57-480e-8874-768b41bdd174	16	88080057	88081232	3	-1.5554
338d5dfc-7a57-480e-8874-768b41bdd174	16	88081785	89946519	743	0.0018
338d5dfc-7a57-480e-8874-768b41bdd174	16	89954453	90096867	94	-0.1134
338d5dfc-7a57-480e-8874-768b41bdd174	17	150733	18414080	11387	0.0085
338d5dfc-7a57-480e-8874-768b41bdd174	17	18452078	18561907	27	0.6574
338d5dfc-7a57-480e-8874-768b41bdd174	17	18565883	41265456	9392	-0.0006
338d5dfc-7a57-480e-8874-768b41bdd174	17	41266762	41274198	23	-1.1828
338d5dfc-7a57-480e-8874-768b41bdd174	17	41274279	83091923	24178	0.0025
338d5dfc-7a57-480e-8874-768b41bdd174	18	48133	92133	8	-0.8263
338d5dfc-7a57-480e-8874-768b41bdd174	18	97829	2725654	1916	0.009
338d5dfc-7a57-480e-8874-768b41bdd174	18	2725709	2748142	13	0.5477
338d5dfc-7a57-480e-8874-768b41bdd174	18	2748325	10133182	5485	0
338d5dfc-7a57-480e-8874-768b41bdd174	18	10136599	10143653	14	0.6465
338d5dfc-7a57-480e-8874-768b41bdd174	18	10145813	53740491	24316	-0.0037
338d5dfc-7a57-480e-8874-768b41bdd174	18	53740727	53740840	4	-1.4131
338d5dfc-7a57-480e-8874-768b41bdd174	18	53740980	65528052	8125	0.0002
338d5dfc-7a57-480e-8874-768b41bdd174	18	65528534	66019037	361	0.0902
338d5dfc-7a57-480e-8874-768b41bdd174	18	66019462	67286412	859	-0.0172
338d5dfc-7a57-480e-8874-768b41bdd174	18	67291970	67300028	21	-2.4393
338d5dfc-7a57-480e-8874-768b41bdd174	18	67300481	69076108	1374	0.0138
338d5dfc-7a57-480e-8874-768b41bdd174	18	69078869	69090513	41	-0.6613
338d5dfc-7a57-480e-8874-768b41bdd174	18	69090550	69646588	463	0.0087
338d5dfc-7a57-480e-8874-768b41bdd174	18	69646882	69647341	2	-1.5245
338d5dfc-7a57-480e-8874-768b41bdd174	18	69648662	71952140	1559	0.0052
338d5dfc-7a57-480e-8874-768b41bdd174	18	71953524	71953582	2	-1.6174
338d5dfc-7a57-480e-8874-768b41bdd174	18	71956607	73626919	1319	0.0524
338d5dfc-7a57-480e-8874-768b41bdd174	18	73631071	80257174	4820	-0.0031
338d5dfc-7a57-480e-8874-768b41bdd174	19	90910	255578	4	0.3032
338d5dfc-7a57-480e-8874-768b41bdd174	19	255830	5506648	1585	-0.2483
338d5dfc-7a57-480e-8874-768b41bdd174	19	5510228	5510569	2	-3.1568
338d5dfc-7a57-480e-8874-768b41bdd174	19	5510642	14853178	4420	-0.2168
338d5dfc-7a57-480e-8874-768b41bdd174	19	14853283	16594674	1137	0.0017
338d5dfc-7a57-480e-8874-768b41bdd174	19	16597078	16599238	3	1.1107
338d5dfc-7a57-480e-8874-768b41bdd174	19	16601509	20541093	1840	0.0167
338d5dfc-7a57-480e-8874-768b41bdd174	19	20542173	20663318	72	0.2413
338d5dfc-7a57-480e-8874-768b41bdd174	19	20663607	35358420	7633	0.0105
338d5dfc-7a57-480e-8874-768b41bdd174	19	35364451	35370877	20	-0.4541
338d5dfc-7a57-480e-8874-768b41bdd174	19	35370946	51628560	8029	0.0049
338d5dfc-7a57-480e-8874-768b41bdd174	19	51639099	51644944	11	-2.975
338d5dfc-7a57-480e-8874-768b41bdd174	19	51651652	54801157	2027	0.0302
338d5dfc-7a57-480e-8874-768b41bdd174	19	54801545	54802362	2	-1.735
338d5dfc-7a57-480e-8874-768b41bdd174	19	54802832	55111236	178	0.0298
338d5dfc-7a57-480e-8874-768b41bdd174	19	55111373	58586487	2125	0.2083
338d5dfc-7a57-480e-8874-768b41bdd174	20	80664	1580353	1203	0.016
338d5dfc-7a57-480e-8874-768b41bdd174	20	1580934	1609611	37	3.1342
338d5dfc-7a57-480e-8874-768b41bdd174	20	1609809	47148347	28809	0.0088
338d5dfc-7a57-480e-8874-768b41bdd174	20	47151467	47161314	14	-0.8478
338d5dfc-7a57-480e-8874-768b41bdd174	20	47162110	64324800	12293	0.0034
338d5dfc-7a57-480e-8874-768b41bdd174	21	10354168	10558331	52	0.1225
338d5dfc-7a57-480e-8874-768b41bdd174	21	10559033	10775586	35	-0.2274
338d5dfc-7a57-480e-8874-768b41bdd174	21	12973348	13084095	13	0.0853
338d5dfc-7a57-480e-8874-768b41bdd174	21	13092058	13166157	10	-0.5493
338d5dfc-7a57-480e-8874-768b41bdd174	21	13166236	22283580	6189	0.0129
338d5dfc-7a57-480e-8874-768b41bdd174	21	22285238	22296972	10	-0.8114
338d5dfc-7a57-480e-8874-768b41bdd174	21	22301563	38446915	11804	0.0065
338d5dfc-7a57-480e-8874-768b41bdd174	21	38447640	38501749	129	0.2385
338d5dfc-7a57-480e-8874-768b41bdd174	21	38501838	46677045	5598	0.0026
338d5dfc-7a57-480e-8874-768b41bdd174	22	15294547	19008941	1177	0.0355
338d5dfc-7a57-480e-8874-768b41bdd174	22	19009830	19019471	15	-0.935
338d5dfc-7a57-480e-8874-768b41bdd174	22	19037293	38967614	14038	0.0077
338d5dfc-7a57-480e-8874-768b41bdd174	22	38967679	38999277	29	-0.5739
338d5dfc-7a57-480e-8874-768b41bdd174	22	38999293	50528603	7856	0.0039
338d5dfc-7a57-480e-8874-768b41bdd174	22	50534679	50534687	5	-1.0845
338d5dfc-7a57-480e-8874-768b41bdd174	22	50535325	50796027	143	-0.0344
338d5dfc-7a57-480e-8874-768b41bdd174	X	251810	13716562	8294	0.0036
338d5dfc-7a57-480e-8874-768b41bdd174	X	13717292	13757957	18	-0.6986
338d5dfc-7a57-480e-8874-768b41bdd174	X	13759076	13924836	138	0.0045
338d5dfc-7a57-480e-8874-768b41bdd174	X	13928663	13928837	3	-4.9106
338d5dfc-7a57-480e-8874-768b41bdd174	X	13929894	31134061	10578	0.0109
338d5dfc-7a57-480e-8874-768b41bdd174	X	31139004	31139107	2	-2.8768
338d5dfc-7a57-480e-8874-768b41bdd174	X	31142980	46621038	9177	0.0127
338d5dfc-7a57-480e-8874-768b41bdd174	X	46624804	47059940	222	0.7601
338d5dfc-7a57-480e-8874-768b41bdd174	X	47061173	155952689	55076	0.0068
338d5dfc-7a57-480e-8874-768b41bdd174	Y	2782397	14059401	3490	-1.0074
338d5dfc-7a57-480e-8874-768b41bdd174	Y	14059832	14235414	114	-0.0658
338d5dfc-7a57-480e-8874-768b41bdd174	Y	14235742	20615576	2232	-1.0114
338d5dfc-7a57-480e-8874-768b41bdd174	Y	20616145	20708536	45	-0.5477
338d5dfc-7a57-480e-8874-768b41bdd174	Y	20712441	25535507	578	-1.0228
338d5dfc-7a57-480e-8874-768b41bdd174	Y	25614692	25692892	2	-3.4574
338d5dfc-7a57-480e-8874-768b41bdd174	Y	25692987	56872112	175	-1.0139
