GDC_Aliquot	Chromosome	Start	End	Num_Probes	Segment_Mean
79d2cd96-4755-4305-a95d-3f6be4a162e5	1	62920	259407	14	0.3531
79d2cd96-4755-4305-a95d-3f6be4a162e5	1	259422	3296382	720	-0.2425
79d2cd96-4755-4305-a95d-3f6be4a162e5	1	3298168	11351375	4958	-0.1076
79d2cd96-4755-4305-a95d-3f6be4a162e5	1	11354115	11357925	4	-1.3194
79d2cd96-4755-4305-a95d-3f6be4a162e5	1	11359754	12779433	773	-0.1087
79d2cd96-4755-4305-a95d-3f6be4a162e5	1	12792599	13270143	39	0.3628
79d2cd96-4755-4305-a95d-3f6be4a162e5	1	13323538	72303233	36108	-0.1064
79d2cd96-4755-4305-a95d-3f6be4a162e5	1	72303253	72345465	45	1.1508
79d2cd96-4755-4305-a95d-3f6be4a162e5	1	72346221	72356822	9	-0.2462
79d2cd96-4755-4305-a95d-3f6be4a162e5	1	72357114	72363664	7	0.2965
79d2cd96-4755-4305-a95d-3f6be4a162e5	1	72374993	72498429	70	-0.1385
79d2cd96-4755-4305-a95d-3f6be4a162e5	1	72499576	72525750	17	-0.9382
79d2cd96-4755-4305-a95d-3f6be4a162e5	1	72526006	110834746	24247	-0.1118
79d2cd96-4755-4305-a95d-3f6be4a162e5	1	110834943	110851091	44	-0.5915
79d2cd96-4755-4305-a95d-3f6be4a162e5	1	110852244	112147704	1062	-0.1148
79d2cd96-4755-4305-a95d-3f6be4a162e5	1	112153343	112154619	23	-0.5482
79d2cd96-4755-4305-a95d-3f6be4a162e5	1	112154754	120414592	5045	-0.1053
79d2cd96-4755-4305-a95d-3f6be4a162e5	1	120885464	120954128	3	1.2517
79d2cd96-4755-4305-a95d-3f6be4a162e5	1	120954165	143546851	101	-0.0385
79d2cd96-4755-4305-a95d-3f6be4a162e5	1	143547055	143748012	92	-0.7763
79d2cd96-4755-4305-a95d-3f6be4a162e5	1	143748074	143754798	18	-0.0761
79d2cd96-4755-4305-a95d-3f6be4a162e5	1	143759680	143796140	4	-0.9257
79d2cd96-4755-4305-a95d-3f6be4a162e5	1	143811517	144442092	11	-0.0758
79d2cd96-4755-4305-a95d-3f6be4a162e5	1	144442098	152588065	2304	0.7123
79d2cd96-4755-4305-a95d-3f6be4a162e5	1	152588392	152588407	2	4.7128
79d2cd96-4755-4305-a95d-3f6be4a162e5	1	152598693	152614118	24	0.3165
79d2cd96-4755-4305-a95d-3f6be4a162e5	1	152618018	156932572	2309	0.7072
79d2cd96-4755-4305-a95d-3f6be4a162e5	1	156932927	157075936	87	0.3799
79d2cd96-4755-4305-a95d-3f6be4a162e5	1	157076495	157295539	140	0.6876
79d2cd96-4755-4305-a95d-3f6be4a162e5	1	157300051	157300721	2	-0.41
79d2cd96-4755-4305-a95d-3f6be4a162e5	1	157302724	158896783	1253	0.7098
79d2cd96-4755-4305-a95d-3f6be4a162e5	1	158898711	158899969	2	-0.9408
79d2cd96-4755-4305-a95d-3f6be4a162e5	1	158905028	158916988	11	0.4222
79d2cd96-4755-4305-a95d-3f6be4a162e5	1	158917418	159682801	502	0.7327
79d2cd96-4755-4305-a95d-3f6be4a162e5	1	159685702	159771910	62	0.3722
79d2cd96-4755-4305-a95d-3f6be4a162e5	1	159772167	169246873	7056	0.712
79d2cd96-4755-4305-a95d-3f6be4a162e5	1	169247699	169272528	8	1.4365
79d2cd96-4755-4305-a95d-3f6be4a162e5	1	169273163	172944424	2499	0.7136
79d2cd96-4755-4305-a95d-3f6be4a162e5	1	172944437	172944486	2	-0.6836
79d2cd96-4755-4305-a95d-3f6be4a162e5	1	172945144	176547752	2135	0.7083
79d2cd96-4755-4305-a95d-3f6be4a162e5	1	176548393	176548620	2	-1.0147
79d2cd96-4755-4305-a95d-3f6be4a162e5	1	176553330	190001386	9021	0.7218
79d2cd96-4755-4305-a95d-3f6be4a162e5	1	190001399	190015349	27	1.0676
79d2cd96-4755-4305-a95d-3f6be4a162e5	1	190015496	193987597	2664	0.7334
79d2cd96-4755-4305-a95d-3f6be4a162e5	1	193989629	194078634	70	-0.884
79d2cd96-4755-4305-a95d-3f6be4a162e5	1	194080765	194479104	246	0.7476
79d2cd96-4755-4305-a95d-3f6be4a162e5	1	194482281	194485888	2	2.2415
79d2cd96-4755-4305-a95d-3f6be4a162e5	1	194487886	196769851	1456	0.7473
79d2cd96-4755-4305-a95d-3f6be4a162e5	1	196770842	196854187	54	1.0012
79d2cd96-4755-4305-a95d-3f6be4a162e5	1	196854483	198335406	814	0.7303
79d2cd96-4755-4305-a95d-3f6be4a162e5	1	198337730	198338649	3	-0.7284
79d2cd96-4755-4305-a95d-3f6be4a162e5	1	198342229	222193326	16517	0.7234
79d2cd96-4755-4305-a95d-3f6be4a162e5	1	222201492	222203662	2	-1.1529
79d2cd96-4755-4305-a95d-3f6be4a162e5	1	222208792	227517157	3221	0.7192
79d2cd96-4755-4305-a95d-3f6be4a162e5	1	227517225	227604154	62	0.9996
79d2cd96-4755-4305-a95d-3f6be4a162e5	1	227607252	229675422	1142	0.7017
79d2cd96-4755-4305-a95d-3f6be4a162e5	1	229681109	229684738	5	-0.4103
79d2cd96-4755-4305-a95d-3f6be4a162e5	1	229684784	240228440	8077	0.7239
79d2cd96-4755-4305-a95d-3f6be4a162e5	1	240230715	240230839	6	-1.9663
79d2cd96-4755-4305-a95d-3f6be4a162e5	1	240232805	248633821	5697	0.7214
79d2cd96-4755-4305-a95d-3f6be4a162e5	1	248633912	248673020	12	0.1046
79d2cd96-4755-4305-a95d-3f6be4a162e5	1	248681521	248930189	130	0.7233
79d2cd96-4755-4305-a95d-3f6be4a162e5	2	12784	694759	488	-0.1133
79d2cd96-4755-4305-a95d-3f6be4a162e5	2	695768	1897051	741	-0.2051
79d2cd96-4755-4305-a95d-3f6be4a162e5	2	1906775	20465308	14183	-0.1028
79d2cd96-4755-4305-a95d-3f6be4a162e5	2	20465600	20494362	22	0.4909
79d2cd96-4755-4305-a95d-3f6be4a162e5	2	20495780	40105711	12635	-0.1026
79d2cd96-4755-4305-a95d-3f6be4a162e5	2	40108270	40108736	3	-2.0822
79d2cd96-4755-4305-a95d-3f6be4a162e5	2	40109500	40699589	509	-0.1258
79d2cd96-4755-4305-a95d-3f6be4a162e5	2	40700235	40722466	34	-0.886
79d2cd96-4755-4305-a95d-3f6be4a162e5	2	40724376	52527330	8388	-0.0896
79d2cd96-4755-4305-a95d-3f6be4a162e5	2	52527342	52554404	39	-0.5495
79d2cd96-4755-4305-a95d-3f6be4a162e5	2	52560811	77746919	16231	-0.103
79d2cd96-4755-4305-a95d-3f6be4a162e5	2	77749572	77750052	4	1.5678
79d2cd96-4755-4305-a95d-3f6be4a162e5	2	77750066	77769744	42	0.7258
79d2cd96-4755-4305-a95d-3f6be4a162e5	2	77769759	87208114	5667	-0.0922
79d2cd96-4755-4305-a95d-3f6be4a162e5	2	87211079	87218834	3	-1.4536
79d2cd96-4755-4305-a95d-3f6be4a162e5	2	87221597	106265177	7383	-0.0977
79d2cd96-4755-4305-a95d-3f6be4a162e5	2	106266773	106268901	8	-2.227
79d2cd96-4755-4305-a95d-3f6be4a162e5	2	106270799	113604438	3777	-0.108
79d2cd96-4755-4305-a95d-3f6be4a162e5	2	113604837	113604839	2	-1.826
79d2cd96-4755-4305-a95d-3f6be4a162e5	2	113623244	146104517	19969	-0.1002
79d2cd96-4755-4305-a95d-3f6be4a162e5	2	146106836	146109366	24	-1.684
79d2cd96-4755-4305-a95d-3f6be4a162e5	2	146120238	216881566	42914	-0.103
79d2cd96-4755-4305-a95d-3f6be4a162e5	2	216882015	216883185	3	-1.4273
79d2cd96-4755-4305-a95d-3f6be4a162e5	2	216884968	220387270	2136	-0.1087
79d2cd96-4755-4305-a95d-3f6be4a162e5	2	220389893	220397397	5	-1.0541
79d2cd96-4755-4305-a95d-3f6be4a162e5	2	220402840	241592107	13671	-0.1013
79d2cd96-4755-4305-a95d-3f6be4a162e5	2	241600249	241993382	54	-0.4031
79d2cd96-4755-4305-a95d-3f6be4a162e5	2	241994287	242147305	107	-0.1514
79d2cd96-4755-4305-a95d-3f6be4a162e5	3	20930	182919	154	-0.1298
79d2cd96-4755-4305-a95d-3f6be4a162e5	3	188339	191117	4	-3.1175
79d2cd96-4755-4305-a95d-3f6be4a162e5	3	193194	9050760	7781	-0.1139
79d2cd96-4755-4305-a95d-3f6be4a162e5	3	9050977	9051206	2	-2.3357
79d2cd96-4755-4305-a95d-3f6be4a162e5	3	9051430	60871381	33520	-0.1245
79d2cd96-4755-4305-a95d-3f6be4a162e5	3	60872639	68697013	6147	0.3787
79d2cd96-4755-4305-a95d-3f6be4a162e5	3	68697108	68698262	14	-1.3473
79d2cd96-4755-4305-a95d-3f6be4a162e5	3	68699607	84053071	9579	0.39
79d2cd96-4755-4305-a95d-3f6be4a162e5	3	84056282	84057015	2	-1.0019
79d2cd96-4755-4305-a95d-3f6be4a162e5	3	84061816	84650033	300	0.4043
79d2cd96-4755-4305-a95d-3f6be4a162e5	3	84650533	84652985	14	-0.6317
79d2cd96-4755-4305-a95d-3f6be4a162e5	3	84653010	86247522	935	0.3964
79d2cd96-4755-4305-a95d-3f6be4a162e5	3	86248937	89475943	1880	-0.1003
79d2cd96-4755-4305-a95d-3f6be4a162e5	3	89487306	89497867	5	-1.176
79d2cd96-4755-4305-a95d-3f6be4a162e5	3	89503594	104430653	6113	-0.1079
79d2cd96-4755-4305-a95d-3f6be4a162e5	3	104430738	104432198	13	-0.6668
79d2cd96-4755-4305-a95d-3f6be4a162e5	3	104436086	129593367	15489	-0.117
79d2cd96-4755-4305-a95d-3f6be4a162e5	3	129594146	129597751	2	-1.5103
79d2cd96-4755-4305-a95d-3f6be4a162e5	3	129598742	130067097	216	-0.1235
79d2cd96-4755-4305-a95d-3f6be4a162e5	3	130067366	130079892	26	-0.5369
79d2cd96-4755-4305-a95d-3f6be4a162e5	3	130079938	132273893	1441	-0.134
79d2cd96-4755-4305-a95d-3f6be4a162e5	3	132273929	132276840	3	-2.2106
79d2cd96-4755-4305-a95d-3f6be4a162e5	3	132281633	136300257	2579	-0.1214
79d2cd96-4755-4305-a95d-3f6be4a162e5	3	136304109	136306584	2	-2.6306
79d2cd96-4755-4305-a95d-3f6be4a162e5	3	136319699	162815162	16200	-0.1135
79d2cd96-4755-4305-a95d-3f6be4a162e5	3	162816942	162822702	6	1.2608
79d2cd96-4755-4305-a95d-3f6be4a162e5	3	162827928	166197739	1923	-0.0779
79d2cd96-4755-4305-a95d-3f6be4a162e5	3	166198970	172671968	3943	-0.1318
79d2cd96-4755-4305-a95d-3f6be4a162e5	3	172672070	176965646	2835	-0.0933
79d2cd96-4755-4305-a95d-3f6be4a162e5	3	176970284	176970480	2	-1.8707
79d2cd96-4755-4305-a95d-3f6be4a162e5	3	176970709	193161217	10457	-0.1202
79d2cd96-4755-4305-a95d-3f6be4a162e5	3	193162684	193165114	13	-1.0005
79d2cd96-4755-4305-a95d-3f6be4a162e5	3	193168646	194974578	1205	-0.1194
79d2cd96-4755-4305-a95d-3f6be4a162e5	3	194974592	194974592	2	-3.1637
79d2cd96-4755-4305-a95d-3f6be4a162e5	3	194974620	195974457	401	-0.1468
79d2cd96-4755-4305-a95d-3f6be4a162e5	3	195982791	195991894	2	-1.6905
79d2cd96-4755-4305-a95d-3f6be4a162e5	3	195998433	198169247	1076	-0.1128
79d2cd96-4755-4305-a95d-3f6be4a162e5	4	68929	740563	253	0.3795
79d2cd96-4755-4305-a95d-3f6be4a162e5	4	756515	756877	2	-1.0888
79d2cd96-4755-4305-a95d-3f6be4a162e5	4	761422	1060146	102	0.2328
79d2cd96-4755-4305-a95d-3f6be4a162e5	4	1060371	3775828	1177	0.3842
79d2cd96-4755-4305-a95d-3f6be4a162e5	4	3785421	4112194	88	0.1972
79d2cd96-4755-4305-a95d-3f6be4a162e5	4	4117230	4117959	2	-1.4586
79d2cd96-4755-4305-a95d-3f6be4a162e5	4	4121101	9455251	3517	0.3659
79d2cd96-4755-4305-a95d-3f6be4a162e5	4	9459504	9477560	5	-0.8331
79d2cd96-4755-4305-a95d-3f6be4a162e5	4	9477699	10208766	538	0.3545
79d2cd96-4755-4305-a95d-3f6be4a162e5	4	10221792	10233644	35	-1.5931
79d2cd96-4755-4305-a95d-3f6be4a162e5	4	10234518	10272578	49	0.2607
79d2cd96-4755-4305-a95d-3f6be4a162e5	4	10273002	10274358	4	-2.3059
79d2cd96-4755-4305-a95d-3f6be4a162e5	4	10274728	34771893	16876	0.3834
79d2cd96-4755-4305-a95d-3f6be4a162e5	4	34777238	34828250	46	0.8429
79d2cd96-4755-4305-a95d-3f6be4a162e5	4	34828291	47513905	7974	0.3889
79d2cd96-4755-4305-a95d-3f6be4a162e5	4	47520278	57383692	4692	-0.1085
79d2cd96-4755-4305-a95d-3f6be4a162e5	4	57390209	57392188	6	-1.2051
79d2cd96-4755-4305-a95d-3f6be4a162e5	4	57397085	68506285	6734	-0.1129
79d2cd96-4755-4305-a95d-3f6be4a162e5	4	68509223	68623617	66	-1.5657
79d2cd96-4755-4305-a95d-3f6be4a162e5	4	68639397	108464432	24017	-0.1175
79d2cd96-4755-4305-a95d-3f6be4a162e5	4	108466650	108467479	2	-2.6277
79d2cd96-4755-4305-a95d-3f6be4a162e5	4	108482941	114252544	3583	-0.1214
79d2cd96-4755-4305-a95d-3f6be4a162e5	4	114254167	114261019	23	-1.4634
79d2cd96-4755-4305-a95d-3f6be4a162e5	4	114263073	115251886	614	-0.1186
79d2cd96-4755-4305-a95d-3f6be4a162e5	4	115251961	115254969	17	-0.6603
79d2cd96-4755-4305-a95d-3f6be4a162e5	4	115259026	132893377	10238	-0.1159
79d2cd96-4755-4305-a95d-3f6be4a162e5	4	132894989	132902987	12	-0.6712
79d2cd96-4755-4305-a95d-3f6be4a162e5	4	132905112	139541111	3970	-0.1052
79d2cd96-4755-4305-a95d-3f6be4a162e5	4	139547921	139864361	239	0.4205
79d2cd96-4755-4305-a95d-3f6be4a162e5	4	139865715	160958989	12785	-0.1201
79d2cd96-4755-4305-a95d-3f6be4a162e5	4	160959045	160963448	17	-2.404
79d2cd96-4755-4305-a95d-3f6be4a162e5	4	160963756	160963971	8	-0.8688
79d2cd96-4755-4305-a95d-3f6be4a162e5	4	160964013	162354159	908	-0.1005
79d2cd96-4755-4305-a95d-3f6be4a162e5	4	162356611	162357305	2	-4.072
79d2cd96-4755-4305-a95d-3f6be4a162e5	4	162360395	162362283	6	-0.6464
79d2cd96-4755-4305-a95d-3f6be4a162e5	4	162362401	171453876	5721	-0.1145
79d2cd96-4755-4305-a95d-3f6be4a162e5	4	171455823	171456106	2	-1.5244
79d2cd96-4755-4305-a95d-3f6be4a162e5	4	171456122	172067997	403	-0.1011
79d2cd96-4755-4305-a95d-3f6be4a162e5	4	172068015	172068382	11	0.5415
79d2cd96-4755-4305-a95d-3f6be4a162e5	4	172074828	190106768	12049	-0.1139
79d2cd96-4755-4305-a95d-3f6be4a162e5	5	15532	1880474	917	-0.2368
79d2cd96-4755-4305-a95d-3f6be4a162e5	5	1890119	11161513	8148	-0.1097
79d2cd96-4755-4305-a95d-3f6be4a162e5	5	11162524	11162659	3	-2.9736
79d2cd96-4755-4305-a95d-3f6be4a162e5	5	11167165	15718383	3059	-0.1084
79d2cd96-4755-4305-a95d-3f6be4a162e5	5	15719113	15720488	11	-0.9885
79d2cd96-4755-4305-a95d-3f6be4a162e5	5	15723237	46191782	18402	-0.1052
79d2cd96-4755-4305-a95d-3f6be4a162e5	5	46195781	46199333	4	1.2341
79d2cd96-4755-4305-a95d-3f6be4a162e5	5	46209197	46271006	15	-0.2332
79d2cd96-4755-4305-a95d-3f6be4a162e5	5	46271828	46273400	6	-2.761
79d2cd96-4755-4305-a95d-3f6be4a162e5	5	46278110	86815939	21975	-0.112
79d2cd96-4755-4305-a95d-3f6be4a162e5	5	86819561	86825812	4	-1.9765
79d2cd96-4755-4305-a95d-3f6be4a162e5	5	86826950	181363319	59925	-0.1178
79d2cd96-4755-4305-a95d-3f6be4a162e5	6	149661	280399	114	0.768
79d2cd96-4755-4305-a95d-3f6be4a162e5	6	285695	382559	88	0.2484
79d2cd96-4755-4305-a95d-3f6be4a162e5	6	382897	29810134	21320	0.7946
79d2cd96-4755-4305-a95d-3f6be4a162e5	6	29810206	29832285	13	0.0871
79d2cd96-4755-4305-a95d-3f6be4a162e5	6	29836041	29947974	90	0.8678
79d2cd96-4755-4305-a95d-3f6be4a162e5	6	29948591	29969534	18	-0.6408
79d2cd96-4755-4305-a95d-3f6be4a162e5	6	29971000	30135272	91	0.4283
79d2cd96-4755-4305-a95d-3f6be4a162e5	6	30135554	30603694	176	0.7377
79d2cd96-4755-4305-a95d-3f6be4a162e5	6	30610096	30610189	2	2.3307
79d2cd96-4755-4305-a95d-3f6be4a162e5	6	30610271	31309909	344	0.7727
79d2cd96-4755-4305-a95d-3f6be4a162e5	6	31313046	31328674	12	-1.712
79d2cd96-4755-4305-a95d-3f6be4a162e5	6	31342147	31457722	102	0.8099
79d2cd96-4755-4305-a95d-3f6be4a162e5	6	31460392	32320685	284	0.6275
79d2cd96-4755-4305-a95d-3f6be4a162e5	6	32321581	32502142	113	0.7777
79d2cd96-4755-4305-a95d-3f6be4a162e5	6	32502190	32605994	25	2.4681
79d2cd96-4755-4305-a95d-3f6be4a162e5	6	32606237	32637799	22	1.441
79d2cd96-4755-4305-a95d-3f6be4a162e5	6	32638107	32722250	53	0.7425
79d2cd96-4755-4305-a95d-3f6be4a162e5	6	32723020	32723053	3	-0.6668
79d2cd96-4755-4305-a95d-3f6be4a162e5	6	32732907	42692401	6430	0.7849
79d2cd96-4755-4305-a95d-3f6be4a162e5	6	42692917	42693666	3	-0.6464
79d2cd96-4755-4305-a95d-3f6be4a162e5	6	42694818	43070457	167	0.7852
79d2cd96-4755-4305-a95d-3f6be4a162e5	6	43070853	43071036	4	-0.1151
79d2cd96-4755-4305-a95d-3f6be4a162e5	6	43071189	44878271	1063	0.7889
79d2cd96-4755-4305-a95d-3f6be4a162e5	6	44889999	44892930	3	-0.0908
79d2cd96-4755-4305-a95d-3f6be4a162e5	6	44893146	45024050	89	0.8745
79d2cd96-4755-4305-a95d-3f6be4a162e5	6	45028989	45053997	22	1.1457
79d2cd96-4755-4305-a95d-3f6be4a162e5	6	45054071	48963228	2521	0.8036
79d2cd96-4755-4305-a95d-3f6be4a162e5	6	48964092	48967563	5	-0.9466
79d2cd96-4755-4305-a95d-3f6be4a162e5	6	48978926	54066286	3295	0.8025
79d2cd96-4755-4305-a95d-3f6be4a162e5	6	54066353	54067057	7	1.9303
79d2cd96-4755-4305-a95d-3f6be4a162e5	6	54070550	58037310	2048	0.8085
79d2cd96-4755-4305-a95d-3f6be4a162e5	6	58049858	58051320	5	1.7751
79d2cd96-4755-4305-a95d-3f6be4a162e5	6	58060085	58408859	153	0.7651
79d2cd96-4755-4305-a95d-3f6be4a162e5	6	58409078	60351931	10	0.5559
79d2cd96-4755-4305-a95d-3f6be4a162e5	6	60352984	78262427	10923	-0.1043
79d2cd96-4755-4305-a95d-3f6be4a162e5	6	78262451	78325468	104	0.2846
79d2cd96-4755-4305-a95d-3f6be4a162e5	6	78329517	80990414	1736	-0.1156
79d2cd96-4755-4305-a95d-3f6be4a162e5	6	80990765	80991074	3	-1.3715
79d2cd96-4755-4305-a95d-3f6be4a162e5	6	80993112	94002272	8279	-0.1138
79d2cd96-4755-4305-a95d-3f6be4a162e5	6	94002641	95388284	640	-0.0285
79d2cd96-4755-4305-a95d-3f6be4a162e5	6	95388756	103286954	4770	-0.1187
79d2cd96-4755-4305-a95d-3f6be4a162e5	6	103290101	103314186	45	-1.3772
79d2cd96-4755-4305-a95d-3f6be4a162e5	6	103317795	125861617	13845	-0.1173
79d2cd96-4755-4305-a95d-3f6be4a162e5	6	125862546	125865630	3	-2.4318
79d2cd96-4755-4305-a95d-3f6be4a162e5	6	125867747	167100595	28005	-0.1167
79d2cd96-4755-4305-a95d-3f6be4a162e5	6	167102607	168971725	1091	-0.1933
79d2cd96-4755-4305-a95d-3f6be4a162e5	6	168974217	169767522	652	-0.1038
79d2cd96-4755-4305-a95d-3f6be4a162e5	6	169768346	170223083	168	-0.2456
79d2cd96-4755-4305-a95d-3f6be4a162e5	6	170224362	170741917	250	-0.1026
79d2cd96-4755-4305-a95d-3f6be4a162e5	7	43355	161442	100	-0.2175
79d2cd96-4755-4305-a95d-3f6be4a162e5	7	161517	181654	16	-0.6139
79d2cd96-4755-4305-a95d-3f6be4a162e5	7	183739	5839373	2910	-0.1183
79d2cd96-4755-4305-a95d-3f6be4a162e5	7	5843891	5895161	22	-0.807
79d2cd96-4755-4305-a95d-3f6be4a162e5	7	5897269	6791305	355	-0.0626
79d2cd96-4755-4305-a95d-3f6be4a162e5	7	6797375	6799093	3	-1.8988
79d2cd96-4755-4305-a95d-3f6be4a162e5	7	6814479	17437616	8554	-0.1035
79d2cd96-4755-4305-a95d-3f6be4a162e5	7	17441370	17462707	24	0.3086
79d2cd96-4755-4305-a95d-3f6be4a162e5	7	17464515	19000121	1256	-0.1111
79d2cd96-4755-4305-a95d-3f6be4a162e5	7	19000201	19749316	745	-0.033
79d2cd96-4755-4305-a95d-3f6be4a162e5	7	19749731	21133633	1001	-0.1339
79d2cd96-4755-4305-a95d-3f6be4a162e5	7	21134209	21141884	5	-1.4062
79d2cd96-4755-4305-a95d-3f6be4a162e5	7	21142391	38251092	12285	-0.1184
79d2cd96-4755-4305-a95d-3f6be4a162e5	7	38251113	38361356	127	0.0984
79d2cd96-4755-4305-a95d-3f6be4a162e5	7	38362895	44570462	4000	-0.1024
79d2cd96-4755-4305-a95d-3f6be4a162e5	7	44570891	44656126	49	-0.8959
79d2cd96-4755-4305-a95d-3f6be4a162e5	7	44665694	56908389	8530	-0.1064
79d2cd96-4755-4305-a95d-3f6be4a162e5	7	56997653	57134459	20	0.2881
79d2cd96-4755-4305-a95d-3f6be4a162e5	7	57135709	57457932	213	-0.1282
79d2cd96-4755-4305-a95d-3f6be4a162e5	7	57457954	109797042	26518	-0.0309
79d2cd96-4755-4305-a95d-3f6be4a162e5	7	109797043	109814172	31	0.37
79d2cd96-4755-4305-a95d-3f6be4a162e5	7	109814214	126404920	9999	-0.0378
79d2cd96-4755-4305-a95d-3f6be4a162e5	7	126405428	126406825	16	1.0654
79d2cd96-4755-4305-a95d-3f6be4a162e5	7	126406826	154598185	17528	-0.0417
79d2cd96-4755-4305-a95d-3f6be4a162e5	7	154601461	154607903	4	-2.3783
79d2cd96-4755-4305-a95d-3f6be4a162e5	7	154609120	157806126	2282	-0.0435
79d2cd96-4755-4305-a95d-3f6be4a162e5	7	157807653	159334314	943	-0.1
79d2cd96-4755-4305-a95d-3f6be4a162e5	8	81254	162796	2	0.1581
79d2cd96-4755-4305-a95d-3f6be4a162e5	8	163380	643041	314	-1.0219
79d2cd96-4755-4305-a95d-3f6be4a162e5	8	644944	645908	10	0.5269
79d2cd96-4755-4305-a95d-3f6be4a162e5	8	656117	3866726	2903	-1.0029
79d2cd96-4755-4305-a95d-3f6be4a162e5	8	3866762	3866920	2	-4.7312
79d2cd96-4755-4305-a95d-3f6be4a162e5	8	3867050	3867814	4	-2.0057
79d2cd96-4755-4305-a95d-3f6be4a162e5	8	3867973	23544795	16924	-0.9275
79d2cd96-4755-4305-a95d-3f6be4a162e5	8	23550227	23550358	5	-2.9379
79d2cd96-4755-4305-a95d-3f6be4a162e5	8	23550392	24872902	944	-0.9228
79d2cd96-4755-4305-a95d-3f6be4a162e5	8	24873039	24879410	7	-1.9835
79d2cd96-4755-4305-a95d-3f6be4a162e5	8	24882378	24981148	76	-0.9727
79d2cd96-4755-4305-a95d-3f6be4a162e5	8	24982556	24982805	3	-2.0626
79d2cd96-4755-4305-a95d-3f6be4a162e5	8	24982980	25114672	98	-0.9192
79d2cd96-4755-4305-a95d-3f6be4a162e5	8	25116928	25126818	27	-0.2125
79d2cd96-4755-4305-a95d-3f6be4a162e5	8	25133589	27627160	1920	-0.9146
79d2cd96-4755-4305-a95d-3f6be4a162e5	8	27627435	27631904	2	-2.6885
79d2cd96-4755-4305-a95d-3f6be4a162e5	8	27638563	29486945	1195	-0.92
79d2cd96-4755-4305-a95d-3f6be4a162e5	8	29489981	29490812	2	-3.2785
79d2cd96-4755-4305-a95d-3f6be4a162e5	8	29492605	39373140	5828	-0.9011
79d2cd96-4755-4305-a95d-3f6be4a162e5	8	39378084	39403478	13	-2.0493
79d2cd96-4755-4305-a95d-3f6be4a162e5	8	39426685	39647715	123	0.4477
79d2cd96-4755-4305-a95d-3f6be4a162e5	8	39648221	42245703	1778	-0.9349
79d2cd96-4755-4305-a95d-3f6be4a162e5	8	42245804	43931659	713	-0.7907
79d2cd96-4755-4305-a95d-3f6be4a162e5	8	45951913	63936079	11038	0.4674
79d2cd96-4755-4305-a95d-3f6be4a162e5	8	63936340	63936561	6	1.9296
79d2cd96-4755-4305-a95d-3f6be4a162e5	8	63936953	91576333	16239	0.4671
79d2cd96-4755-4305-a95d-3f6be4a162e5	8	91576577	91577618	3	-1.3107
79d2cd96-4755-4305-a95d-3f6be4a162e5	8	91579377	105240073	8389	0.4603
79d2cd96-4755-4305-a95d-3f6be4a162e5	8	105241529	111199256	3592	0.8632
79d2cd96-4755-4305-a95d-3f6be4a162e5	8	111206851	111209830	5	-0.1076
79d2cd96-4755-4305-a95d-3f6be4a162e5	8	111212963	111279265	32	0.9049
79d2cd96-4755-4305-a95d-3f6be4a162e5	8	111282050	111283031	10	1.7896
79d2cd96-4755-4305-a95d-3f6be4a162e5	8	111288052	113561897	1202	0.8814
79d2cd96-4755-4305-a95d-3f6be4a162e5	8	113567382	113567383	2	-0.4091
79d2cd96-4755-4305-a95d-3f6be4a162e5	8	113580472	114696039	681	0.8494
79d2cd96-4755-4305-a95d-3f6be4a162e5	8	114696656	114842166	98	1.0493
79d2cd96-4755-4305-a95d-3f6be4a162e5	8	114843033	134046077	13664	0.835
79d2cd96-4755-4305-a95d-3f6be4a162e5	8	134049012	134054465	16	-0.1437
79d2cd96-4755-4305-a95d-3f6be4a162e5	8	134062966	134154287	136	0.7716
79d2cd96-4755-4305-a95d-3f6be4a162e5	8	134154288	134154292	3	-0.4826
79d2cd96-4755-4305-a95d-3f6be4a162e5	8	134156845	139126107	3946	0.8418
79d2cd96-4755-4305-a95d-3f6be4a162e5	8	139126691	139136742	13	0.1038
79d2cd96-4755-4305-a95d-3f6be4a162e5	8	139137214	140991101	1288	0.8479
79d2cd96-4755-4305-a95d-3f6be4a162e5	8	140991267	142384318	847	0.7349
79d2cd96-4755-4305-a95d-3f6be4a162e5	8	142384519	142384532	2	-0.8393
79d2cd96-4755-4305-a95d-3f6be4a162e5	8	142392565	143217284	313	0.8155
79d2cd96-4755-4305-a95d-3f6be4a162e5	8	143217495	143217531	2	-0.9782
79d2cd96-4755-4305-a95d-3f6be4a162e5	8	143222462	143616987	130	0.8354
79d2cd96-4755-4305-a95d-3f6be4a162e5	8	143622987	143625638	9	0.0825
79d2cd96-4755-4305-a95d-3f6be4a162e5	8	143636819	145072769	503	0.7707
79d2cd96-4755-4305-a95d-3f6be4a162e5	9	46587	61420	5	-1.0176
79d2cd96-4755-4305-a95d-3f6be4a162e5	9	63524	9658042	9163	-0.1119
79d2cd96-4755-4305-a95d-3f6be4a162e5	9	9662343	12527414	2467	-0.0582
79d2cd96-4755-4305-a95d-3f6be4a162e5	9	12531493	13569434	738	-0.0975
79d2cd96-4755-4305-a95d-3f6be4a162e5	9	13571609	13575892	3	-1.4626
79d2cd96-4755-4305-a95d-3f6be4a162e5	9	13575930	17636429	3449	-0.1101
79d2cd96-4755-4305-a95d-3f6be4a162e5	9	17636443	17636676	5	-3.2039
79d2cd96-4755-4305-a95d-3f6be4a162e5	9	17641130	39140250	15194	-0.1057
79d2cd96-4755-4305-a95d-3f6be4a162e5	9	39140318	41050618	85	0.1561
79d2cd96-4755-4305-a95d-3f6be4a162e5	9	41050990	42501791	93	-0.1964
79d2cd96-4755-4305-a95d-3f6be4a162e5	9	42524983	68426962	283	0.1248
79d2cd96-4755-4305-a95d-3f6be4a162e5	9	68429974	76939544	6271	-0.1038
79d2cd96-4755-4305-a95d-3f6be4a162e5	9	76941965	76944420	4	-1.4912
79d2cd96-4755-4305-a95d-3f6be4a162e5	9	76951948	98871123	15092	-0.1105
79d2cd96-4755-4305-a95d-3f6be4a162e5	9	98872337	98873926	4	-1.4533
79d2cd96-4755-4305-a95d-3f6be4a162e5	9	98875916	138200944	26349	-0.1035
79d2cd96-4755-4305-a95d-3f6be4a162e5	10	45792	6880378	5904	0.3535
79d2cd96-4755-4305-a95d-3f6be4a162e5	10	6880653	6882034	2	-1.0963
79d2cd96-4755-4305-a95d-3f6be4a162e5	10	6882314	7486759	569	0.3491
79d2cd96-4755-4305-a95d-3f6be4a162e5	10	7486776	36985594	21661	0.3799
79d2cd96-4755-4305-a95d-3f6be4a162e5	10	36986478	42195114	864	0.3395
79d2cd96-4755-4305-a95d-3f6be4a162e5	10	42211513	42211528	2	-0.916
79d2cd96-4755-4305-a95d-3f6be4a162e5	10	42222439	43117161	535	0.3308
79d2cd96-4755-4305-a95d-3f6be4a162e5	10	43117424	43118759	15	-0.1707
79d2cd96-4755-4305-a95d-3f6be4a162e5	10	43118900	46116171	1840	0.3724
79d2cd96-4755-4305-a95d-3f6be4a162e5	10	46130381	46792344	230	0.248
79d2cd96-4755-4305-a95d-3f6be4a162e5	10	46804606	46898735	4	1.4686
79d2cd96-4755-4305-a95d-3f6be4a162e5	10	46967412	48766792	786	0.2995
79d2cd96-4755-4305-a95d-3f6be4a162e5	10	48766875	55187976	4674	0.3741
79d2cd96-4755-4305-a95d-3f6be4a162e5	10	55188448	56236680	742	0.4542
79d2cd96-4755-4305-a95d-3f6be4a162e5	10	56237123	57083896	602	0.3886
79d2cd96-4755-4305-a95d-3f6be4a162e5	10	57086554	57090128	8	-1.0509
79d2cd96-4755-4305-a95d-3f6be4a162e5	10	57094024	57443289	293	0.3548
79d2cd96-4755-4305-a95d-3f6be4a162e5	10	57450745	57451013	4	-1.9807
79d2cd96-4755-4305-a95d-3f6be4a162e5	10	57458735	57479376	6	0.3769
79d2cd96-4755-4305-a95d-3f6be4a162e5	10	57482162	57484863	5	-0.426
79d2cd96-4755-4305-a95d-3f6be4a162e5	10	57490663	65546518	5538	0.368
79d2cd96-4755-4305-a95d-3f6be4a162e5	10	65548165	65554672	27	-1.7864
79d2cd96-4755-4305-a95d-3f6be4a162e5	10	65554688	65563168	3	-0.0288
79d2cd96-4755-4305-a95d-3f6be4a162e5	10	65565695	89194672	15773	0.3626
79d2cd96-4755-4305-a95d-3f6be4a162e5	10	89197802	89197944	6	-0.591
79d2cd96-4755-4305-a95d-3f6be4a162e5	10	89198861	130621051	28412	0.3705
79d2cd96-4755-4305-a95d-3f6be4a162e5	10	130624533	133654968	1858	0.3074
79d2cd96-4755-4305-a95d-3f6be4a162e5	11	198510	5762452	3217	-0.1035
79d2cd96-4755-4305-a95d-3f6be4a162e5	11	5762693	5788231	36	0.2832
79d2cd96-4755-4305-a95d-3f6be4a162e5	11	5791130	6086560	238	-0.0819
79d2cd96-4755-4305-a95d-3f6be4a162e5	11	6087039	6100864	8	-1.2286
79d2cd96-4755-4305-a95d-3f6be4a162e5	11	6101273	54743970	30559	-0.0891
79d2cd96-4755-4305-a95d-3f6be4a162e5	11	54762035	54766290	3	-1.4384
79d2cd96-4755-4305-a95d-3f6be4a162e5	11	54782119	55595864	285	-0.0167
79d2cd96-4755-4305-a95d-3f6be4a162e5	11	55606556	55685533	59	-2.0341
79d2cd96-4755-4305-a95d-3f6be4a162e5	11	55686100	56462600	529	-0.026
79d2cd96-4755-4305-a95d-3f6be4a162e5	11	56466451	58451648	1230	-0.9133
79d2cd96-4755-4305-a95d-3f6be4a162e5	11	58454881	58505625	24	-0.1603
79d2cd96-4755-4305-a95d-3f6be4a162e5	11	58509506	58709939	97	-0.9036
79d2cd96-4755-4305-a95d-3f6be4a162e5	11	58710212	58710553	2	-2.5375
79d2cd96-4755-4305-a95d-3f6be4a162e5	11	58710566	59042524	176	-0.8629
79d2cd96-4755-4305-a95d-3f6be4a162e5	11	59043768	59086292	22	0.5561
79d2cd96-4755-4305-a95d-3f6be4a162e5	11	59087546	59216030	73	-0.9442
79d2cd96-4755-4305-a95d-3f6be4a162e5	11	59221573	59334286	64	-0.0958
79d2cd96-4755-4305-a95d-3f6be4a162e5	11	59341694	60455532	706	0.4663
79d2cd96-4755-4305-a95d-3f6be4a162e5	11	60455545	60835825	221	0.8428
79d2cd96-4755-4305-a95d-3f6be4a162e5	11	60836174	61086625	163	0.4473
79d2cd96-4755-4305-a95d-3f6be4a162e5	11	61088254	63061620	1003	-0.8642
79d2cd96-4755-4305-a95d-3f6be4a162e5	11	63064576	63214889	78	-0.0704
79d2cd96-4755-4305-a95d-3f6be4a162e5	11	63217225	65599228	973	-0.8889
79d2cd96-4755-4305-a95d-3f6be4a162e5	11	65600852	65623342	8	-2.2101
79d2cd96-4755-4305-a95d-3f6be4a162e5	11	65623846	66138603	246	-0.9344
79d2cd96-4755-4305-a95d-3f6be4a162e5	11	66139024	67103746	337	-0.0001
79d2cd96-4755-4305-a95d-3f6be4a162e5	11	67111403	69339953	991	0.8377
79d2cd96-4755-4305-a95d-3f6be4a162e5	11	69340105	70034144	420	-0.0422
79d2cd96-4755-4305-a95d-3f6be4a162e5	11	70036304	72072197	1062	-0.9328
79d2cd96-4755-4305-a95d-3f6be4a162e5	11	72073854	72760550	326	1.0748
79d2cd96-4755-4305-a95d-3f6be4a162e5	11	72761124	73538374	339	0.4518
79d2cd96-4755-4305-a95d-3f6be4a162e5	11	73540579	73559398	8	0.2937
79d2cd96-4755-4305-a95d-3f6be4a162e5	11	73560703	74131868	290	-0.8699
79d2cd96-4755-4305-a95d-3f6be4a162e5	11	74133529	78103326	2175	-0.1112
79d2cd96-4755-4305-a95d-3f6be4a162e5	11	78106012	78114274	8	-1.0897
79d2cd96-4755-4305-a95d-3f6be4a162e5	11	78120966	87090166	6413	-0.1205
79d2cd96-4755-4305-a95d-3f6be4a162e5	11	87093182	87149202	47	0.3548
79d2cd96-4755-4305-a95d-3f6be4a162e5	11	87149569	87650596	358	-0.1631
79d2cd96-4755-4305-a95d-3f6be4a162e5	11	87650931	133034672	32123	-0.1247
79d2cd96-4755-4305-a95d-3f6be4a162e5	11	133035278	133408009	309	-0.2343
79d2cd96-4755-4305-a95d-3f6be4a162e5	11	133410781	133922841	368	-0.1049
79d2cd96-4755-4305-a95d-3f6be4a162e5	11	133924593	135074876	856	-0.2154
79d2cd96-4755-4305-a95d-3f6be4a162e5	12	51460	9477960	6148	-0.119
79d2cd96-4755-4305-a95d-3f6be4a162e5	12	9481274	9582374	26	0.7866
79d2cd96-4755-4305-a95d-3f6be4a162e5	12	9583090	11358643	1169	-0.1225
79d2cd96-4755-4305-a95d-3f6be4a162e5	12	11358644	11399258	31	0.7248
79d2cd96-4755-4305-a95d-3f6be4a162e5	12	11399668	41165583	18158	-0.1031
79d2cd96-4755-4305-a95d-3f6be4a162e5	12	41168987	41174416	5	-1.7582
79d2cd96-4755-4305-a95d-3f6be4a162e5	12	41175880	129899066	57008	-0.1125
79d2cd96-4755-4305-a95d-3f6be4a162e5	12	129911185	130474161	494	-0.2468
79d2cd96-4755-4305-a95d-3f6be4a162e5	12	130474482	130475482	2	-2.0332
79d2cd96-4755-4305-a95d-3f6be4a162e5	12	130476029	130620043	110	-0.2679
79d2cd96-4755-4305-a95d-3f6be4a162e5	12	130623709	131613508	799	-0.1159
79d2cd96-4755-4305-a95d-3f6be4a162e5	12	131614448	131648790	30	-0.4234
79d2cd96-4755-4305-a95d-3f6be4a162e5	12	131657925	132134062	202	-0.1124
79d2cd96-4755-4305-a95d-3f6be4a162e5	12	132137079	132430955	51	-0.4141
79d2cd96-4755-4305-a95d-3f6be4a162e5	12	132431226	132651531	54	-0.0991
79d2cd96-4755-4305-a95d-3f6be4a162e5	12	132651904	132879692	100	-0.2721
79d2cd96-4755-4305-a95d-3f6be4a162e5	12	132882653	133201603	150	-0.0825
79d2cd96-4755-4305-a95d-3f6be4a162e5	13	18452809	31190609	9026	-0.1129
79d2cd96-4755-4305-a95d-3f6be4a162e5	13	31190813	31191002	2	1.2347
79d2cd96-4755-4305-a95d-3f6be4a162e5	13	31195373	37498087	4406	-0.1057
79d2cd96-4755-4305-a95d-3f6be4a162e5	13	37501767	37514193	15	0.3967
79d2cd96-4755-4305-a95d-3f6be4a162e5	13	37514237	70159317	20374	-0.1041
79d2cd96-4755-4305-a95d-3f6be4a162e5	13	70159671	70198262	49	0.1644
79d2cd96-4755-4305-a95d-3f6be4a162e5	13	70198634	107245262	25172	-0.1062
79d2cd96-4755-4305-a95d-3f6be4a162e5	13	107248689	107249633	2	-2.7976
79d2cd96-4755-4305-a95d-3f6be4a162e5	13	107249799	112959069	4292	-0.1097
79d2cd96-4755-4305-a95d-3f6be4a162e5	13	112959724	113053553	50	-0.4775
79d2cd96-4755-4305-a95d-3f6be4a162e5	13	113054481	114125721	440	-0.1437
79d2cd96-4755-4305-a95d-3f6be4a162e5	13	114130484	114226675	55	0.31
79d2cd96-4755-4305-a95d-3f6be4a162e5	13	114234363	114342922	48	-0.0987
79d2cd96-4755-4305-a95d-3f6be4a162e5	14	18239283	18639714	14	0.052
79d2cd96-4755-4305-a95d-3f6be4a162e5	14	18640726	19954424	152	0.391
79d2cd96-4755-4305-a95d-3f6be4a162e5	14	19955213	21905161	1299	-0.085
79d2cd96-4755-4305-a95d-3f6be4a162e5	14	21906219	22490986	513	0.0819
79d2cd96-4755-4305-a95d-3f6be4a162e5	14	22491783	41139155	11716	-0.097
79d2cd96-4755-4305-a95d-3f6be4a162e5	14	41141293	41188046	14	-0.7274
79d2cd96-4755-4305-a95d-3f6be4a162e5	14	41188146	47870315	3937	-0.0939
79d2cd96-4755-4305-a95d-3f6be4a162e5	14	47870422	47876668	2	-1.5106
79d2cd96-4755-4305-a95d-3f6be4a162e5	14	47879393	48000759	104	-0.1043
79d2cd96-4755-4305-a95d-3f6be4a162e5	14	48003864	48008471	5	-1.0592
79d2cd96-4755-4305-a95d-3f6be4a162e5	14	48010800	73534419	16331	-0.1053
79d2cd96-4755-4305-a95d-3f6be4a162e5	14	73540003	73554275	8	-1.2072
79d2cd96-4755-4305-a95d-3f6be4a162e5	14	73563196	105533894	20580	-0.1075
79d2cd96-4755-4305-a95d-3f6be4a162e5	14	105537192	105752248	30	-0.5585
79d2cd96-4755-4305-a95d-3f6be4a162e5	14	105757263	106877229	484	-0.1371
79d2cd96-4755-4305-a95d-3f6be4a162e5	15	19811075	20064520	54	-0.1842
79d2cd96-4755-4305-a95d-3f6be4a162e5	15	20187568	22413894	155	0.8472
79d2cd96-4755-4305-a95d-3f6be4a162e5	15	22455811	24226855	912	-0.1293
79d2cd96-4755-4305-a95d-3f6be4a162e5	15	24227083	24271197	20	-0.8283
79d2cd96-4755-4305-a95d-3f6be4a162e5	15	24271726	26266710	1395	-0.116
79d2cd96-4755-4305-a95d-3f6be4a162e5	15	26268710	26271071	2	-1.4885
79d2cd96-4755-4305-a95d-3f6be4a162e5	15	26277695	27774501	1120	-0.1175
79d2cd96-4755-4305-a95d-3f6be4a162e5	15	27774674	29330596	653	-0.1944
79d2cd96-4755-4305-a95d-3f6be4a162e5	15	29330643	34431375	3096	-0.1067
79d2cd96-4755-4305-a95d-3f6be4a162e5	15	34434971	34520918	59	-0.9509
79d2cd96-4755-4305-a95d-3f6be4a162e5	15	34522159	39295103	3387	-0.0971
79d2cd96-4755-4305-a95d-3f6be4a162e5	15	39296025	39296989	2	-2.6277
79d2cd96-4755-4305-a95d-3f6be4a162e5	15	39297045	43592920	2271	-0.1056
79d2cd96-4755-4305-a95d-3f6be4a162e5	15	43600643	43698816	24	0.4526
79d2cd96-4755-4305-a95d-3f6be4a162e5	15	43700460	56498641	7924	-0.1
79d2cd96-4755-4305-a95d-3f6be4a162e5	15	56498657	56508779	22	-0.6415
79d2cd96-4755-4305-a95d-3f6be4a162e5	15	56509425	69037475	8478	-0.1087
79d2cd96-4755-4305-a95d-3f6be4a162e5	15	69038945	69039020	2	1.4616
79d2cd96-4755-4305-a95d-3f6be4a162e5	15	69045335	76586021	4231	-0.0979
79d2cd96-4755-4305-a95d-3f6be4a162e5	15	76598900	76603003	15	0.6187
79d2cd96-4755-4305-a95d-3f6be4a162e5	15	76603426	83871965	4406	-0.1094
79d2cd96-4755-4305-a95d-3f6be4a162e5	15	83871986	83874673	5	-2.4696
79d2cd96-4755-4305-a95d-3f6be4a162e5	15	83874798	93038458	6430	-0.1096
79d2cd96-4755-4305-a95d-3f6be4a162e5	15	93040512	93587129	539	-0.1944
79d2cd96-4755-4305-a95d-3f6be4a162e5	15	93587393	94190475	440	-0.1067
79d2cd96-4755-4305-a95d-3f6be4a162e5	15	94193730	94195137	4	-1.2796
79d2cd96-4755-4305-a95d-3f6be4a162e5	15	94195149	99915274	4190	-0.094
79d2cd96-4755-4305-a95d-3f6be4a162e5	15	99916825	100361122	406	-0.2117
79d2cd96-4755-4305-a95d-3f6be4a162e5	15	100372165	101928837	1146	-0.1244
79d2cd96-4755-4305-a95d-3f6be4a162e5	16	10777	14895982	11082	-0.1107
79d2cd96-4755-4305-a95d-3f6be4a162e5	16	14954911	14991827	41	-0.6861
79d2cd96-4755-4305-a95d-3f6be4a162e5	16	14993314	16268505	596	-0.1538
79d2cd96-4755-4305-a95d-3f6be4a162e5	16	16269368	16606206	29	0.3106
79d2cd96-4755-4305-a95d-3f6be4a162e5	16	16614737	18212128	987	-0.1344
79d2cd96-4755-4305-a95d-3f6be4a162e5	16	18260900	18730788	21	0.4807
79d2cd96-4755-4305-a95d-3f6be4a162e5	16	18731740	55762682	14103	-0.1012
79d2cd96-4755-4305-a95d-3f6be4a162e5	16	55764310	55764867	3	3.1931
79d2cd96-4755-4305-a95d-3f6be4a162e5	16	55770436	78337711	14246	-0.0949
79d2cd96-4755-4305-a95d-3f6be4a162e5	16	78338543	78350868	17	0.6818
79d2cd96-4755-4305-a95d-3f6be4a162e5	16	78351104	84008711	6321	-0.1117
79d2cd96-4755-4305-a95d-3f6be4a162e5	16	84009243	84538647	464	-0.2235
79d2cd96-4755-4305-a95d-3f6be4a162e5	16	84538885	88469691	3110	-0.1102
79d2cd96-4755-4305-a95d-3f6be4a162e5	16	88504267	90096867	675	-0.2297
79d2cd96-4755-4305-a95d-3f6be4a162e5	17	150733	8339592	4514	-0.0916
79d2cd96-4755-4305-a95d-3f6be4a162e5	17	8344229	8344415	2	-2.7707
79d2cd96-4755-4305-a95d-3f6be4a162e5	17	8346140	18452078	6829	-0.0884
79d2cd96-4755-4305-a95d-3f6be4a162e5	17	18455632	18565883	27	0.3247
79d2cd96-4755-4305-a95d-3f6be4a162e5	17	18571332	33850279	5181	-0.0891
79d2cd96-4755-4305-a95d-3f6be4a162e5	17	33850440	34690055	775	-0.1765
79d2cd96-4755-4305-a95d-3f6be4a162e5	17	34691521	36067159	821	-0.0775
79d2cd96-4755-4305-a95d-3f6be4a162e5	17	36069307	36511816	136	-0.2436
79d2cd96-4755-4305-a95d-3f6be4a162e5	17	36514765	41265456	2452	-0.0747
79d2cd96-4755-4305-a95d-3f6be4a162e5	17	41266762	41274279	24	-0.6811
79d2cd96-4755-4305-a95d-3f6be4a162e5	17	41276472	45626448	2167	-0.0885
79d2cd96-4755-4305-a95d-3f6be4a162e5	17	45632798	46286804	452	-0.2533
79d2cd96-4755-4305-a95d-3f6be4a162e5	17	46323701	46446360	4	-1.4647
79d2cd96-4755-4305-a95d-3f6be4a162e5	17	46569894	68732842	12900	-0.0842
79d2cd96-4755-4305-a95d-3f6be4a162e5	17	68734004	68866497	121	0.3699
79d2cd96-4755-4305-a95d-3f6be4a162e5	17	68869325	73420162	3400	-0.091
79d2cd96-4755-4305-a95d-3f6be4a162e5	17	73423064	74626464	845	-0.1768
79d2cd96-4755-4305-a95d-3f6be4a162e5	17	74626495	79233380	2462	-0.104
79d2cd96-4755-4305-a95d-3f6be4a162e5	17	79236004	79236157	5	0.8212
79d2cd96-4755-4305-a95d-3f6be4a162e5	17	79238441	80453610	666	-0.1255
79d2cd96-4755-4305-a95d-3f6be4a162e5	17	80453940	80457733	2	-1.7371
79d2cd96-4755-4305-a95d-3f6be4a162e5	17	80460756	83091923	1082	-0.1138
79d2cd96-4755-4305-a95d-3f6be4a162e5	18	48133	10801726	7944	-0.0961
79d2cd96-4755-4305-a95d-3f6be4a162e5	18	10804546	10870327	53	-0.9317
79d2cd96-4755-4305-a95d-3f6be4a162e5	18	10870954	40680470	14727	-0.0982
79d2cd96-4755-4305-a95d-3f6be4a162e5	18	40680484	40685425	17	-0.5796
79d2cd96-4755-4305-a95d-3f6be4a162e5	18	40688060	79386876	27410	-0.0972
79d2cd96-4755-4305-a95d-3f6be4a162e5	18	79391959	80173175	363	-0.2418
79d2cd96-4755-4305-a95d-3f6be4a162e5	18	80176798	80257174	46	-0.0631
79d2cd96-4755-4305-a95d-3f6be4a162e5	19	90910	5506648	1588	-0.0898
79d2cd96-4755-4305-a95d-3f6be4a162e5	19	5510228	5510569	2	-3.1868
79d2cd96-4755-4305-a95d-3f6be4a162e5	19	5510642	8989949	1695	-0.0895
79d2cd96-4755-4305-a95d-3f6be4a162e5	19	8991389	9001627	15	-1.116
79d2cd96-4755-4305-a95d-3f6be4a162e5	19	9006176	21632117	6278	-0.08
79d2cd96-4755-4305-a95d-3f6be4a162e5	19	21632838	21637067	2	1.4933
79d2cd96-4755-4305-a95d-3f6be4a162e5	19	21637309	39868963	9386	-0.0921
79d2cd96-4755-4305-a95d-3f6be4a162e5	19	39869041	39870288	6	-1.1145
79d2cd96-4755-4305-a95d-3f6be4a162e5	19	39873982	44401739	2333	-0.0953
79d2cd96-4755-4305-a95d-3f6be4a162e5	19	44402359	44402382	2	-1.7921
79d2cd96-4755-4305-a95d-3f6be4a162e5	19	44402845	45195982	411	-0.0833
79d2cd96-4755-4305-a95d-3f6be4a162e5	19	45196031	45203728	2	-2.2602
79d2cd96-4755-4305-a95d-3f6be4a162e5	19	45204659	53013829	3922	-0.0894
79d2cd96-4755-4305-a95d-3f6be4a162e5	19	53015494	53048976	22	0.3638
79d2cd96-4755-4305-a95d-3f6be4a162e5	19	53050987	54823756	1078	-0.1219
79d2cd96-4755-4305-a95d-3f6be4a162e5	19	54824051	54837236	8	-0.8976
79d2cd96-4755-4305-a95d-3f6be4a162e5	19	54852069	55761691	440	-0.0776
79d2cd96-4755-4305-a95d-3f6be4a162e5	19	55766684	55774927	7	0.6843
79d2cd96-4755-4305-a95d-3f6be4a162e5	19	55777575	58586487	1833	-0.1014
79d2cd96-4755-4305-a95d-3f6be4a162e5	20	80664	1580353	1202	-0.1291
79d2cd96-4755-4305-a95d-3f6be4a162e5	20	1580934	1613247	41	1.9929
79d2cd96-4755-4305-a95d-3f6be4a162e5	20	1617300	15399265	10418	-0.0944
79d2cd96-4755-4305-a95d-3f6be4a162e5	20	15400015	15871486	463	-0.9255
79d2cd96-4755-4305-a95d-3f6be4a162e5	20	15872283	16697567	842	-0.1043
79d2cd96-4755-4305-a95d-3f6be4a162e5	20	16699320	16699565	2	-1.5877
79d2cd96-4755-4305-a95d-3f6be4a162e5	20	16699971	17809833	959	-0.1084
79d2cd96-4755-4305-a95d-3f6be4a162e5	20	17810239	17894150	62	0.3591
79d2cd96-4755-4305-a95d-3f6be4a162e5	20	17898101	23075347	3871	-0.1005
79d2cd96-4755-4305-a95d-3f6be4a162e5	20	23077230	25199437	1634	-0.1486
79d2cd96-4755-4305-a95d-3f6be4a162e5	20	25206343	58094330	18613	-0.1042
79d2cd96-4755-4305-a95d-3f6be4a162e5	20	58094923	58101825	11	-0.6485
79d2cd96-4755-4305-a95d-3f6be4a162e5	20	58102738	60989035	2317	-0.107
79d2cd96-4755-4305-a95d-3f6be4a162e5	20	60989756	61015145	52	0.3761
79d2cd96-4755-4305-a95d-3f6be4a162e5	20	61015428	64008761	1574	-0.1225
79d2cd96-4755-4305-a95d-3f6be4a162e5	20	64009314	64324800	161	-0.2712
79d2cd96-4755-4305-a95d-3f6be4a162e5	21	10354168	10600744	67	-0.016
79d2cd96-4755-4305-a95d-3f6be4a162e5	21	10601218	12996806	23	0.3385
79d2cd96-4755-4305-a95d-3f6be4a162e5	21	12996886	42134417	21261	-0.1025
79d2cd96-4755-4305-a95d-3f6be4a162e5	21	42137549	42139672	2	-1.5289
79d2cd96-4755-4305-a95d-3f6be4a162e5	21	42139792	43319375	706	-0.1315
79d2cd96-4755-4305-a95d-3f6be4a162e5	21	43319601	43374861	42	-0.4505
79d2cd96-4755-4305-a95d-3f6be4a162e5	21	43572694	45305109	891	-0.1243
79d2cd96-4755-4305-a95d-3f6be4a162e5	21	45306123	45640408	173	-0.3167
79d2cd96-4755-4305-a95d-3f6be4a162e5	21	45647280	46677045	606	-0.1328
79d2cd96-4755-4305-a95d-3f6be4a162e5	22	15294547	18190590	1130	-0.0892
79d2cd96-4755-4305-a95d-3f6be4a162e5	22	18392404	18818348	8	0.6118
79d2cd96-4755-4305-a95d-3f6be4a162e5	22	18822581	19580253	410	-0.1819
79d2cd96-4755-4305-a95d-3f6be4a162e5	22	19580295	20467587	541	-0.2807
79d2cd96-4755-4305-a95d-3f6be4a162e5	22	20467965	23981995	2291	-0.1423
79d2cd96-4755-4305-a95d-3f6be4a162e5	22	23987520	23990431	4	-2.6867
79d2cd96-4755-4305-a95d-3f6be4a162e5	22	23990739	38955461	10795	-0.1022
79d2cd96-4755-4305-a95d-3f6be4a162e5	22	38967614	38979302	24	-0.8118
79d2cd96-4755-4305-a95d-3f6be4a162e5	22	38993700	48940621	6798	-0.0994
79d2cd96-4755-4305-a95d-3f6be4a162e5	22	48942510	50710768	1160	-0.2412
79d2cd96-4755-4305-a95d-3f6be4a162e5	22	50711900	50796027	32	-0.0556
79d2cd96-4755-4305-a95d-3f6be4a162e5	X	251810	728811	77	-0.1643
79d2cd96-4755-4305-a95d-3f6be4a162e5	X	738433	3222887	338	-0.4686
79d2cd96-4755-4305-a95d-3f6be4a162e5	X	3222951	3223543	3	-2.1477
79d2cd96-4755-4305-a95d-3f6be4a162e5	X	3223963	9604496	4742	-0.4676
79d2cd96-4755-4305-a95d-3f6be4a162e5	X	9605751	9610023	2	-2.3958
79d2cd96-4755-4305-a95d-3f6be4a162e5	X	9610158	32890734	14948	-0.5009
79d2cd96-4755-4305-a95d-3f6be4a162e5	X	32893722	34624287	1203	-0.4026
79d2cd96-4755-4305-a95d-3f6be4a162e5	X	34626703	58272201	11548	-0.5012
79d2cd96-4755-4305-a95d-3f6be4a162e5	X	58276467	58477663	50	-0.22
79d2cd96-4755-4305-a95d-3f6be4a162e5	X	58515724	90217056	13138	0.3253
79d2cd96-4755-4305-a95d-3f6be4a162e5	X	90227723	90229013	3	-1.477
79d2cd96-4755-4305-a95d-3f6be4a162e5	X	90239457	95013621	2211	0.3478
79d2cd96-4755-4305-a95d-3f6be4a162e5	X	95014610	96311072	715	0.4567
79d2cd96-4755-4305-a95d-3f6be4a162e5	X	96311352	107046929	5578	0.3161
79d2cd96-4755-4305-a95d-3f6be4a162e5	X	107047174	107417200	190	0.4605
79d2cd96-4755-4305-a95d-3f6be4a162e5	X	107420941	114672325	3956	0.3096
79d2cd96-4755-4305-a95d-3f6be4a162e5	X	114672402	155952689	23846	0.3454
79d2cd96-4755-4305-a95d-3f6be4a162e5	Y	2782397	56872112	6635	-0.7932
