GDC_Aliquot	Chromosome	Start	End	Num_Probes	Segment_Mean
85eaf6c7-fb11-405c-a512-aa9652319d68	1	62920	105079911	63558	-0.1099
85eaf6c7-fb11-405c-a512-aa9652319d68	1	105080318	105080931	2	2.5264
85eaf6c7-fb11-405c-a512-aa9652319d68	1	105084196	105479130	227	-0.1367
85eaf6c7-fb11-405c-a512-aa9652319d68	1	105479198	105481433	7	-1.0544
85eaf6c7-fb11-405c-a512-aa9652319d68	1	105481448	109707950	2652	-0.0974
85eaf6c7-fb11-405c-a512-aa9652319d68	1	109707962	109707968	2	1.7378
85eaf6c7-fb11-405c-a512-aa9652319d68	1	109708520	112147704	1943	-0.1097
85eaf6c7-fb11-405c-a512-aa9652319d68	1	112153343	112163334	26	0.4861
85eaf6c7-fb11-405c-a512-aa9652319d68	1	112163438	121510495	5121	-0.1006
85eaf6c7-fb11-405c-a512-aa9652319d68	1	121512704	152602985	2504	0.0062
85eaf6c7-fb11-405c-a512-aa9652319d68	1	152606973	152606992	2	2.2808
85eaf6c7-fb11-405c-a512-aa9652319d68	1	152607145	152789781	182	0.0097
85eaf6c7-fb11-405c-a512-aa9652319d68	1	152789809	152805967	34	0.4598
85eaf6c7-fb11-405c-a512-aa9652319d68	1	152806050	161871226	5426	-0.0125
85eaf6c7-fb11-405c-a512-aa9652319d68	1	161872158	161872417	3	1.5542
85eaf6c7-fb11-405c-a512-aa9652319d68	1	161874316	174827418	9380	-0.0121
85eaf6c7-fb11-405c-a512-aa9652319d68	1	174827561	174828195	6	-1.3088
85eaf6c7-fb11-405c-a512-aa9652319d68	1	174828247	193186662	12256	-0.0139
85eaf6c7-fb11-405c-a512-aa9652319d68	1	193187149	193187218	4	2.1064
85eaf6c7-fb11-405c-a512-aa9652319d68	1	193190593	196780691	2423	-0.0309
85eaf6c7-fb11-405c-a512-aa9652319d68	1	196780705	196830375	27	0.4466
85eaf6c7-fb11-405c-a512-aa9652319d68	1	196832298	248525284	35650	-0.0178
85eaf6c7-fb11-405c-a512-aa9652319d68	1	248525299	248646068	41	-0.4324
85eaf6c7-fb11-405c-a512-aa9652319d68	1	248661836	248930189	138	-0.0103
85eaf6c7-fb11-405c-a512-aa9652319d68	2	12784	7499242	5924	-0.0207
85eaf6c7-fb11-405c-a512-aa9652319d68	2	7502934	7506841	2	2.6159
85eaf6c7-fb11-405c-a512-aa9652319d68	2	7506876	24376380	12004	-0.0094
85eaf6c7-fb11-405c-a512-aa9652319d68	2	24378642	24387919	18	-0.7222
85eaf6c7-fb11-405c-a512-aa9652319d68	2	24388259	32472768	4666	-0.0038
85eaf6c7-fb11-405c-a512-aa9652319d68	2	32472843	32474647	2	-1.8357
85eaf6c7-fb11-405c-a512-aa9652319d68	2	32475522	34486323	1491	-0.0062
85eaf6c7-fb11-405c-a512-aa9652319d68	2	34486407	34515732	37	0.5634
85eaf6c7-fb11-405c-a512-aa9652319d68	2	34515960	75607167	27891	-0.012
85eaf6c7-fb11-405c-a512-aa9652319d68	2	75609885	75660695	71	0.3671
85eaf6c7-fb11-405c-a512-aa9652319d68	2	75660758	97537802	8940	-0.0206
85eaf6c7-fb11-405c-a512-aa9652319d68	2	97540809	97545247	3	2.2095
85eaf6c7-fb11-405c-a512-aa9652319d68	2	97545726	106258266	5569	-0.0048
85eaf6c7-fb11-405c-a512-aa9652319d68	2	106263639	106270799	13	0.7798
85eaf6c7-fb11-405c-a512-aa9652319d68	2	106270952	127094445	12363	-0.012
85eaf6c7-fb11-405c-a512-aa9652319d68	2	127099470	127100187	2	2.7072
85eaf6c7-fb11-405c-a512-aa9652319d68	2	127100370	128880904	1030	0.0039
85eaf6c7-fb11-405c-a512-aa9652319d68	2	128880928	128882741	14	-0.6989
85eaf6c7-fb11-405c-a512-aa9652319d68	2	128882755	134298913	3094	-0.0165
85eaf6c7-fb11-405c-a512-aa9652319d68	2	134299104	134299299	2	2.4229
85eaf6c7-fb11-405c-a512-aa9652319d68	2	134300686	179548644	27838	-0.0144
85eaf6c7-fb11-405c-a512-aa9652319d68	2	179553484	179557161	27	-0.7214
85eaf6c7-fb11-405c-a512-aa9652319d68	2	179557179	183219425	2322	-0.0121
85eaf6c7-fb11-405c-a512-aa9652319d68	2	183220725	183222920	6	-0.9249
85eaf6c7-fb11-405c-a512-aa9652319d68	2	183222940	184451949	844	-0.0156
85eaf6c7-fb11-405c-a512-aa9652319d68	2	184452153	184453319	2	1.8499
85eaf6c7-fb11-405c-a512-aa9652319d68	2	184453824	242147305	35377	-0.0118
85eaf6c7-fb11-405c-a512-aa9652319d68	3	20930	46751887	33192	-0.0168
85eaf6c7-fb11-405c-a512-aa9652319d68	3	46760327	46808099	40	-0.8212
85eaf6c7-fb11-405c-a512-aa9652319d68	3	46817989	75372019	19450	-0.016
85eaf6c7-fb11-405c-a512-aa9652319d68	3	75377956	75511394	57	-0.8507
85eaf6c7-fb11-405c-a512-aa9652319d68	3	75511990	75559488	10	-0.0598
85eaf6c7-fb11-405c-a512-aa9652319d68	3	75564023	75571744	3	-1.2501
85eaf6c7-fb11-405c-a512-aa9652319d68	3	75589590	76354668	307	-0.0576
85eaf6c7-fb11-405c-a512-aa9652319d68	3	76357425	76357699	2	1.5897
85eaf6c7-fb11-405c-a512-aa9652319d68	3	76359522	98190281	10065	-0.0288
85eaf6c7-fb11-405c-a512-aa9652319d68	3	98194581	98195973	2	1.9486
85eaf6c7-fb11-405c-a512-aa9652319d68	3	98197104	107313898	5394	-0.0143
85eaf6c7-fb11-405c-a512-aa9652319d68	3	107314617	107317337	3	-1.3306
85eaf6c7-fb11-405c-a512-aa9652319d68	3	107320614	125733998	11481	-0.007
85eaf6c7-fb11-405c-a512-aa9652319d68	3	125734029	125734394	2	1.6351
85eaf6c7-fb11-405c-a512-aa9652319d68	3	125739919	125950205	73	-0.0274
85eaf6c7-fb11-405c-a512-aa9652319d68	3	125954540	125961657	4	-1.0022
85eaf6c7-fb11-405c-a512-aa9652319d68	3	125961760	130044016	2384	-0.0102
85eaf6c7-fb11-405c-a512-aa9652319d68	3	130044855	130087209	37	0.4737
85eaf6c7-fb11-405c-a512-aa9652319d68	3	130087393	133306023	2124	-0.0155
85eaf6c7-fb11-405c-a512-aa9652319d68	3	133306038	133306053	2	1.9386
85eaf6c7-fb11-405c-a512-aa9652319d68	3	133306168	161797809	17469	-0.014
85eaf6c7-fb11-405c-a512-aa9652319d68	3	161797839	161797861	2	2.2888
85eaf6c7-fb11-405c-a512-aa9652319d68	3	161798156	162457955	444	-0.0202
85eaf6c7-fb11-405c-a512-aa9652319d68	3	162458347	162631408	136	-0.6378
85eaf6c7-fb11-405c-a512-aa9652319d68	3	162633410	162834293	122	-0.0363
85eaf6c7-fb11-405c-a512-aa9652319d68	3	162845543	162908192	42	0.6092
85eaf6c7-fb11-405c-a512-aa9652319d68	3	162908207	162996729	73	-0.1282
85eaf6c7-fb11-405c-a512-aa9652319d68	3	162999939	163001774	2	-2.5577
85eaf6c7-fb11-405c-a512-aa9652319d68	3	163008371	186695072	14367	-0.029
85eaf6c7-fb11-405c-a512-aa9652319d68	3	186695108	186775966	75	0.3824
85eaf6c7-fb11-405c-a512-aa9652319d68	3	186783859	187877506	831	-0.0344
85eaf6c7-fb11-405c-a512-aa9652319d68	3	187877590	187877925	2	2.0115
85eaf6c7-fb11-405c-a512-aa9652319d68	3	187877952	193156958	3826	-0.0074
85eaf6c7-fb11-405c-a512-aa9652319d68	3	193160113	193165114	20	0.9525
85eaf6c7-fb11-405c-a512-aa9652319d68	3	193168646	198169247	2694	-0.0176
85eaf6c7-fb11-405c-a512-aa9652319d68	4	68929	10208766	5705	0.0683
85eaf6c7-fb11-405c-a512-aa9652319d68	4	10212536	10232642	31	1.7809
85eaf6c7-fb11-405c-a512-aa9652319d68	4	10232984	63806949	33568	0.0696
85eaf6c7-fb11-405c-a512-aa9652319d68	4	63807836	63841863	34	-0.2559
85eaf6c7-fb11-405c-a512-aa9652319d68	4	63841887	63842540	7	-2.2097
85eaf6c7-fb11-405c-a512-aa9652319d68	4	63850713	64468382	324	0.0536
85eaf6c7-fb11-405c-a512-aa9652319d68	4	64472383	68478894	2546	-0.0399
85eaf6c7-fb11-405c-a512-aa9652319d68	4	68494770	68655691	72	0.5386
85eaf6c7-fb11-405c-a512-aa9652319d68	4	68663241	69255545	310	-0.1166
85eaf6c7-fb11-405c-a512-aa9652319d68	4	69257792	71539972	1336	0.0663
85eaf6c7-fb11-405c-a512-aa9652319d68	4	71540749	71541012	2	2.0731
85eaf6c7-fb11-405c-a512-aa9652319d68	4	71544631	72686146	679	0.0716
85eaf6c7-fb11-405c-a512-aa9652319d68	4	72686527	72689721	2	-3.133
85eaf6c7-fb11-405c-a512-aa9652319d68	4	72693098	103824414	19066	0.0708
85eaf6c7-fb11-405c-a512-aa9652319d68	4	103830473	103830487	6	1.6221
85eaf6c7-fb11-405c-a512-aa9652319d68	4	103830488	107147256	1872	0.0698
85eaf6c7-fb11-405c-a512-aa9652319d68	4	107150362	107150731	4	1.5911
85eaf6c7-fb11-405c-a512-aa9652319d68	4	107152350	114263073	4446	0.0756
85eaf6c7-fb11-405c-a512-aa9652319d68	4	114263096	114263110	2	2.135
85eaf6c7-fb11-405c-a512-aa9652319d68	4	114263154	131018350	9938	0.068
85eaf6c7-fb11-405c-a512-aa9652319d68	4	131019052	131437038	206	0.5686
85eaf6c7-fb11-405c-a512-aa9652319d68	4	131440551	154881396	13900	0.0637
85eaf6c7-fb11-405c-a512-aa9652319d68	4	154881853	154881926	3	-3.5253
85eaf6c7-fb11-405c-a512-aa9652319d68	4	154882047	160958989	3921	0.0661
85eaf6c7-fb11-405c-a512-aa9652319d68	4	160959045	160963448	17	-0.7747
85eaf6c7-fb11-405c-a512-aa9652319d68	4	160963756	190106768	19172	0.0582
85eaf6c7-fb11-405c-a512-aa9652319d68	5	15532	12785150	10187	-0.0275
85eaf6c7-fb11-405c-a512-aa9652319d68	5	12790757	12819964	13	0.9956
85eaf6c7-fb11-405c-a512-aa9652319d68	5	12824299	76154195	36043	-0.0233
85eaf6c7-fb11-405c-a512-aa9652319d68	5	76154242	76154319	3	1.9216
85eaf6c7-fb11-405c-a512-aa9652319d68	5	76154351	92748624	9652	-0.0241
85eaf6c7-fb11-405c-a512-aa9652319d68	5	92749063	92754446	2	-1.5778
85eaf6c7-fb11-405c-a512-aa9652319d68	5	92763637	99542969	3838	-0.0153
85eaf6c7-fb11-405c-a512-aa9652319d68	5	99543063	99543100	2	1.9408
85eaf6c7-fb11-405c-a512-aa9652319d68	5	99546288	156049910	36348	-0.0186
85eaf6c7-fb11-405c-a512-aa9652319d68	5	156049988	156055705	11	-0.8857
85eaf6c7-fb11-405c-a512-aa9652319d68	5	156055719	172105593	11171	-0.0237
85eaf6c7-fb11-405c-a512-aa9652319d68	5	172105883	172106778	2	1.5944
85eaf6c7-fb11-405c-a512-aa9652319d68	5	172109669	172196711	76	-0.0316
85eaf6c7-fb11-405c-a512-aa9652319d68	5	172196824	172199106	3	1.2813
85eaf6c7-fb11-405c-a512-aa9652319d68	5	172199205	177771448	3552	-0.0087
85eaf6c7-fb11-405c-a512-aa9652319d68	5	177800550	177805604	3	2.2507
85eaf6c7-fb11-405c-a512-aa9652319d68	5	177827964	180953203	1799	-0.0385
85eaf6c7-fb11-405c-a512-aa9652319d68	5	180960138	180991103	16	-1.8272
85eaf6c7-fb11-405c-a512-aa9652319d68	5	181006225	181363319	170	0.0096
85eaf6c7-fb11-405c-a512-aa9652319d68	6	149661	294837	124	-0.1034
85eaf6c7-fb11-405c-a512-aa9652319d68	6	302306	381149	78	-0.544
85eaf6c7-fb11-405c-a512-aa9652319d68	6	382559	411110	23	-0.0655
85eaf6c7-fb11-405c-a512-aa9652319d68	6	411125	29869295	21437	0.0863
85eaf6c7-fb11-405c-a512-aa9652319d68	6	29869410	29882603	20	0.9251
85eaf6c7-fb11-405c-a512-aa9652319d68	6	29903859	32722250	1278	0.1198
85eaf6c7-fb11-405c-a512-aa9652319d68	6	32723020	32723053	3	1.6641
85eaf6c7-fb11-405c-a512-aa9652319d68	6	32732907	34164831	883	0.0907
85eaf6c7-fb11-405c-a512-aa9652319d68	6	34166743	34170312	4	1.1537
85eaf6c7-fb11-405c-a512-aa9652319d68	6	34170525	61264479	15309	0.0941
85eaf6c7-fb11-405c-a512-aa9652319d68	6	61264796	61265212	2	1.6177
85eaf6c7-fb11-405c-a512-aa9652319d68	6	61266226	64627049	1694	0.0812
85eaf6c7-fb11-405c-a512-aa9652319d68	6	64637651	64639099	2	-2.4321
85eaf6c7-fb11-405c-a512-aa9652319d68	6	64640883	68236263	2561	0.068
85eaf6c7-fb11-405c-a512-aa9652319d68	6	68239065	68943867	431	-0.1279
85eaf6c7-fb11-405c-a512-aa9652319d68	6	68947163	68951349	2	1.801
85eaf6c7-fb11-405c-a512-aa9652319d68	6	68952475	76318064	4679	-0.1166
85eaf6c7-fb11-405c-a512-aa9652319d68	6	76323236	76323472	2	1.7943
85eaf6c7-fb11-405c-a512-aa9652319d68	6	76323492	76720013	261	-0.1189
85eaf6c7-fb11-405c-a512-aa9652319d68	6	76726442	76742972	22	0.2684
85eaf6c7-fb11-405c-a512-aa9652319d68	6	76743040	78253172	977	-0.1233
85eaf6c7-fb11-405c-a512-aa9652319d68	6	78259348	78329517	113	-0.8835
85eaf6c7-fb11-405c-a512-aa9652319d68	6	78331916	79614117	788	-0.133
85eaf6c7-fb11-405c-a512-aa9652319d68	6	79615147	79615517	2	1.5416
85eaf6c7-fb11-405c-a512-aa9652319d68	6	79615613	80575042	642	-0.1455
85eaf6c7-fb11-405c-a512-aa9652319d68	6	80575241	80579817	27	-1.4038
85eaf6c7-fb11-405c-a512-aa9652319d68	6	80584624	103303689	14033	-0.1252
85eaf6c7-fb11-405c-a512-aa9652319d68	6	103304002	103314186	26	-1.2716
85eaf6c7-fb11-405c-a512-aa9652319d68	6	103317795	145043315	26262	-0.1174
85eaf6c7-fb11-405c-a512-aa9652319d68	6	145045847	145046619	2	-2.2023
85eaf6c7-fb11-405c-a512-aa9652319d68	6	145053715	168332312	16323	-0.1196
85eaf6c7-fb11-405c-a512-aa9652319d68	6	168332684	169045173	566	-0.2093
85eaf6c7-fb11-405c-a512-aa9652319d68	6	169046960	170741917	1019	-0.1269
85eaf6c7-fb11-405c-a512-aa9652319d68	7	43355	3683635	1736	0.2646
85eaf6c7-fb11-405c-a512-aa9652319d68	7	3683730	3688126	3	2.0103
85eaf6c7-fb11-405c-a512-aa9652319d68	7	3688254	19164155	11813	0.237
85eaf6c7-fb11-405c-a512-aa9652319d68	7	19164177	19182548	44	0.6302
85eaf6c7-fb11-405c-a512-aa9652319d68	7	19184707	43186355	17162	0.2565
85eaf6c7-fb11-405c-a512-aa9652319d68	7	43186963	54318812	7731	0.0868
85eaf6c7-fb11-405c-a512-aa9652319d68	7	54318816	54318824	5	2.8102
85eaf6c7-fb11-405c-a512-aa9652319d68	7	54325795	63119774	2270	0.0637
85eaf6c7-fb11-405c-a512-aa9652319d68	7	63123423	63273383	57	0.51
85eaf6c7-fb11-405c-a512-aa9652319d68	7	63289788	126405502	36184	0.0728
85eaf6c7-fb11-405c-a512-aa9652319d68	7	126405597	126406546	9	-0.9635
85eaf6c7-fb11-405c-a512-aa9652319d68	7	126406561	126646594	161	-0.0143
85eaf6c7-fb11-405c-a512-aa9652319d68	7	126646676	126655831	6	-0.917
85eaf6c7-fb11-405c-a512-aa9652319d68	7	126655865	128290909	1119	0.0644
85eaf6c7-fb11-405c-a512-aa9652319d68	7	128290926	128290941	2	1.7154
85eaf6c7-fb11-405c-a512-aa9652319d68	7	128291027	142063324	8641	0.077
85eaf6c7-fb11-405c-a512-aa9652319d68	7	142069843	142092108	33	-0.7216
85eaf6c7-fb11-405c-a512-aa9652319d68	7	142092307	143125117	669	0.0774
85eaf6c7-fb11-405c-a512-aa9652319d68	7	143130861	143194628	33	-1.0238
85eaf6c7-fb11-405c-a512-aa9652319d68	7	143200677	159334314	10166	0.0673
85eaf6c7-fb11-405c-a512-aa9652319d68	8	81254	645875	330	-0.1048
85eaf6c7-fb11-405c-a512-aa9652319d68	8	645892	645908	2	-2.7109
85eaf6c7-fb11-405c-a512-aa9652319d68	8	656117	2844412	1707	-0.0439
85eaf6c7-fb11-405c-a512-aa9652319d68	8	2846011	2846377	7	-1.2168
85eaf6c7-fb11-405c-a512-aa9652319d68	8	2849649	16404726	12547	-0.0323
85eaf6c7-fb11-405c-a512-aa9652319d68	8	16404738	16416900	24	-0.5744
85eaf6c7-fb11-405c-a512-aa9652319d68	8	16416915	25117007	6865	-0.0165
85eaf6c7-fb11-405c-a512-aa9652319d68	8	25117062	25126735	23	-2.067
85eaf6c7-fb11-405c-a512-aa9652319d68	8	25133589	32826447	5436	-0.0228
85eaf6c7-fb11-405c-a512-aa9652319d68	8	32826507	32834603	8	0.904
85eaf6c7-fb11-405c-a512-aa9652319d68	8	32834624	63936340	17291	-0.0251
85eaf6c7-fb11-405c-a512-aa9652319d68	8	63936355	63936953	6	1.0035
85eaf6c7-fb11-405c-a512-aa9652319d68	8	63937166	77843094	8435	-0.0353
85eaf6c7-fb11-405c-a512-aa9652319d68	8	77844068	77844277	2	1.7317
85eaf6c7-fb11-405c-a512-aa9652319d68	8	77844408	106236002	16854	-0.0315
85eaf6c7-fb11-405c-a512-aa9652319d68	8	106236518	106237205	2	1.6938
85eaf6c7-fb11-405c-a512-aa9652319d68	8	106237331	111279265	3059	-0.0383
85eaf6c7-fb11-405c-a512-aa9652319d68	8	111282050	111283031	10	-1.3822
85eaf6c7-fb11-405c-a512-aa9652319d68	8	111288052	114619065	1818	-0.0396
85eaf6c7-fb11-405c-a512-aa9652319d68	8	114619207	114628333	21	-0.6936
85eaf6c7-fb11-405c-a512-aa9652319d68	8	114628493	122597412	5416	-0.0261
85eaf6c7-fb11-405c-a512-aa9652319d68	8	122597850	130890048	5874	0.3257
85eaf6c7-fb11-405c-a512-aa9652319d68	8	130890665	145072769	9786	0.2317
85eaf6c7-fb11-405c-a512-aa9652319d68	9	46587	2147099	2315	0.0697
85eaf6c7-fb11-405c-a512-aa9652319d68	9	2148837	2150662	6	-1.4222
85eaf6c7-fb11-405c-a512-aa9652319d68	9	2152115	5047231	2858	0.1036
85eaf6c7-fb11-405c-a512-aa9652319d68	9	5047247	16929805	10179	-0.0193
85eaf6c7-fb11-405c-a512-aa9652319d68	9	16931238	18223936	1118	0.058
85eaf6c7-fb11-405c-a512-aa9652319d68	9	18224662	19095681	823	0.077
85eaf6c7-fb11-405c-a512-aa9652319d68	9	19096420	24493556	3921	0.1576
85eaf6c7-fb11-405c-a512-aa9652319d68	9	24493616	28309880	2984	0.1064
85eaf6c7-fb11-405c-a512-aa9652319d68	9	28310572	28312063	3	1.9739
85eaf6c7-fb11-405c-a512-aa9652319d68	9	28316541	33253607	3551	0.1586
85eaf6c7-fb11-405c-a512-aa9652319d68	9	33254358	35740233	1307	0.0795
85eaf6c7-fb11-405c-a512-aa9652319d68	9	35743281	36727843	534	0.1835
85eaf6c7-fb11-405c-a512-aa9652319d68	9	36727895	87907679	16192	-0.0142
85eaf6c7-fb11-405c-a512-aa9652319d68	9	87939236	87939304	2	-2.2095
85eaf6c7-fb11-405c-a512-aa9652319d68	9	87943042	138200944	33708	-0.0095
85eaf6c7-fb11-405c-a512-aa9652319d68	10	45792	2910645	2331	-0.0185
85eaf6c7-fb11-405c-a512-aa9652319d68	10	2910855	2915989	2	2.3625
85eaf6c7-fb11-405c-a512-aa9652319d68	10	2917539	24088745	16869	-0.0029
85eaf6c7-fb11-405c-a512-aa9652319d68	10	24088746	24089125	10	0.8809
85eaf6c7-fb11-405c-a512-aa9652319d68	10	24089979	45574604	12173	0.0009
85eaf6c7-fb11-405c-a512-aa9652319d68	10	45577424	45593515	14	-0.7046
85eaf6c7-fb11-405c-a512-aa9652319d68	10	45602247	46522514	282	-0.0247
85eaf6c7-fb11-405c-a512-aa9652319d68	10	46522571	46526280	15	0.7929
85eaf6c7-fb11-405c-a512-aa9652319d68	10	46526920	55828169	5975	-0.0063
85eaf6c7-fb11-405c-a512-aa9652319d68	10	55828532	55831008	2	2.1784
85eaf6c7-fb11-405c-a512-aa9652319d68	10	55833337	79624129	16014	-0.0001
85eaf6c7-fb11-405c-a512-aa9652319d68	10	79625643	79649470	3	1.8508
85eaf6c7-fb11-405c-a512-aa9652319d68	10	79663484	133654968	36997	-0.0039
85eaf6c7-fb11-405c-a512-aa9652319d68	11	198510	4949137	2425	0.0776
85eaf6c7-fb11-405c-a512-aa9652319d68	11	4950775	4955042	23	-1.4348
85eaf6c7-fb11-405c-a512-aa9652319d68	11	4955781	48908369	30956	0.0808
85eaf6c7-fb11-405c-a512-aa9652319d68	11	48908580	48908776	2	2.2103
85eaf6c7-fb11-405c-a512-aa9652319d68	11	48943181	55606572	1079	0.0625
85eaf6c7-fb11-405c-a512-aa9652319d68	11	55606712	55685533	57	-1.6928
85eaf6c7-fb11-405c-a512-aa9652319d68	11	55686100	59831134	2517	0.0867
85eaf6c7-fb11-405c-a512-aa9652319d68	11	59832983	59833696	2	-1.9879
85eaf6c7-fb11-405c-a512-aa9652319d68	11	59836421	133947577	48938	0.0775
85eaf6c7-fb11-405c-a512-aa9652319d68	11	133947761	133949547	3	1.7617
85eaf6c7-fb11-405c-a512-aa9652319d68	11	133952831	135074876	837	0.0618
85eaf6c7-fb11-405c-a512-aa9652319d68	12	51460	11351008	7372	-0.0026
85eaf6c7-fb11-405c-a512-aa9652319d68	12	11351041	11388095	31	0.7151
85eaf6c7-fb11-405c-a512-aa9652319d68	12	11390452	24895123	9228	-0.0048
85eaf6c7-fb11-405c-a512-aa9652319d68	12	24895139	24909093	9	0.2863
85eaf6c7-fb11-405c-a512-aa9652319d68	12	24913413	26009842	961	0.5868
85eaf6c7-fb11-405c-a512-aa9652319d68	12	26018643	27077054	727	0.4674
85eaf6c7-fb11-405c-a512-aa9652319d68	12	27078640	33141726	4456	0.2069
85eaf6c7-fb11-405c-a512-aa9652319d68	12	33148472	33154440	27	-0.5549
85eaf6c7-fb11-405c-a512-aa9652319d68	12	33155426	34545033	759	0.2289
85eaf6c7-fb11-405c-a512-aa9652319d68	12	34545149	34682902	28	0.4089
85eaf6c7-fb11-405c-a512-aa9652319d68	12	34701563	42854100	3201	-0.0135
85eaf6c7-fb11-405c-a512-aa9652319d68	12	42854314	42855082	3	1.7593
85eaf6c7-fb11-405c-a512-aa9652319d68	12	42856554	90089573	28844	-0.0067
85eaf6c7-fb11-405c-a512-aa9652319d68	12	90097892	90098297	7	-1.3114
85eaf6c7-fb11-405c-a512-aa9652319d68	12	90099780	99614121	6625	-0.0095
85eaf6c7-fb11-405c-a512-aa9652319d68	12	99614543	99626255	8	0.8535
85eaf6c7-fb11-405c-a512-aa9652319d68	12	99626961	113679795	8946	0.083
85eaf6c7-fb11-405c-a512-aa9652319d68	12	113681170	126640834	8674	-0.0114
85eaf6c7-fb11-405c-a512-aa9652319d68	12	126641198	126645946	2	2.1796
85eaf6c7-fb11-405c-a512-aa9652319d68	12	126646494	130028387	3041	-0.0315
85eaf6c7-fb11-405c-a512-aa9652319d68	12	130034810	130035119	2	2.0525
85eaf6c7-fb11-405c-a512-aa9652319d68	12	130035265	133201603	1906	-0.0417
85eaf6c7-fb11-405c-a512-aa9652319d68	13	18452809	31957984	9569	0.0605
85eaf6c7-fb11-405c-a512-aa9652319d68	13	31958485	31964286	18	-0.6112
85eaf6c7-fb11-405c-a512-aa9652319d68	13	31965910	37496998	3901	0.0641
85eaf6c7-fb11-405c-a512-aa9652319d68	13	37497899	37510620	16	-1.8208
85eaf6c7-fb11-405c-a512-aa9652319d68	13	37514193	50970918	9113	0.0646
85eaf6c7-fb11-405c-a512-aa9652319d68	13	50972775	50975062	2	2.3758
85eaf6c7-fb11-405c-a512-aa9652319d68	13	50975421	57189979	3427	0.0573
85eaf6c7-fb11-405c-a512-aa9652319d68	13	57190029	57200942	12	0.8151
85eaf6c7-fb11-405c-a512-aa9652319d68	13	57200966	92015736	22050	0.0482
85eaf6c7-fb11-405c-a512-aa9652319d68	13	92016072	92019615	2	-2.2784
85eaf6c7-fb11-405c-a512-aa9652319d68	13	92019998	114342922	16049	0.0628
85eaf6c7-fb11-405c-a512-aa9652319d68	14	18239283	19197351	40	0.1003
85eaf6c7-fb11-405c-a512-aa9652319d68	14	19203845	19950798	122	-0.3676
85eaf6c7-fb11-405c-a512-aa9652319d68	14	19951100	40139724	12879	-0.0098
85eaf6c7-fb11-405c-a512-aa9652319d68	14	40144718	40147715	2	-3.5867
85eaf6c7-fb11-405c-a512-aa9652319d68	14	40148961	71343023	19708	-0.0132
85eaf6c7-fb11-405c-a512-aa9652319d68	14	71344835	71612617	107	-0.2583
85eaf6c7-fb11-405c-a512-aa9652319d68	14	71613893	73529070	1384	-0.0201
85eaf6c7-fb11-405c-a512-aa9652319d68	14	73534419	73563196	10	0.7857
85eaf6c7-fb11-405c-a512-aa9652319d68	14	73563211	85099082	7601	-0.0232
85eaf6c7-fb11-405c-a512-aa9652319d68	14	85099129	85099456	3	1.7112
85eaf6c7-fb11-405c-a512-aa9652319d68	14	85099620	106232940	13229	-0.0162
85eaf6c7-fb11-405c-a512-aa9652319d68	14	106236187	106236294	2	2.2601
85eaf6c7-fb11-405c-a512-aa9652319d68	14	106236842	106294689	26	0.1457
85eaf6c7-fb11-405c-a512-aa9652319d68	14	106297265	106297273	3	2.1157
85eaf6c7-fb11-405c-a512-aa9652319d68	14	106297409	106412640	50	0.043
85eaf6c7-fb11-405c-a512-aa9652319d68	14	106416146	106455391	31	0.493
85eaf6c7-fb11-405c-a512-aa9652319d68	14	106455406	106877229	214	-0.0704
85eaf6c7-fb11-405c-a512-aa9652319d68	15	19811075	20059033	51	-0.1483
85eaf6c7-fb11-405c-a512-aa9652319d68	15	20060725	22385639	156	-0.3856
85eaf6c7-fb11-405c-a512-aa9652319d68	15	22395047	24230059	916	-0.0997
85eaf6c7-fb11-405c-a512-aa9652319d68	15	24232659	24512196	124	0.294
85eaf6c7-fb11-405c-a512-aa9652319d68	15	24515594	53902792	18178	-0.1039
85eaf6c7-fb11-405c-a512-aa9652319d68	15	53908153	53910302	3	-2.128
85eaf6c7-fb11-405c-a512-aa9652319d68	15	53912031	56498612	1711	-0.1086
85eaf6c7-fb11-405c-a512-aa9652319d68	15	56498641	56518564	26	-0.7461
85eaf6c7-fb11-405c-a512-aa9652319d68	15	56519006	57441196	489	-0.1077
85eaf6c7-fb11-405c-a512-aa9652319d68	15	57441989	57442348	2	1.6572
85eaf6c7-fb11-405c-a512-aa9652319d68	15	57444977	93303086	23420	-0.1042
85eaf6c7-fb11-405c-a512-aa9652319d68	15	93303671	93304485	2	2.0206
85eaf6c7-fb11-405c-a512-aa9652319d68	15	93309917	98000359	3586	-0.1099
85eaf6c7-fb11-405c-a512-aa9652319d68	15	98007488	98008295	2	-2.3139
85eaf6c7-fb11-405c-a512-aa9652319d68	15	98009097	101928837	2883	-0.1049
85eaf6c7-fb11-405c-a512-aa9652319d68	16	10777	6814999	4175	-0.1104
85eaf6c7-fb11-405c-a512-aa9652319d68	16	6815070	7024090	231	-1.1928
85eaf6c7-fb11-405c-a512-aa9652319d68	16	7027683	16541758	7357	-0.0992
85eaf6c7-fb11-405c-a512-aa9652319d68	16	16550385	16558842	2	2.3494
85eaf6c7-fb11-405c-a512-aa9652319d68	16	16563118	55762682	15169	-0.1155
85eaf6c7-fb11-405c-a512-aa9652319d68	16	55764310	55764867	3	3.4719
85eaf6c7-fb11-405c-a512-aa9652319d68	16	55770436	90096867	24929	-0.1096
85eaf6c7-fb11-405c-a512-aa9652319d68	17	150733	761804	337	-0.2484
85eaf6c7-fb11-405c-a512-aa9652319d68	17	764003	764137	2	1.9361
85eaf6c7-fb11-405c-a512-aa9652319d68	17	775251	15258660	9462	-0.2354
85eaf6c7-fb11-405c-a512-aa9652319d68	17	15259072	15271991	3	1.4599
85eaf6c7-fb11-405c-a512-aa9652319d68	17	15274075	17937981	1315	-0.2024
85eaf6c7-fb11-405c-a512-aa9652319d68	17	17939188	46085732	12225	0.1729
85eaf6c7-fb11-405c-a512-aa9652319d68	17	46088437	46284997	123	0.5143
85eaf6c7-fb11-405c-a512-aa9652319d68	17	46286804	56081095	5810	0.1581
85eaf6c7-fb11-405c-a512-aa9652319d68	17	56081683	56095462	28	-0.7804
85eaf6c7-fb11-405c-a512-aa9652319d68	17	56095886	80655063	14791	0.1709
85eaf6c7-fb11-405c-a512-aa9652319d68	17	80655993	80660379	2	2.7184
85eaf6c7-fb11-405c-a512-aa9652319d68	17	80660500	83091923	950	0.1708
85eaf6c7-fb11-405c-a512-aa9652319d68	18	48133	80257174	50751	-0.0087
85eaf6c7-fb11-405c-a512-aa9652319d68	19	90910	6951984	2299	-0.0068
85eaf6c7-fb11-405c-a512-aa9652319d68	19	6957866	7013874	43	-0.9945
85eaf6c7-fb11-405c-a512-aa9652319d68	19	7013939	42978346	18148	-0.0092
85eaf6c7-fb11-405c-a512-aa9652319d68	19	42978573	43033226	32	-0.9506
85eaf6c7-fb11-405c-a512-aa9652319d68	19	43034626	43209225	75	-0.0659
85eaf6c7-fb11-405c-a512-aa9652319d68	19	43209582	43252085	16	-2.7054
85eaf6c7-fb11-405c-a512-aa9652319d68	19	43262507	52634690	4825	-0.0044
85eaf6c7-fb11-405c-a512-aa9652319d68	19	52635191	52636034	2	1.7559
85eaf6c7-fb11-405c-a512-aa9652319d68	19	52640363	53013829	271	-0.0413
85eaf6c7-fb11-405c-a512-aa9652319d68	19	53015494	53048976	22	1.0265
85eaf6c7-fb11-405c-a512-aa9652319d68	19	53050987	54815158	1077	-0.0412
85eaf6c7-fb11-405c-a512-aa9652319d68	19	54819199	54852441	15	-0.9082
85eaf6c7-fb11-405c-a512-aa9652319d68	19	54853949	58586487	2284	-0.0047
85eaf6c7-fb11-405c-a512-aa9652319d68	20	80664	449145	267	0.0593
85eaf6c7-fb11-405c-a512-aa9652319d68	20	449524	20380341	15807	-0.1058
85eaf6c7-fb11-405c-a512-aa9652319d68	20	20382845	23516087	2232	-0.003
85eaf6c7-fb11-405c-a512-aa9652319d68	20	23516237	23517570	2	1.9374
85eaf6c7-fb11-405c-a512-aa9652319d68	20	23517894	23588524	71	-0.0188
85eaf6c7-fb11-405c-a512-aa9652319d68	20	23588613	24973491	1041	-0.1349
85eaf6c7-fb11-405c-a512-aa9652319d68	20	24973989	30406589	636	-0.0011
85eaf6c7-fb11-405c-a512-aa9652319d68	20	30414321	30416535	2	1.5012
85eaf6c7-fb11-405c-a512-aa9652319d68	20	30416693	38196062	3549	0.0073
85eaf6c7-fb11-405c-a512-aa9652319d68	20	38201731	42488216	3063	-0.1133
85eaf6c7-fb11-405c-a512-aa9652319d68	20	42489376	54041534	8244	-0.0097
85eaf6c7-fb11-405c-a512-aa9652319d68	20	54041625	56175059	1746	-0.1261
85eaf6c7-fb11-405c-a512-aa9652319d68	20	56176727	56178668	4	-1.4618
85eaf6c7-fb11-405c-a512-aa9652319d68	20	56179321	64324800	5706	-0.1065
85eaf6c7-fb11-405c-a512-aa9652319d68	21	10354168	13224688	119	-0.1446
85eaf6c7-fb11-405c-a512-aa9652319d68	21	13224711	13231256	3	1.7063
85eaf6c7-fb11-405c-a512-aa9652319d68	21	13240288	46677045	23741	-0.1144
85eaf6c7-fb11-405c-a512-aa9652319d68	22	15294547	23981995	4393	-0.0333
85eaf6c7-fb11-405c-a512-aa9652319d68	22	23987520	23988078	2	-2.3816
85eaf6c7-fb11-405c-a512-aa9652319d68	22	23989773	49000642	17744	-0.0055
85eaf6c7-fb11-405c-a512-aa9652319d68	22	49001662	50048205	809	-0.1006
85eaf6c7-fb11-405c-a512-aa9652319d68	22	50048260	50796027	327	-0.0163
85eaf6c7-fb11-405c-a512-aa9652319d68	X	251810	5003874	1662	-0.0211
85eaf6c7-fb11-405c-a512-aa9652319d68	X	5004155	5004902	2	-2.4682
85eaf6c7-fb11-405c-a512-aa9652319d68	X	5008487	154415932	81462	-0.0009
85eaf6c7-fb11-405c-a512-aa9652319d68	X	154422300	155952689	524	0.2356
85eaf6c7-fb11-405c-a512-aa9652319d68	Y	2782397	6044040	715	-2.3247
85eaf6c7-fb11-405c-a512-aa9652319d68	Y	6058481	8484811	1141	-2.6989
85eaf6c7-fb11-405c-a512-aa9652319d68	Y	8485666	9921955	463	-3.0935
85eaf6c7-fb11-405c-a512-aa9652319d68	Y	9937005	12912709	691	-2.6436
85eaf6c7-fb11-405c-a512-aa9652319d68	Y	12914512	12918905	5	-6.2462
85eaf6c7-fb11-405c-a512-aa9652319d68	Y	12920376	25169825	3441	-2.6985
85eaf6c7-fb11-405c-a512-aa9652319d68	Y	25472063	56872112	179	-2.4246
