GDC_Aliquot	Chromosome	Start	End	Num_Probes	Segment_Mean
9ea10a6b-514e-46ea-b817-125b5976df48	1	62920	16864367	8700	0.0083
9ea10a6b-514e-46ea-b817-125b5976df48	1	16868660	16956580	57	-0.323
9ea10a6b-514e-46ea-b817-125b5976df48	1	16958425	23631293	4352	0.0026
9ea10a6b-514e-46ea-b817-125b5976df48	1	23632431	23633123	2	-1.2032
9ea10a6b-514e-46ea-b817-125b5976df48	1	23634378	103613180	49701	0.001
9ea10a6b-514e-46ea-b817-125b5976df48	1	103614539	103620877	7	-0.9158
9ea10a6b-514e-46ea-b817-125b5976df48	1	103621165	105470754	923	-0.0075
9ea10a6b-514e-46ea-b817-125b5976df48	1	105476583	105479753	17	-2.247
9ea10a6b-514e-46ea-b817-125b5976df48	1	105481433	109684893	2634	-0.0046
9ea10a6b-514e-46ea-b817-125b5976df48	1	109690352	109697556	13	-1.3723
9ea10a6b-514e-46ea-b817-125b5976df48	1	109702376	110881776	916	-0.0051
9ea10a6b-514e-46ea-b817-125b5976df48	1	110883765	110888010	6	-0.619
9ea10a6b-514e-46ea-b817-125b5976df48	1	110890071	112147704	1023	-0.0005
9ea10a6b-514e-46ea-b817-125b5976df48	1	112153343	112163596	38	-0.2481
9ea10a6b-514e-46ea-b817-125b5976df48	1	112166431	121593055	5141	-0.002
9ea10a6b-514e-46ea-b817-125b5976df48	1	121593930	143714703	101	0.1624
9ea10a6b-514e-46ea-b817-125b5976df48	1	143734438	143754062	17	0.5554
9ea10a6b-514e-46ea-b817-125b5976df48	1	143754077	144503864	30	0.1914
9ea10a6b-514e-46ea-b817-125b5976df48	1	144932423	151024735	1417	-0.0111
9ea10a6b-514e-46ea-b817-125b5976df48	1	151027232	151027261	2	-1.1568
9ea10a6b-514e-46ea-b817-125b5976df48	1	151031124	169247699	12388	0.0039
9ea10a6b-514e-46ea-b817-125b5976df48	1	169264736	169272528	7	0.6928
9ea10a6b-514e-46ea-b817-125b5976df48	1	169273163	196762480	18172	0.0009
9ea10a6b-514e-46ea-b817-125b5976df48	1	196762956	196772237	13	-2.0717
9ea10a6b-514e-46ea-b817-125b5976df48	1	196775006	218007188	14498	0.0015
9ea10a6b-514e-46ea-b817-125b5976df48	1	218008881	218008915	3	-1.3375
9ea10a6b-514e-46ea-b817-125b5976df48	1	218020173	230505931	8006	-0.0016
9ea10a6b-514e-46ea-b817-125b5976df48	1	230509663	230517036	11	-1.428
9ea10a6b-514e-46ea-b817-125b5976df48	1	230517204	248930189	13325	0.0015
9ea10a6b-514e-46ea-b817-125b5976df48	2	12784	1782750	1156	0.0142
9ea10a6b-514e-46ea-b817-125b5976df48	2	1784234	1784851	2	-1.2736
9ea10a6b-514e-46ea-b817-125b5976df48	2	1785632	3156438	1034	0.0059
9ea10a6b-514e-46ea-b817-125b5976df48	2	3157856	3216938	73	0.1789
9ea10a6b-514e-46ea-b817-125b5976df48	2	3220789	4155990	720	-0.0075
9ea10a6b-514e-46ea-b817-125b5976df48	2	4158097	4175577	37	-0.6279
9ea10a6b-514e-46ea-b817-125b5976df48	2	4175922	5522426	1112	0.0089
9ea10a6b-514e-46ea-b817-125b5976df48	2	5522506	5522524	2	-1.2549
9ea10a6b-514e-46ea-b817-125b5976df48	2	5522535	36108463	21150	0.0004
9ea10a6b-514e-46ea-b817-125b5976df48	2	36109476	36112411	13	-1.0747
9ea10a6b-514e-46ea-b817-125b5976df48	2	36123960	52531652	11847	-0.0055
9ea10a6b-514e-46ea-b817-125b5976df48	2	52531677	52554404	30	0.5062
9ea10a6b-514e-46ea-b817-125b5976df48	2	52560811	73306492	13385	-0.0005
9ea10a6b-514e-46ea-b817-125b5976df48	2	73312475	73312699	2	-1.4125
9ea10a6b-514e-46ea-b817-125b5976df48	2	73314705	146106875	39854	0.0004
9ea10a6b-514e-46ea-b817-125b5976df48	2	146106889	146109366	21	-1.5599
9ea10a6b-514e-46ea-b817-125b5976df48	2	146120238	207490231	36951	-0.0003
9ea10a6b-514e-46ea-b817-125b5976df48	2	207490454	207494752	17	-0.8439
9ea10a6b-514e-46ea-b817-125b5976df48	2	207494795	212316597	3039	-0.0003
9ea10a6b-514e-46ea-b817-125b5976df48	2	212321824	212327101	25	-0.8339
9ea10a6b-514e-46ea-b817-125b5976df48	2	212327402	230805462	12024	0.0055
9ea10a6b-514e-46ea-b817-125b5976df48	2	230806701	230808662	7	-1.2346
9ea10a6b-514e-46ea-b817-125b5976df48	2	230812028	242147305	6980	0.0101
9ea10a6b-514e-46ea-b817-125b5976df48	3	20930	10588096	8982	-0.0012
9ea10a6b-514e-46ea-b817-125b5976df48	3	10590621	10590627	2	-1.4143
9ea10a6b-514e-46ea-b817-125b5976df48	3	10590994	37935926	18634	-0.0025
9ea10a6b-514e-46ea-b817-125b5976df48	3	37940617	37945437	17	-0.8023
9ea10a6b-514e-46ea-b817-125b5976df48	3	37945615	68697013	20142	0.0014
9ea10a6b-514e-46ea-b817-125b5976df48	3	68697108	68698262	14	-1.3251
9ea10a6b-514e-46ea-b817-125b5976df48	3	68699607	75434094	4890	-0.0031
9ea10a6b-514e-46ea-b817-125b5976df48	3	75434122	75600083	48	0.1976
9ea10a6b-514e-46ea-b817-125b5976df48	3	75606920	76713597	585	-0.0118
9ea10a6b-514e-46ea-b817-125b5976df48	3	76725006	76728172	8	-1.1889
9ea10a6b-514e-46ea-b817-125b5976df48	3	76733646	82815398	3497	0.0006
9ea10a6b-514e-46ea-b817-125b5976df48	3	82823628	82823892	6	-0.6156
9ea10a6b-514e-46ea-b817-125b5976df48	3	82831894	84053071	567	-0.0108
9ea10a6b-514e-46ea-b817-125b5976df48	3	84056282	84057015	2	-2.6828
9ea10a6b-514e-46ea-b817-125b5976df48	3	84061816	84650642	303	-0.006
9ea10a6b-514e-46ea-b817-125b5976df48	3	84650720	84652985	11	-0.7438
9ea10a6b-514e-46ea-b817-125b5976df48	3	84653010	86212375	922	0.0038
9ea10a6b-514e-46ea-b817-125b5976df48	3	86216052	86216665	2	-1.3273
9ea10a6b-514e-46ea-b817-125b5976df48	3	86221012	99225788	5063	0.0046
9ea10a6b-514e-46ea-b817-125b5976df48	3	99225919	99230457	28	0.3164
9ea10a6b-514e-46ea-b817-125b5976df48	3	99230464	107982375	5214	-0.0011
9ea10a6b-514e-46ea-b817-125b5976df48	3	107982406	107984929	10	-0.894
9ea10a6b-514e-46ea-b817-125b5976df48	3	107987762	125705628	11005	0.002
9ea10a6b-514e-46ea-b817-125b5976df48	3	125706925	125743486	16	0.4166
9ea10a6b-514e-46ea-b817-125b5976df48	3	125747704	128665680	1822	-0.0011
9ea10a6b-514e-46ea-b817-125b5976df48	3	128667759	128695318	15	0.7227
9ea10a6b-514e-46ea-b817-125b5976df48	3	128702323	130044016	620	0.0063
9ea10a6b-514e-46ea-b817-125b5976df48	3	130044855	130067097	6	-0.6326
9ea10a6b-514e-46ea-b817-125b5976df48	3	130067366	130087393	32	-1.5009
9ea10a6b-514e-46ea-b817-125b5976df48	3	130088081	133306001	2120	-0.0075
9ea10a6b-514e-46ea-b817-125b5976df48	3	133306023	133306053	3	-1.1231
9ea10a6b-514e-46ea-b817-125b5976df48	3	133306168	162790480	18132	-0.0006
9ea10a6b-514e-46ea-b817-125b5976df48	3	162794869	162908207	70	-1.4038
9ea10a6b-514e-46ea-b817-125b5976df48	3	162908784	162996729	72	0.0031
9ea10a6b-514e-46ea-b817-125b5976df48	3	162999939	163001774	2	1.2262
9ea10a6b-514e-46ea-b817-125b5976df48	3	163008371	165304048	1230	-0.0019
9ea10a6b-514e-46ea-b817-125b5976df48	3	165304486	165323075	11	-0.2562
9ea10a6b-514e-46ea-b817-125b5976df48	3	165323760	165364151	65	-0.9522
9ea10a6b-514e-46ea-b817-125b5976df48	3	165367641	175362822	6268	0.0018
9ea10a6b-514e-46ea-b817-125b5976df48	3	175362958	175363536	5	-0.9674
9ea10a6b-514e-46ea-b817-125b5976df48	3	175368999	193160113	11500	0.0017
9ea10a6b-514e-46ea-b817-125b5976df48	3	193160173	193165114	19	-1.3808
9ea10a6b-514e-46ea-b817-125b5976df48	3	193168646	195559056	1481	0.0025
9ea10a6b-514e-46ea-b817-125b5976df48	3	195656271	195728637	26	0.8558
9ea10a6b-514e-46ea-b817-125b5976df48	3	195728990	195737995	15	0.2294
9ea10a6b-514e-46ea-b817-125b5976df48	3	195746925	195747892	3	0.9871
9ea10a6b-514e-46ea-b817-125b5976df48	3	195751823	195925915	72	-0.0084
9ea10a6b-514e-46ea-b817-125b5976df48	3	195926009	195991894	15	0.4064
9ea10a6b-514e-46ea-b817-125b5976df48	3	195998433	196926134	444	-0.0208
9ea10a6b-514e-46ea-b817-125b5976df48	3	196928191	196929709	2	-1.2593
9ea10a6b-514e-46ea-b817-125b5976df48	3	196929901	197449860	285	-0.0115
9ea10a6b-514e-46ea-b817-125b5976df48	3	197450575	197450999	2	-1.7599
9ea10a6b-514e-46ea-b817-125b5976df48	3	197457745	198169247	345	0.0129
9ea10a6b-514e-46ea-b817-125b5976df48	4	68929	9455251	5157	0.011
9ea10a6b-514e-46ea-b817-125b5976df48	4	9459504	9477699	6	0.9319
9ea10a6b-514e-46ea-b817-125b5976df48	4	9484440	10208766	539	0.0031
9ea10a6b-514e-46ea-b817-125b5976df48	4	10212536	10221792	2	1.5941
9ea10a6b-514e-46ea-b817-125b5976df48	4	10222004	34777432	16998	0.0036
9ea10a6b-514e-46ea-b817-125b5976df48	4	34784878	34823103	38	-2.1028
9ea10a6b-514e-46ea-b817-125b5976df48	4	34828250	43144033	5524	-0.0004
9ea10a6b-514e-46ea-b817-125b5976df48	4	43144118	43145497	4	-1.1012
9ea10a6b-514e-46ea-b817-125b5976df48	4	43146144	63828222	11015	0.0004
9ea10a6b-514e-46ea-b817-125b5976df48	4	63831751	63839810	15	-0.9759
9ea10a6b-514e-46ea-b817-125b5976df48	4	63839893	63840033	4	0.05
9ea10a6b-514e-46ea-b817-125b5976df48	4	63841863	63842540	8	-2.2511
9ea10a6b-514e-46ea-b817-125b5976df48	4	63850713	68389352	2851	-0.0046
9ea10a6b-514e-46ea-b817-125b5976df48	4	68391041	68422424	9	0.7321
9ea10a6b-514e-46ea-b817-125b5976df48	4	68429081	129141596	36502	-0.0002
9ea10a6b-514e-46ea-b817-125b5976df48	4	129146391	129147005	2	-2.1622
9ea10a6b-514e-46ea-b817-125b5976df48	4	129151408	137171085	4515	0.0052
9ea10a6b-514e-46ea-b817-125b5976df48	4	137171266	137172260	13	-0.7986
9ea10a6b-514e-46ea-b817-125b5976df48	4	137173804	149342676	7493	-0.0024
9ea10a6b-514e-46ea-b817-125b5976df48	4	149351720	149352036	2	-1.3298
9ea10a6b-514e-46ea-b817-125b5976df48	4	149362780	154881396	3288	0.0039
9ea10a6b-514e-46ea-b817-125b5976df48	4	154881853	154881926	3	1.3248
9ea10a6b-514e-46ea-b817-125b5976df48	4	154882047	156380587	1072	0.0095
9ea10a6b-514e-46ea-b817-125b5976df48	4	156384225	156384770	12	-0.4349
9ea10a6b-514e-46ea-b817-125b5976df48	4	156386889	160952848	2828	0.0129
9ea10a6b-514e-46ea-b817-125b5976df48	4	160958866	160963767	22	-0.5214
9ea10a6b-514e-46ea-b817-125b5976df48	4	160963806	167874030	4346	-0.0019
9ea10a6b-514e-46ea-b817-125b5976df48	4	167874143	167874757	6	-0.9219
9ea10a6b-514e-46ea-b817-125b5976df48	4	167884907	167894290	15	-0.12
9ea10a6b-514e-46ea-b817-125b5976df48	4	167897292	167922955	49	0.5707
9ea10a6b-514e-46ea-b817-125b5976df48	4	167929310	170523301	1667	-0.0109
9ea10a6b-514e-46ea-b817-125b5976df48	4	170524787	170526557	2	-2.2747
9ea10a6b-514e-46ea-b817-125b5976df48	4	170527083	171453733	580	0.0097
9ea10a6b-514e-46ea-b817-125b5976df48	4	171453798	171456573	10	1.6207
9ea10a6b-514e-46ea-b817-125b5976df48	4	171456625	172066777	397	-0.0103
9ea10a6b-514e-46ea-b817-125b5976df48	4	172067997	172068382	12	1.025
9ea10a6b-514e-46ea-b817-125b5976df48	4	172074828	178318447	3776	-0.0055
9ea10a6b-514e-46ea-b817-125b5976df48	4	178320828	178324622	2	-1.254
9ea10a6b-514e-46ea-b817-125b5976df48	4	178325820	190106768	8293	0.0069
9ea10a6b-514e-46ea-b817-125b5976df48	5	15532	731776	320	0.0397
9ea10a6b-514e-46ea-b817-125b5976df48	5	732788	833513	33	0.7473
9ea10a6b-514e-46ea-b817-125b5976df48	5	852451	31386362	21340	0.0059
9ea10a6b-514e-46ea-b817-125b5976df48	5	31391617	31391848	3	-1.4041
9ea10a6b-514e-46ea-b817-125b5976df48	5	31392195	38147384	4464	-0.0026
9ea10a6b-514e-46ea-b817-125b5976df48	5	38148471	38148786	2	-1.2588
9ea10a6b-514e-46ea-b817-125b5976df48	5	38149898	46271006	4495	-0.0045
9ea10a6b-514e-46ea-b817-125b5976df48	5	46271828	46273400	6	-2.196
9ea10a6b-514e-46ea-b817-125b5976df48	5	46278110	69022815	12183	-0.0033
9ea10a6b-514e-46ea-b817-125b5976df48	5	69023860	69024941	3	-1.1462
9ea10a6b-514e-46ea-b817-125b5976df48	5	69025359	121793804	31581	-0.0008
9ea10a6b-514e-46ea-b817-125b5976df48	5	121797242	121799781	3	-1.0667
9ea10a6b-514e-46ea-b817-125b5976df48	5	121800431	175946505	35662	0.0024
9ea10a6b-514e-46ea-b817-125b5976df48	5	175960543	175993893	7	1.2084
9ea10a6b-514e-46ea-b817-125b5976df48	5	175999690	178177678	831	0.0038
9ea10a6b-514e-46ea-b817-125b5976df48	5	178180810	178181449	6	-0.9727
9ea10a6b-514e-46ea-b817-125b5976df48	5	178182539	180766199	1589	0.0125
9ea10a6b-514e-46ea-b817-125b5976df48	5	180766779	180768522	4	-1.0739
9ea10a6b-514e-46ea-b817-125b5976df48	5	180769816	180947523	99	-0.0431
9ea10a6b-514e-46ea-b817-125b5976df48	5	180951710	181015400	22	-0.3599
9ea10a6b-514e-46ea-b817-125b5976df48	5	181015441	181363319	166	0.0467
9ea10a6b-514e-46ea-b817-125b5976df48	6	149661	323326	134	0.0075
9ea10a6b-514e-46ea-b817-125b5976df48	6	323576	381149	68	0.2352
9ea10a6b-514e-46ea-b817-125b5976df48	6	382559	19789348	15107	0.0011
9ea10a6b-514e-46ea-b817-125b5976df48	6	19790256	19790748	5	-0.9539
9ea10a6b-514e-46ea-b817-125b5976df48	6	19793444	29909182	6359	-0.0005
9ea10a6b-514e-46ea-b817-125b5976df48	6	29913249	29931120	6	-0.9682
9ea10a6b-514e-46ea-b817-125b5976df48	6	29931900	31313046	647	0.0094
9ea10a6b-514e-46ea-b817-125b5976df48	6	31318499	31328674	11	1.464
9ea10a6b-514e-46ea-b817-125b5976df48	6	31342147	31370073	23	-0.1145
9ea10a6b-514e-46ea-b817-125b5976df48	6	31370095	31373030	7	-6.3773
9ea10a6b-514e-46ea-b817-125b5976df48	6	31375827	32656527	528	-0.0266
9ea10a6b-514e-46ea-b817-125b5976df48	6	32656814	32658841	5	-1.2742
9ea10a6b-514e-46ea-b817-125b5976df48	6	32682835	48963228	10387	0.0003
9ea10a6b-514e-46ea-b817-125b5976df48	6	48964092	48967563	5	-1.0951
9ea10a6b-514e-46ea-b817-125b5976df48	6	48978926	50946613	1115	-0.0012
9ea10a6b-514e-46ea-b817-125b5976df48	6	50947083	50947099	3	-0.8149
9ea10a6b-514e-46ea-b817-125b5976df48	6	50948562	54066286	2184	-0.0068
9ea10a6b-514e-46ea-b817-125b5976df48	6	54066353	54067057	7	-1.0956
9ea10a6b-514e-46ea-b817-125b5976df48	6	54070550	66893499	5818	0.0003
9ea10a6b-514e-46ea-b817-125b5976df48	6	66900098	66902692	5	-1.2124
9ea10a6b-514e-46ea-b817-125b5976df48	6	66910669	68976737	1411	-0.0026
9ea10a6b-514e-46ea-b817-125b5976df48	6	68977806	68987514	5	-1.0209
9ea10a6b-514e-46ea-b817-125b5976df48	6	68990430	73882142	3141	0.0028
9ea10a6b-514e-46ea-b817-125b5976df48	6	73882509	73891694	10	0.5597
9ea10a6b-514e-46ea-b817-125b5976df48	6	73893839	78253172	2764	0.0033
9ea10a6b-514e-46ea-b817-125b5976df48	6	78259348	78331916	113	0.5243
9ea10a6b-514e-46ea-b817-125b5976df48	6	78332002	80248225	1196	0.0017
9ea10a6b-514e-46ea-b817-125b5976df48	6	80249198	80249821	2	0.9106
9ea10a6b-514e-46ea-b817-125b5976df48	6	80249987	80575042	233	-0.0001
9ea10a6b-514e-46ea-b817-125b5976df48	6	80575241	80579817	27	-0.8803
9ea10a6b-514e-46ea-b817-125b5976df48	6	80584624	103290101	13997	-0.0008
9ea10a6b-514e-46ea-b817-125b5976df48	6	103290164	103314186	45	0.5011
9ea10a6b-514e-46ea-b817-125b5976df48	6	103317795	170741917	44147	0.002
9ea10a6b-514e-46ea-b817-125b5976df48	7	43355	148300	90	0.0357
9ea10a6b-514e-46ea-b817-125b5976df48	7	155066	158626	10	-0.794
9ea10a6b-514e-46ea-b817-125b5976df48	7	161442	13547787	8739	-0.0022
9ea10a6b-514e-46ea-b817-125b5976df48	7	13550519	13551572	7	-0.9912
9ea10a6b-514e-46ea-b817-125b5976df48	7	13551859	17696402	3410	-0.0038
9ea10a6b-514e-46ea-b817-125b5976df48	7	17696950	17697339	2	-1.559
9ea10a6b-514e-46ea-b817-125b5976df48	7	17698407	32417765	11152	-0.0036
9ea10a6b-514e-46ea-b817-125b5976df48	7	32419164	32419822	2	-1.7823
9ea10a6b-514e-46ea-b817-125b5976df48	7	32420621	53145660	14194	0.0018
9ea10a6b-514e-46ea-b817-125b5976df48	7	53146318	53150362	9	-1.4086
9ea10a6b-514e-46ea-b817-125b5976df48	7	53150930	54318812	846	0.0062
9ea10a6b-514e-46ea-b817-125b5976df48	7	54318816	54318824	5	-2.0392
9ea10a6b-514e-46ea-b817-125b5976df48	7	54325795	67164253	3730	0.0135
9ea10a6b-514e-46ea-b817-125b5976df48	7	67164342	67180245	8	-1.4598
9ea10a6b-514e-46ea-b817-125b5976df48	7	67182652	67233947	15	-0.4412
9ea10a6b-514e-46ea-b817-125b5976df48	7	67234797	109793741	24667	0.0035
9ea10a6b-514e-46ea-b817-125b5976df48	7	109797035	109797717	16	-0.5756
9ea10a6b-514e-46ea-b817-125b5976df48	7	109800860	109801155	8	0.094
9ea10a6b-514e-46ea-b817-125b5976df48	7	109801187	109813853	11	-1.9799
9ea10a6b-514e-46ea-b817-125b5976df48	7	109813925	118491626	5327	0.0064
9ea10a6b-514e-46ea-b817-125b5976df48	7	118495687	118521318	16	-1.0245
9ea10a6b-514e-46ea-b817-125b5976df48	7	118524676	134093884	9387	0.0072
9ea10a6b-514e-46ea-b817-125b5976df48	7	134093896	134113356	33	-0.4117
9ea10a6b-514e-46ea-b817-125b5976df48	7	134113790	142505320	5555	-0.0026
9ea10a6b-514e-46ea-b817-125b5976df48	7	142505416	142804120	123	-0.1534
9ea10a6b-514e-46ea-b817-125b5976df48	7	142804157	143529806	449	-0.0063
9ea10a6b-514e-46ea-b817-125b5976df48	7	143530003	143728285	5	0.8177
9ea10a6b-514e-46ea-b817-125b5976df48	7	143728623	150588016	4141	0.0094
9ea10a6b-514e-46ea-b817-125b5976df48	7	150588713	150610834	9	-0.5083
9ea10a6b-514e-46ea-b817-125b5976df48	7	150612196	153450553	1711	0.0037
9ea10a6b-514e-46ea-b817-125b5976df48	7	153450560	153450627	2	-2.6414
9ea10a6b-514e-46ea-b817-125b5976df48	7	153450630	159334314	4089	0.0127
9ea10a6b-514e-46ea-b817-125b5976df48	8	81254	644973	324	0.021
9ea10a6b-514e-46ea-b817-125b5976df48	8	645220	645875	6	0.9563
9ea10a6b-514e-46ea-b817-125b5976df48	8	645892	645908	2	3.7233
9ea10a6b-514e-46ea-b817-125b5976df48	8	656117	7167045	7382	0.0145
9ea10a6b-514e-46ea-b817-125b5976df48	8	7172468	7380497	29	-0.9273
9ea10a6b-514e-46ea-b817-125b5976df48	8	7396819	7890177	26	0.045
9ea10a6b-514e-46ea-b817-125b5976df48	8	7919608	8120447	15	0.8328
9ea10a6b-514e-46ea-b817-125b5976df48	8	8120649	12374907	3236	0.0116
9ea10a6b-514e-46ea-b817-125b5976df48	8	12376131	12496221	29	0.5843
9ea10a6b-514e-46ea-b817-125b5976df48	8	12496252	12788880	107	0.0138
9ea10a6b-514e-46ea-b817-125b5976df48	8	12791219	12791669	2	-1.6827
9ea10a6b-514e-46ea-b817-125b5976df48	8	12794596	13754665	971	0.0083
9ea10a6b-514e-46ea-b817-125b5976df48	8	13757208	13794213	46	-0.8561
9ea10a6b-514e-46ea-b817-125b5976df48	8	13795675	25114437	9281	0.005
9ea10a6b-514e-46ea-b817-125b5976df48	8	25114672	25126708	26	-0.4293
9ea10a6b-514e-46ea-b817-125b5976df48	8	25126735	74396083	29153	-0.0001
9ea10a6b-514e-46ea-b817-125b5976df48	8	74406948	74415359	5	-0.8951
9ea10a6b-514e-46ea-b817-125b5976df48	8	74416300	94545324	11636	0.001
9ea10a6b-514e-46ea-b817-125b5976df48	8	94545374	94545701	5	0.9441
9ea10a6b-514e-46ea-b817-125b5976df48	8	94545764	114619814	12087	0.0009
9ea10a6b-514e-46ea-b817-125b5976df48	8	114622258	114623472	13	-0.7607
9ea10a6b-514e-46ea-b817-125b5976df48	8	114626121	114628588	9	-0.0437
9ea10a6b-514e-46ea-b817-125b5976df48	8	114628679	114629502	13	-0.6593
9ea10a6b-514e-46ea-b817-125b5976df48	8	114638468	139591259	18394	0.0029
9ea10a6b-514e-46ea-b817-125b5976df48	8	139592093	139593472	6	0.9101
9ea10a6b-514e-46ea-b817-125b5976df48	8	139594788	145072769	2654	0.0156
9ea10a6b-514e-46ea-b817-125b5976df48	9	46587	6663786	6342	-0.0107
9ea10a6b-514e-46ea-b817-125b5976df48	9	6669474	6670448	3	-1.4558
9ea10a6b-514e-46ea-b817-125b5976df48	9	6672097	10688287	3934	0.0041
9ea10a6b-514e-46ea-b817-125b5976df48	9	10690370	10690555	2	-1.7235
9ea10a6b-514e-46ea-b817-125b5976df48	9	10690633	23361807	10133	0.0007
9ea10a6b-514e-46ea-b817-125b5976df48	9	23363117	23373486	8	0.6883
9ea10a6b-514e-46ea-b817-125b5976df48	9	23378490	24503818	796	0.0091
9ea10a6b-514e-46ea-b817-125b5976df48	9	24504127	24517684	19	-0.8364
9ea10a6b-514e-46ea-b817-125b5976df48	9	24519686	29091099	3516	-0.0088
9ea10a6b-514e-46ea-b817-125b5976df48	9	29094551	29097682	3	-1.144
9ea10a6b-514e-46ea-b817-125b5976df48	9	29101434	38808961	6341	-0.0057
9ea10a6b-514e-46ea-b817-125b5976df48	9	38912300	42726239	222	0.1527
9ea10a6b-514e-46ea-b817-125b5976df48	9	42727685	63580418	110	0.0193
9ea10a6b-514e-46ea-b817-125b5976df48	9	63590317	63592813	7	1.2008
9ea10a6b-514e-46ea-b817-125b5976df48	9	63614182	87907679	14332	-0.0042
9ea10a6b-514e-46ea-b817-125b5976df48	9	87939236	87939304	2	-1.9368
9ea10a6b-514e-46ea-b817-125b5976df48	9	87943042	138200944	33688	0
9ea10a6b-514e-46ea-b817-125b5976df48	10	45792	30957581	24207	0.0033
9ea10a6b-514e-46ea-b817-125b5976df48	10	30962405	30962956	13	-0.7099
9ea10a6b-514e-46ea-b817-125b5976df48	10	30963480	46545913	7460	-0.0008
9ea10a6b-514e-46ea-b817-125b5976df48	10	46552712	46632302	22	0.4771
9ea10a6b-514e-46ea-b817-125b5976df48	10	46657149	47559596	300	0.0192
9ea10a6b-514e-46ea-b817-125b5976df48	10	47622159	47702312	6	0.7155
9ea10a6b-514e-46ea-b817-125b5976df48	10	47711321	48594823	348	0.0109
9ea10a6b-514e-46ea-b817-125b5976df48	10	48597323	48598124	3	-0.7242
9ea10a6b-514e-46ea-b817-125b5976df48	10	48599586	50070600	1033	-0.0003
9ea10a6b-514e-46ea-b817-125b5976df48	10	50081224	50178219	7	-0.605
9ea10a6b-514e-46ea-b817-125b5976df48	10	50210870	57443289	5435	0.0014
9ea10a6b-514e-46ea-b817-125b5976df48	10	57450745	57451013	4	-2.25
9ea10a6b-514e-46ea-b817-125b5976df48	10	57458735	131639180	50804	0.0021
9ea10a6b-514e-46ea-b817-125b5976df48	10	131640199	131641742	7	-0.9504
9ea10a6b-514e-46ea-b817-125b5976df48	10	131648231	133415637	821	0.0272
9ea10a6b-514e-46ea-b817-125b5976df48	10	133416215	133416364	2	-2.5998
9ea10a6b-514e-46ea-b817-125b5976df48	10	133419150	133561696	110	0.0414
9ea10a6b-514e-46ea-b817-125b5976df48	10	133562190	133573736	4	-0.7363
9ea10a6b-514e-46ea-b817-125b5976df48	10	133574363	133654968	34	0.1324
9ea10a6b-514e-46ea-b817-125b5976df48	11	198510	4217824	1736	-0.0035
9ea10a6b-514e-46ea-b817-125b5976df48	11	4228783	4337579	29	0.5724
9ea10a6b-514e-46ea-b817-125b5976df48	11	4337826	4946166	651	0.0066
9ea10a6b-514e-46ea-b817-125b5976df48	11	4946420	4955042	31	-1.5272
9ea10a6b-514e-46ea-b817-125b5976df48	11	4955781	5041712	77	0.0161
9ea10a6b-514e-46ea-b817-125b5976df48	11	5046128	5118586	65	-1.0501
9ea10a6b-514e-46ea-b817-125b5976df48	11	5121040	5766862	642	-0.019
9ea10a6b-514e-46ea-b817-125b5976df48	11	5768371	5788231	32	0.5553
9ea10a6b-514e-46ea-b817-125b5976df48	11	5791130	6094875	241	-0.0096
9ea10a6b-514e-46ea-b817-125b5976df48	11	6095613	6100864	5	-1.1587
9ea10a6b-514e-46ea-b817-125b5976df48	11	6101273	55608804	30955	-0.001
9ea10a6b-514e-46ea-b817-125b5976df48	11	55609022	55685533	51	-0.4603
9ea10a6b-514e-46ea-b817-125b5976df48	11	55686100	71684623	8318	0.0066
9ea10a6b-514e-46ea-b817-125b5976df48	11	71685209	71839046	44	-0.3011
9ea10a6b-514e-46ea-b817-125b5976df48	11	71840556	80256469	4893	-0.0042
9ea10a6b-514e-46ea-b817-125b5976df48	11	80256504	80256520	2	-2.6344
9ea10a6b-514e-46ea-b817-125b5976df48	11	80256642	81166709	725	0.0007
9ea10a6b-514e-46ea-b817-125b5976df48	11	81166747	81167925	18	-0.4192
9ea10a6b-514e-46ea-b817-125b5976df48	11	81167962	81792426	566	-0.0162
9ea10a6b-514e-46ea-b817-125b5976df48	11	81792950	81806116	10	-0.7877
9ea10a6b-514e-46ea-b817-125b5976df48	11	81811590	90479758	5535	0.0016
9ea10a6b-514e-46ea-b817-125b5976df48	11	90480145	90480304	2	-1.1077
9ea10a6b-514e-46ea-b817-125b5976df48	11	90480856	101093764	7948	0.0016
9ea10a6b-514e-46ea-b817-125b5976df48	11	101093815	101093868	5	-0.7297
9ea10a6b-514e-46ea-b817-125b5976df48	11	101093884	101723653	481	0.0101
9ea10a6b-514e-46ea-b817-125b5976df48	11	101727129	101727233	4	0.9155
9ea10a6b-514e-46ea-b817-125b5976df48	11	101727481	135074876	23719	0.006
9ea10a6b-514e-46ea-b817-125b5976df48	12	51460	8856464	5829	0.0098
9ea10a6b-514e-46ea-b817-125b5976df48	12	8858645	8861159	6	-1.061
9ea10a6b-514e-46ea-b817-125b5976df48	12	8863598	9481274	332	0.0231
9ea10a6b-514e-46ea-b817-125b5976df48	12	9485313	9575696	23	-1.5557
9ea10a6b-514e-46ea-b817-125b5976df48	12	9582373	11083616	1043	0.0075
9ea10a6b-514e-46ea-b817-125b5976df48	12	11084237	11088933	3	1.0674
9ea10a6b-514e-46ea-b817-125b5976df48	12	11099275	11359558	134	-0.0007
9ea10a6b-514e-46ea-b817-125b5976df48	12	11359597	11390472	28	-0.8122
9ea10a6b-514e-46ea-b817-125b5976df48	12	11399258	11786594	370	-0.0013
9ea10a6b-514e-46ea-b817-125b5976df48	12	11790353	11790662	6	-0.7646
9ea10a6b-514e-46ea-b817-125b5976df48	12	11790716	33141726	14998	-0.0005
9ea10a6b-514e-46ea-b817-125b5976df48	12	33148472	33154440	27	0.4523
9ea10a6b-514e-46ea-b817-125b5976df48	12	33155426	45506042	5582	-0.0034
9ea10a6b-514e-46ea-b817-125b5976df48	12	45510655	45515754	4	-1.9731
9ea10a6b-514e-46ea-b817-125b5976df48	12	45519509	99397874	33677	-0.0013
9ea10a6b-514e-46ea-b817-125b5976df48	12	99397993	99402549	14	-0.4829
9ea10a6b-514e-46ea-b817-125b5976df48	12	99402551	99403124	8	0.0246
9ea10a6b-514e-46ea-b817-125b5976df48	12	99403311	99404956	12	-0.6063
9ea10a6b-514e-46ea-b817-125b5976df48	12	99409315	127150001	18241	-0.0004
9ea10a6b-514e-46ea-b817-125b5976df48	12	127150302	127153401	11	-0.6908
9ea10a6b-514e-46ea-b817-125b5976df48	12	127155377	129516041	2094	0.018
9ea10a6b-514e-46ea-b817-125b5976df48	12	129518945	129519049	2	-2.5199
9ea10a6b-514e-46ea-b817-125b5976df48	12	129519225	130028387	447	0.0095
9ea10a6b-514e-46ea-b817-125b5976df48	12	130034810	130035119	2	-1.5433
9ea10a6b-514e-46ea-b817-125b5976df48	12	130035265	133201603	1906	0.0211
9ea10a6b-514e-46ea-b817-125b5976df48	13	18452809	18833025	87	0.0921
9ea10a6b-514e-46ea-b817-125b5976df48	13	18833965	18835707	4	-1.2679
9ea10a6b-514e-46ea-b817-125b5976df48	13	18842946	37496998	13386	-0.0027
9ea10a6b-514e-46ea-b817-125b5976df48	13	37497899	37510620	16	0.8073
9ea10a6b-514e-46ea-b817-125b5976df48	13	37514193	52284657	9820	-0.0034
9ea10a6b-514e-46ea-b817-125b5976df48	13	52288372	52314782	7	0.7568
9ea10a6b-514e-46ea-b817-125b5976df48	13	52315875	52485081	57	0.0333
9ea10a6b-514e-46ea-b817-125b5976df48	13	52497017	52543744	11	-0.7498
9ea10a6b-514e-46ea-b817-125b5976df48	13	52556338	57176962	2619	-0.0033
9ea10a6b-514e-46ea-b817-125b5976df48	13	57184136	57204246	34	-0.6268
9ea10a6b-514e-46ea-b817-125b5976df48	13	57215580	72379759	9372	0.0022
9ea10a6b-514e-46ea-b817-125b5976df48	13	72379792	72379916	2	-2.6316
9ea10a6b-514e-46ea-b817-125b5976df48	13	72380356	114342922	28674	0.0009
9ea10a6b-514e-46ea-b817-125b5976df48	14	18239283	19732222	66	-0.0429
9ea10a6b-514e-46ea-b817-125b5976df48	14	19732250	19952080	99	0.276
9ea10a6b-514e-46ea-b817-125b5976df48	14	19954424	21750823	1188	-0.0046
9ea10a6b-514e-46ea-b817-125b5976df48	14	21751141	22530591	693	-0.1802
9ea10a6b-514e-46ea-b817-125b5976df48	14	22530607	95008038	46394	-0.0002
9ea10a6b-514e-46ea-b817-125b5976df48	14	95008150	95008719	3	-1.4883
9ea10a6b-514e-46ea-b817-125b5976df48	14	95010782	106258891	6616	0.0056
9ea10a6b-514e-46ea-b817-125b5976df48	14	106260759	106266761	6	0.7969
9ea10a6b-514e-46ea-b817-125b5976df48	14	106266923	106321086	28	-0.0164
9ea10a6b-514e-46ea-b817-125b5976df48	14	106340102	106346115	6	-1.3784
9ea10a6b-514e-46ea-b817-125b5976df48	14	106346129	106877229	275	0.0585
9ea10a6b-514e-46ea-b817-125b5976df48	15	19811075	21975606	176	0.0527
9ea10a6b-514e-46ea-b817-125b5976df48	15	21997003	22385639	31	-0.7519
9ea10a6b-514e-46ea-b817-125b5976df48	15	22395047	24429740	994	0.032
9ea10a6b-514e-46ea-b817-125b5976df48	15	24429986	24469711	29	-0.6239
9ea10a6b-514e-46ea-b817-125b5976df48	15	24472373	30077828	3594	0.0132
9ea10a6b-514e-46ea-b817-125b5976df48	15	30094208	30628421	40	0.3347
9ea10a6b-514e-46ea-b817-125b5976df48	15	30633402	34386576	2560	0.0017
9ea10a6b-514e-46ea-b817-125b5976df48	15	34421922	34434988	6	-0.3591
9ea10a6b-514e-46ea-b817-125b5976df48	15	34435421	34508394	55	-0.765
9ea10a6b-514e-46ea-b817-125b5976df48	15	34517887	51396540	10236	0
9ea10a6b-514e-46ea-b817-125b5976df48	15	51396764	51396812	3	-0.8786
9ea10a6b-514e-46ea-b817-125b5976df48	15	51397575	56497449	3404	0.0035
9ea10a6b-514e-46ea-b817-125b5976df48	15	56498505	56508779	25	-1.9017
9ea10a6b-514e-46ea-b817-125b5976df48	15	56509425	74058912	11663	0.0045
9ea10a6b-514e-46ea-b817-125b5976df48	15	74060863	74063307	5	-0.8237
9ea10a6b-514e-46ea-b817-125b5976df48	15	74102654	76586021	1079	-0.0002
9ea10a6b-514e-46ea-b817-125b5976df48	15	76598900	76603434	22	0.8636
9ea10a6b-514e-46ea-b817-125b5976df48	15	76609838	101928837	17610	0.0057
9ea10a6b-514e-46ea-b817-125b5976df48	16	10777	20489224	13891	0.0038
9ea10a6b-514e-46ea-b817-125b5976df48	16	20501459	20522198	23	-0.8351
9ea10a6b-514e-46ea-b817-125b5976df48	16	20522319	55761136	13009	0.0053
9ea10a6b-514e-46ea-b817-125b5976df48	16	55762477	55782734	18	-0.7783
9ea10a6b-514e-46ea-b817-125b5976df48	16	55782793	55808442	5	-0.2548
9ea10a6b-514e-46ea-b817-125b5976df48	16	55808470	55834527	13	0.5203
9ea10a6b-514e-46ea-b817-125b5976df48	16	55836505	70090510	8732	0.0043
9ea10a6b-514e-46ea-b817-125b5976df48	16	70090862	70212022	22	0.3222
9ea10a6b-514e-46ea-b817-125b5976df48	16	70212430	75191124	2763	0.0085
9ea10a6b-514e-46ea-b817-125b5976df48	16	75194071	75194085	2	1.5401
9ea10a6b-514e-46ea-b817-125b5976df48	16	75195731	78337711	2734	-0.0017
9ea10a6b-514e-46ea-b817-125b5976df48	16	78338543	78350868	17	0.7817
9ea10a6b-514e-46ea-b817-125b5976df48	16	78351104	82702935	4791	0.0095
9ea10a6b-514e-46ea-b817-125b5976df48	16	82712745	82768287	48	-1.0414
9ea10a6b-514e-46ea-b817-125b5976df48	16	82773048	90096867	5773	0.0094
9ea10a6b-514e-46ea-b817-125b5976df48	17	150733	6197464	3356	0.0152
9ea10a6b-514e-46ea-b817-125b5976df48	17	6197476	6197491	2	-1.3357
9ea10a6b-514e-46ea-b817-125b5976df48	17	6197723	18414080	8028	0.0051
9ea10a6b-514e-46ea-b817-125b5976df48	17	18452078	18523147	18	0.5483
9ea10a6b-514e-46ea-b817-125b5976df48	17	18529764	41265456	9402	0.008
9ea10a6b-514e-46ea-b817-125b5976df48	17	41266762	41274198	23	-0.4463
9ea10a6b-514e-46ea-b817-125b5976df48	17	41274279	46085732	2501	0.0086
9ea10a6b-514e-46ea-b817-125b5976df48	17	46088437	46120791	26	-0.3256
9ea10a6b-514e-46ea-b817-125b5976df48	17	46124022	46136800	11	0.0077
9ea10a6b-514e-46ea-b817-125b5976df48	17	46137998	46276519	84	-0.5115
9ea10a6b-514e-46ea-b817-125b5976df48	17	46284643	46446360	7	0.9549
9ea10a6b-514e-46ea-b817-125b5976df48	17	46569894	79246981	19820	0.0053
9ea10a6b-514e-46ea-b817-125b5976df48	17	79249578	79250308	3	-2.1368
9ea10a6b-514e-46ea-b817-125b5976df48	17	79250962	83091923	1734	0.0058
9ea10a6b-514e-46ea-b817-125b5976df48	18	48133	69075180	42506	0.0034
9ea10a6b-514e-46ea-b817-125b5976df48	18	69075518	69086089	41	-0.7911
9ea10a6b-514e-46ea-b817-125b5976df48	18	69090459	80257174	8164	0.0012
9ea10a6b-514e-46ea-b817-125b5976df48	19	90910	2559843	613	0.0202
9ea10a6b-514e-46ea-b817-125b5976df48	19	2568277	2569047	2	-1.4797
9ea10a6b-514e-46ea-b817-125b5976df48	19	2569244	42758830	19784	0.0111
9ea10a6b-514e-46ea-b817-125b5976df48	19	42759354	42850300	38	0.5389
9ea10a6b-514e-46ea-b817-125b5976df48	19	42858500	58586487	8670	0.0085
9ea10a6b-514e-46ea-b817-125b5976df48	20	80664	1571811	1183	0.0028
9ea10a6b-514e-46ea-b817-125b5976df48	20	1576544	1580353	21	-0.7333
9ea10a6b-514e-46ea-b817-125b5976df48	20	1580934	1601122	34	-0.2756
9ea10a6b-514e-46ea-b817-125b5976df48	20	1601446	64324800	41124	0.0008
9ea10a6b-514e-46ea-b817-125b5976df48	21	10354168	13095458	103	0.143
9ea10a6b-514e-46ea-b817-125b5976df48	21	13099842	20446351	4775	-0.0042
9ea10a6b-514e-46ea-b817-125b5976df48	21	20447074	20447094	3	-1.2756
9ea10a6b-514e-46ea-b817-125b5976df48	21	20447152	22278814	1415	0.0008
9ea10a6b-514e-46ea-b817-125b5976df48	21	22283580	22292338	9	-1.0748
9ea10a6b-514e-46ea-b817-125b5976df48	21	22294679	46677045	17535	-0.0005
9ea10a6b-514e-46ea-b817-125b5976df48	22	15294547	17639833	745	0.0148
9ea10a6b-514e-46ea-b817-125b5976df48	22	17640393	17646194	3	-0.9119
9ea10a6b-514e-46ea-b817-125b5976df48	22	17648312	18190590	380	-0.0031
9ea10a6b-514e-46ea-b817-125b5976df48	22	18392404	18760941	6	0.628
9ea10a6b-514e-46ea-b817-125b5976df48	22	18783014	18947964	8	1.0911
9ea10a6b-514e-46ea-b817-125b5976df48	22	18950430	38894915	14047	0.0152
9ea10a6b-514e-46ea-b817-125b5976df48	22	38899250	38900899	3	-3.0117
9ea10a6b-514e-46ea-b817-125b5976df48	22	38903109	38967614	39	-0.0183
9ea10a6b-514e-46ea-b817-125b5976df48	22	38967679	38967995	5	-0.6572
9ea10a6b-514e-46ea-b817-125b5976df48	22	38969353	38969616	5	0.2067
9ea10a6b-514e-46ea-b817-125b5976df48	22	38973796	38979302	13	-0.5706
9ea10a6b-514e-46ea-b817-125b5976df48	22	38993700	39034450	21	0.0292
9ea10a6b-514e-46ea-b817-125b5976df48	22	39053323	39063986	5	0.5636
9ea10a6b-514e-46ea-b817-125b5976df48	22	39064805	40397256	669	0.0053
9ea10a6b-514e-46ea-b817-125b5976df48	22	40398586	40398816	2	-2.9191
9ea10a6b-514e-46ea-b817-125b5976df48	22	40401668	50796027	7314	0.0205
9ea10a6b-514e-46ea-b817-125b5976df48	X	251810	87193598	45003	-0.0009
9ea10a6b-514e-46ea-b817-125b5976df48	X	87193951	87198871	6	-1.0818
9ea10a6b-514e-46ea-b817-125b5976df48	X	87199041	121298048	18175	-0.0021
9ea10a6b-514e-46ea-b817-125b5976df48	X	121298309	121305977	6	1.1943
9ea10a6b-514e-46ea-b817-125b5976df48	X	121308505	155952689	20300	0.0092
9ea10a6b-514e-46ea-b817-125b5976df48	Y	2782397	6071948	718	-2.5292
9ea10a6b-514e-46ea-b817-125b5976df48	Y	6075631	13478396	2547	-2.9263
9ea10a6b-514e-46ea-b817-125b5976df48	Y	13478462	13482643	3	-7.6945
9ea10a6b-514e-46ea-b817-125b5976df48	Y	13483009	23586854	3180	-2.9508
9ea10a6b-514e-46ea-b817-125b5976df48	Y	23784615	56872112	192	-2.596
