GDC_Aliquot	Chromosome	Start	End	Num_Probes	Segment_Mean
d7e07842-2d44-48d4-bea1-6cb5c5e61402	1	62920	1301762	162	0.0427
d7e07842-2d44-48d4-bea1-6cb5c5e61402	1	1306835	1318197	11	0.753
d7e07842-2d44-48d4-bea1-6cb5c5e61402	1	1318220	1977223	154	0.1164
d7e07842-2d44-48d4-bea1-6cb5c5e61402	1	1979516	16863509	8371	-0.0014
d7e07842-2d44-48d4-bea1-6cb5c5e61402	1	16864367	16949746	55	-0.4035
d7e07842-2d44-48d4-bea1-6cb5c5e61402	1	16951445	58402688	24393	0.0122
d7e07842-2d44-48d4-bea1-6cb5c5e61402	1	58404053	79548668	14171	0.0491
d7e07842-2d44-48d4-bea1-6cb5c5e61402	1	79549784	80221781	463	0.0789
d7e07842-2d44-48d4-bea1-6cb5c5e61402	1	80221995	80275990	31	0.5237
d7e07842-2d44-48d4-bea1-6cb5c5e61402	1	80276213	88777053	5781	0.15
d7e07842-2d44-48d4-bea1-6cb5c5e61402	1	88778035	88806490	13	0.6928
d7e07842-2d44-48d4-bea1-6cb5c5e61402	1	88807279	89073952	185	0.148
d7e07842-2d44-48d4-bea1-6cb5c5e61402	1	89078319	89210902	77	0.4142
d7e07842-2d44-48d4-bea1-6cb5c5e61402	1	89215731	92508218	2065	0.1457
d7e07842-2d44-48d4-bea1-6cb5c5e61402	1	92509936	92543881	13	0.6093
d7e07842-2d44-48d4-bea1-6cb5c5e61402	1	92546352	103613180	6876	0.152
d7e07842-2d44-48d4-bea1-6cb5c5e61402	1	103614539	103697364	10	-0.8561
d7e07842-2d44-48d4-bea1-6cb5c5e61402	1	103717410	103764636	7	-0.2746
d7e07842-2d44-48d4-bea1-6cb5c5e61402	1	103765074	105459540	911	0.1539
d7e07842-2d44-48d4-bea1-6cb5c5e61402	1	105470132	105476583	3	-0.4859
d7e07842-2d44-48d4-bea1-6cb5c5e61402	1	105476614	105479753	16	-2.1507
d7e07842-2d44-48d4-bea1-6cb5c5e61402	1	105481433	109679105	2632	0.1375
d7e07842-2d44-48d4-bea1-6cb5c5e61402	1	109684695	109697556	15	-1.267
d7e07842-2d44-48d4-bea1-6cb5c5e61402	1	109702376	110009772	207	0.1509
d7e07842-2d44-48d4-bea1-6cb5c5e61402	1	110012338	110040519	13	0.6175
d7e07842-2d44-48d4-bea1-6cb5c5e61402	1	110042515	152580550	9353	0.1396
d7e07842-2d44-48d4-bea1-6cb5c5e61402	1	152582700	152613641	32	0.5585
d7e07842-2d44-48d4-bea1-6cb5c5e61402	1	152613762	152784298	168	0.1559
d7e07842-2d44-48d4-bea1-6cb5c5e61402	1	152784330	152794991	24	0.6022
d7e07842-2d44-48d4-bea1-6cb5c5e61402	1	152795006	152795783	11	0.3004
d7e07842-2d44-48d4-bea1-6cb5c5e61402	1	152795805	154999851	1274	0.1402
d7e07842-2d44-48d4-bea1-6cb5c5e61402	1	155011992	155050389	19	0.5956
d7e07842-2d44-48d4-bea1-6cb5c5e61402	1	155051833	168830350	9590	0.1426
d7e07842-2d44-48d4-bea1-6cb5c5e61402	1	168830661	168880813	59	0.6558
d7e07842-2d44-48d4-bea1-6cb5c5e61402	1	168880956	169247699	333	0.1608
d7e07842-2d44-48d4-bea1-6cb5c5e61402	1	169264736	169272528	7	1.1342
d7e07842-2d44-48d4-bea1-6cb5c5e61402	1	169273163	174171672	3210	0.1532
d7e07842-2d44-48d4-bea1-6cb5c5e61402	1	174180153	174331583	62	-0.5062
d7e07842-2d44-48d4-bea1-6cb5c5e61402	1	174334012	174832599	260	0.1661
d7e07842-2d44-48d4-bea1-6cb5c5e61402	1	174832702	174832734	3	-0.4916
d7e07842-2d44-48d4-bea1-6cb5c5e61402	1	174832782	175416453	383	0.1513
d7e07842-2d44-48d4-bea1-6cb5c5e61402	1	175418861	176612792	773	0.2875
d7e07842-2d44-48d4-bea1-6cb5c5e61402	1	176614917	176909543	179	0.4152
d7e07842-2d44-48d4-bea1-6cb5c5e61402	1	176909834	177077918	124	0.263
d7e07842-2d44-48d4-bea1-6cb5c5e61402	1	177077969	177176639	77	0.1443
d7e07842-2d44-48d4-bea1-6cb5c5e61402	1	177177772	182618910	3784	-0.028
d7e07842-2d44-48d4-bea1-6cb5c5e61402	1	182620196	196737547	9308	0.0065
d7e07842-2d44-48d4-bea1-6cb5c5e61402	1	196737736	196762480	11	-0.3415
d7e07842-2d44-48d4-bea1-6cb5c5e61402	1	196762956	196772237	13	-1.8158
d7e07842-2d44-48d4-bea1-6cb5c5e61402	1	196775006	196843377	43	-0.0672
d7e07842-2d44-48d4-bea1-6cb5c5e61402	1	196843400	196846661	2	1.3489
d7e07842-2d44-48d4-bea1-6cb5c5e61402	1	196847600	196977676	82	-0.0725
d7e07842-2d44-48d4-bea1-6cb5c5e61402	1	196977739	200222353	2063	0.0019
d7e07842-2d44-48d4-bea1-6cb5c5e61402	1	200223150	204261176	2642	-0.0455
d7e07842-2d44-48d4-bea1-6cb5c5e61402	1	204262036	204534306	221	0.177
d7e07842-2d44-48d4-bea1-6cb5c5e61402	1	204538902	216484506	8249	-0.0242
d7e07842-2d44-48d4-bea1-6cb5c5e61402	1	216493016	216560659	61	0.2051
d7e07842-2d44-48d4-bea1-6cb5c5e61402	1	216564519	232628298	10764	-0.0202
d7e07842-2d44-48d4-bea1-6cb5c5e61402	1	232632118	232662158	37	0.448
d7e07842-2d44-48d4-bea1-6cb5c5e61402	1	232672054	234854757	1794	0.0021
d7e07842-2d44-48d4-bea1-6cb5c5e61402	1	234859618	235117260	156	0.3395
d7e07842-2d44-48d4-bea1-6cb5c5e61402	1	235124437	235124487	2	-0.7037
d7e07842-2d44-48d4-bea1-6cb5c5e61402	1	235136069	235380233	103	0.3143
d7e07842-2d44-48d4-bea1-6cb5c5e61402	1	235387945	237151818	1281	-0.0466
d7e07842-2d44-48d4-bea1-6cb5c5e61402	1	237151821	239950213	2212	0.0002
d7e07842-2d44-48d4-bea1-6cb5c5e61402	1	239950768	240029059	91	-0.0456
d7e07842-2d44-48d4-bea1-6cb5c5e61402	1	240033707	240037278	4	-0.7853
d7e07842-2d44-48d4-bea1-6cb5c5e61402	1	240040840	241837099	1444	-0.0556
d7e07842-2d44-48d4-bea1-6cb5c5e61402	1	241840237	248930189	4591	0.0631
d7e07842-2d44-48d4-bea1-6cb5c5e61402	2	12784	13080044	10005	-0.2277
d7e07842-2d44-48d4-bea1-6cb5c5e61402	2	13085053	13121378	21	0.2953
d7e07842-2d44-48d4-bea1-6cb5c5e61402	2	13121947	14893280	1234	-0.1989
d7e07842-2d44-48d4-bea1-6cb5c5e61402	2	14898468	14898483	2	-1.639
d7e07842-2d44-48d4-bea1-6cb5c5e61402	2	14901762	23388178	6091	-0.2129
d7e07842-2d44-48d4-bea1-6cb5c5e61402	2	23389797	23436189	48	0.287
d7e07842-2d44-48d4-bea1-6cb5c5e61402	2	23442609	36108463	7869	-0.2145
d7e07842-2d44-48d4-bea1-6cb5c5e61402	2	36109476	36123960	14	-0.6958
d7e07842-2d44-48d4-bea1-6cb5c5e61402	2	36125523	52512042	11828	-0.2143
d7e07842-2d44-48d4-bea1-6cb5c5e61402	2	52512079	52554404	42	0.1887
d7e07842-2d44-48d4-bea1-6cb5c5e61402	2	52560811	84802030	20795	-0.2042
d7e07842-2d44-48d4-bea1-6cb5c5e61402	2	84802502	89988886	1980	-0.2641
d7e07842-2d44-48d4-bea1-6cb5c5e61402	2	89988898	97168345	1018	-0.2217
d7e07842-2d44-48d4-bea1-6cb5c5e61402	2	97168383	97211069	22	-0.6226
d7e07842-2d44-48d4-bea1-6cb5c5e61402	2	97211264	106258266	5588	-0.2124
d7e07842-2d44-48d4-bea1-6cb5c5e61402	2	106263639	106270799	13	0.3654
d7e07842-2d44-48d4-bea1-6cb5c5e61402	2	106270952	126957304	12260	-0.2206
d7e07842-2d44-48d4-bea1-6cb5c5e61402	2	126962280	126962492	2	-1.9051
d7e07842-2d44-48d4-bea1-6cb5c5e61402	2	126967119	137780124	6412	-0.2295
d7e07842-2d44-48d4-bea1-6cb5c5e61402	2	137783464	146104517	5121	-0.1836
d7e07842-2d44-48d4-bea1-6cb5c5e61402	2	146106836	146109366	24	-1.4378
d7e07842-2d44-48d4-bea1-6cb5c5e61402	2	146120238	175036613	17660	-0.1935
d7e07842-2d44-48d4-bea1-6cb5c5e61402	2	175037424	178068563	1956	-0.0048
d7e07842-2d44-48d4-bea1-6cb5c5e61402	2	178070586	181595654	2255	-0.1781
d7e07842-2d44-48d4-bea1-6cb5c5e61402	2	181595908	183694465	1238	0.0219
d7e07842-2d44-48d4-bea1-6cb5c5e61402	2	183699615	183709219	14	-0.362
d7e07842-2d44-48d4-bea1-6cb5c5e61402	2	183712465	183738008	38	-0.0093
d7e07842-2d44-48d4-bea1-6cb5c5e61402	2	183738168	183744945	9	-0.5278
d7e07842-2d44-48d4-bea1-6cb5c5e61402	2	183745083	186531718	1595	-0.0128
d7e07842-2d44-48d4-bea1-6cb5c5e61402	2	186533156	186619009	52	-0.96
d7e07842-2d44-48d4-bea1-6cb5c5e61402	2	186620856	189456702	1509	-0.1723
d7e07842-2d44-48d4-bea1-6cb5c5e61402	2	189458650	198097571	4902	0.0039
d7e07842-2d44-48d4-bea1-6cb5c5e61402	2	198097805	199860003	1087	-0.2025
d7e07842-2d44-48d4-bea1-6cb5c5e61402	2	199866894	200006462	83	0.2775
d7e07842-2d44-48d4-bea1-6cb5c5e61402	2	200008219	207490231	4542	-0.2051
d7e07842-2d44-48d4-bea1-6cb5c5e61402	2	207490454	207494795	18	-0.7694
d7e07842-2d44-48d4-bea1-6cb5c5e61402	2	207494836	212316597	3037	-0.1881
d7e07842-2d44-48d4-bea1-6cb5c5e61402	2	212321824	212327101	25	-1.446
d7e07842-2d44-48d4-bea1-6cb5c5e61402	2	212327402	216327861	2593	-0.1957
d7e07842-2d44-48d4-bea1-6cb5c5e61402	2	216330188	216335722	2	-1.7738
d7e07842-2d44-48d4-bea1-6cb5c5e61402	2	216337650	217431280	837	-0.2283
d7e07842-2d44-48d4-bea1-6cb5c5e61402	2	217431418	217431761	2	-1.9098
d7e07842-2d44-48d4-bea1-6cb5c5e61402	2	217432539	230807250	8588	-0.213
d7e07842-2d44-48d4-bea1-6cb5c5e61402	2	230807375	230807857	2	-3.7703
d7e07842-2d44-48d4-bea1-6cb5c5e61402	2	230808024	242147305	6976	-0.242
d7e07842-2d44-48d4-bea1-6cb5c5e61402	3	20930	4361592	3898	-0.2253
d7e07842-2d44-48d4-bea1-6cb5c5e61402	3	4362083	4383683	24	0.2298
d7e07842-2d44-48d4-bea1-6cb5c5e61402	3	4387115	7027269	2247	-0.2374
d7e07842-2d44-48d4-bea1-6cb5c5e61402	3	7034857	7058256	23	0.3185
d7e07842-2d44-48d4-bea1-6cb5c5e61402	3	7059328	50180061	28293	-0.2321
d7e07842-2d44-48d4-bea1-6cb5c5e61402	3	50186583	50256917	32	0.2896
d7e07842-2d44-48d4-bea1-6cb5c5e61402	3	50259274	53275437	1378	-0.2565
d7e07842-2d44-48d4-bea1-6cb5c5e61402	3	53275657	53435288	87	0.2204
d7e07842-2d44-48d4-bea1-6cb5c5e61402	3	53436836	54009326	400	-0.2401
d7e07842-2d44-48d4-bea1-6cb5c5e61402	3	54015157	54048192	20	0.1207
d7e07842-2d44-48d4-bea1-6cb5c5e61402	3	54049248	56567468	1975	-0.267
d7e07842-2d44-48d4-bea1-6cb5c5e61402	3	56575283	56579835	3	-1.8699
d7e07842-2d44-48d4-bea1-6cb5c5e61402	3	56595650	60264652	2561	-0.2472
d7e07842-2d44-48d4-bea1-6cb5c5e61402	3	60265359	60651749	419	-0.9888
d7e07842-2d44-48d4-bea1-6cb5c5e61402	3	60654401	68697108	6397	-0.2318
d7e07842-2d44-48d4-bea1-6cb5c5e61402	3	68697133	68698262	13	-1.3197
d7e07842-2d44-48d4-bea1-6cb5c5e61402	3	68699607	68821030	97	-0.1698
d7e07842-2d44-48d4-bea1-6cb5c5e61402	3	68821064	73875195	3836	-0.2481
d7e07842-2d44-48d4-bea1-6cb5c5e61402	3	73876604	83816644	5558	-0.2117
d7e07842-2d44-48d4-bea1-6cb5c5e61402	3	83826893	83853536	16	0.2456
d7e07842-2d44-48d4-bea1-6cb5c5e61402	3	83854244	84053071	99	-0.2533
d7e07842-2d44-48d4-bea1-6cb5c5e61402	3	84056282	84057015	2	-3.4962
d7e07842-2d44-48d4-bea1-6cb5c5e61402	3	84061816	84650642	303	-0.1802
d7e07842-2d44-48d4-bea1-6cb5c5e61402	3	84650720	84652985	11	-0.9856
d7e07842-2d44-48d4-bea1-6cb5c5e61402	3	84653010	86212375	922	-0.2197
d7e07842-2d44-48d4-bea1-6cb5c5e61402	3	86216052	86216665	2	-1.5857
d7e07842-2d44-48d4-bea1-6cb5c5e61402	3	86221012	86388965	82	-0.1733
d7e07842-2d44-48d4-bea1-6cb5c5e61402	3	86390445	86413334	20	0.3164
d7e07842-2d44-48d4-bea1-6cb5c5e61402	3	86419326	89767116	1908	-0.217
d7e07842-2d44-48d4-bea1-6cb5c5e61402	3	89768352	89888419	49	0.0614
d7e07842-2d44-48d4-bea1-6cb5c5e61402	3	89889461	91462299	151	-0.1983
d7e07842-2d44-48d4-bea1-6cb5c5e61402	3	93800634	107984626	8097	0.2506
d7e07842-2d44-48d4-bea1-6cb5c5e61402	3	107984647	107984929	8	-0.7392
d7e07842-2d44-48d4-bea1-6cb5c5e61402	3	107987762	117593342	6124	0.2678
d7e07842-2d44-48d4-bea1-6cb5c5e61402	3	117600849	117615704	17	0.653
d7e07842-2d44-48d4-bea1-6cb5c5e61402	3	117616473	120762931	1874	0.2556
d7e07842-2d44-48d4-bea1-6cb5c5e61402	3	120763035	128661409	4830	0.2315
d7e07842-2d44-48d4-bea1-6cb5c5e61402	3	128662406	128695318	17	0.8228
d7e07842-2d44-48d4-bea1-6cb5c5e61402	3	128702323	130044016	620	0.2152
d7e07842-2d44-48d4-bea1-6cb5c5e61402	3	130044855	130067097	6	-0.5996
d7e07842-2d44-48d4-bea1-6cb5c5e61402	3	130067366	130087393	32	-1.616
d7e07842-2d44-48d4-bea1-6cb5c5e61402	3	130088081	130124023	13	0.2179
d7e07842-2d44-48d4-bea1-6cb5c5e61402	3	130124329	130137903	8	-0.2803
d7e07842-2d44-48d4-bea1-6cb5c5e61402	3	130141782	131328560	701	0.2592
d7e07842-2d44-48d4-bea1-6cb5c5e61402	3	131338723	131375223	23	0.742
d7e07842-2d44-48d4-bea1-6cb5c5e61402	3	131379556	133306001	1377	0.2506
d7e07842-2d44-48d4-bea1-6cb5c5e61402	3	133306023	133306053	3	-0.6344
d7e07842-2d44-48d4-bea1-6cb5c5e61402	3	133306168	141418920	4938	0.2364
d7e07842-2d44-48d4-bea1-6cb5c5e61402	3	141419619	141537111	60	0.6366
d7e07842-2d44-48d4-bea1-6cb5c5e61402	3	141543748	161184823	12086	0.2701
d7e07842-2d44-48d4-bea1-6cb5c5e61402	3	161186431	161294612	48	0.5778
d7e07842-2d44-48d4-bea1-6cb5c5e61402	3	161297801	162794951	1004	0.2645
d7e07842-2d44-48d4-bea1-6cb5c5e61402	3	162795304	162898127	62	-1.4071
d7e07842-2d44-48d4-bea1-6cb5c5e61402	3	162906054	162908207	6	-0.4738
d7e07842-2d44-48d4-bea1-6cb5c5e61402	3	162908784	165323075	1316	0.2496
d7e07842-2d44-48d4-bea1-6cb5c5e61402	3	165323760	165337422	23	-0.7345
d7e07842-2d44-48d4-bea1-6cb5c5e61402	3	165337681	165344711	17	-0.3679
d7e07842-2d44-48d4-bea1-6cb5c5e61402	3	165344960	165364151	25	-0.8037
d7e07842-2d44-48d4-bea1-6cb5c5e61402	3	165367641	166345542	609	0.2467
d7e07842-2d44-48d4-bea1-6cb5c5e61402	3	166345996	166347032	3	-1.0392
d7e07842-2d44-48d4-bea1-6cb5c5e61402	3	166350305	170584102	2446	0.2907
d7e07842-2d44-48d4-bea1-6cb5c5e61402	3	170587420	172920290	1539	-0.1748
d7e07842-2d44-48d4-bea1-6cb5c5e61402	3	172928380	172995100	48	-0.9719
d7e07842-2d44-48d4-bea1-6cb5c5e61402	3	172995401	173400637	224	-0.1636
d7e07842-2d44-48d4-bea1-6cb5c5e61402	3	173401978	173543641	114	-0.9718
d7e07842-2d44-48d4-bea1-6cb5c5e61402	3	173545507	173825619	201	-0.1976
d7e07842-2d44-48d4-bea1-6cb5c5e61402	3	173825661	173829842	2	-1.7172
d7e07842-2d44-48d4-bea1-6cb5c5e61402	3	173832823	193156958	12585	-0.204
d7e07842-2d44-48d4-bea1-6cb5c5e61402	3	193160113	193165114	20	-1.3666
d7e07842-2d44-48d4-bea1-6cb5c5e61402	3	193168646	195559056	1482	-0.2281
d7e07842-2d44-48d4-bea1-6cb5c5e61402	3	195656271	195720051	25	0.5277
d7e07842-2d44-48d4-bea1-6cb5c5e61402	3	195728637	195925915	91	-0.085
d7e07842-2d44-48d4-bea1-6cb5c5e61402	3	195926009	196012591	21	0.2224
d7e07842-2d44-48d4-bea1-6cb5c5e61402	3	196017100	196926134	437	-0.1902
d7e07842-2d44-48d4-bea1-6cb5c5e61402	3	196928191	196929709	2	-1.9715
d7e07842-2d44-48d4-bea1-6cb5c5e61402	3	196929901	198169247	632	-0.2138
d7e07842-2d44-48d4-bea1-6cb5c5e61402	4	68929	1423144	530	0.5789
d7e07842-2d44-48d4-bea1-6cb5c5e61402	4	1505243	2395357	344	0.5374
d7e07842-2d44-48d4-bea1-6cb5c5e61402	4	2403470	2519134	66	0.1933
d7e07842-2d44-48d4-bea1-6cb5c5e61402	4	2617604	7011276	2942	0.5251
d7e07842-2d44-48d4-bea1-6cb5c5e61402	4	7013286	7057214	46	0.7841
d7e07842-2d44-48d4-bea1-6cb5c5e61402	4	7057969	9455251	1232	0.5211
d7e07842-2d44-48d4-bea1-6cb5c5e61402	4	9459504	9463248	3	1.9555
d7e07842-2d44-48d4-bea1-6cb5c5e61402	4	9469529	11180417	1416	0.5326
d7e07842-2d44-48d4-bea1-6cb5c5e61402	4	11180545	32950833	15098	0.5781
d7e07842-2d44-48d4-bea1-6cb5c5e61402	4	32951378	34777432	1035	0.2341
d7e07842-2d44-48d4-bea1-6cb5c5e61402	4	34784878	34823103	38	-1.9465
d7e07842-2d44-48d4-bea1-6cb5c5e61402	4	34828250	34842115	18	0.1065
d7e07842-2d44-48d4-bea1-6cb5c5e61402	4	34843994	39415971	3169	0.2539
d7e07842-2d44-48d4-bea1-6cb5c5e61402	4	39423161	40686719	682	0.1951
d7e07842-2d44-48d4-bea1-6cb5c5e61402	4	40687746	40784816	54	0.3953
d7e07842-2d44-48d4-bea1-6cb5c5e61402	4	40785736	43143057	1598	0.2099
d7e07842-2d44-48d4-bea1-6cb5c5e61402	4	43143380	43145017	6	-0.4242
d7e07842-2d44-48d4-bea1-6cb5c5e61402	4	43145497	43265040	85	0.1806
d7e07842-2d44-48d4-bea1-6cb5c5e61402	4	43267292	43268810	2	-2.0362
d7e07842-2d44-48d4-bea1-6cb5c5e61402	4	43271201	43361574	64	0.2174
d7e07842-2d44-48d4-bea1-6cb5c5e61402	4	43361856	43365738	3	-1.6889
d7e07842-2d44-48d4-bea1-6cb5c5e61402	4	43365915	43411711	24	0.1902
d7e07842-2d44-48d4-bea1-6cb5c5e61402	4	43415083	43423145	7	-0.6411
d7e07842-2d44-48d4-bea1-6cb5c5e61402	4	43426409	45849267	1384	0.2378
d7e07842-2d44-48d4-bea1-6cb5c5e61402	4	45849582	63828222	9451	-0.2253
d7e07842-2d44-48d4-bea1-6cb5c5e61402	4	63831751	63838575	7	-1.7977
d7e07842-2d44-48d4-bea1-6cb5c5e61402	4	63839438	63840033	13	-0.5861
d7e07842-2d44-48d4-bea1-6cb5c5e61402	4	63841863	63842540	8	-2.277
d7e07842-2d44-48d4-bea1-6cb5c5e61402	4	63850713	68352434	2847	-0.2214
d7e07842-2d44-48d4-bea1-6cb5c5e61402	4	68354665	68422424	13	0.7082
d7e07842-2d44-48d4-bea1-6cb5c5e61402	4	68429081	68509237	14	-0.419
d7e07842-2d44-48d4-bea1-6cb5c5e61402	4	68509442	68530748	10	-1.0995
d7e07842-2d44-48d4-bea1-6cb5c5e61402	4	68544506	68569706	17	-0.1099
d7e07842-2d44-48d4-bea1-6cb5c5e61402	4	68569894	68620261	35	-0.6677
d7e07842-2d44-48d4-bea1-6cb5c5e61402	4	68623617	93917971	15429	-0.2085
d7e07842-2d44-48d4-bea1-6cb5c5e61402	4	93918058	93918866	3	-1.5222
d7e07842-2d44-48d4-bea1-6cb5c5e61402	4	93919052	98621324	2789	-0.2125
d7e07842-2d44-48d4-bea1-6cb5c5e61402	4	98623455	98715801	63	0.0604
d7e07842-2d44-48d4-bea1-6cb5c5e61402	4	98716322	106374669	4516	-0.2042
d7e07842-2d44-48d4-bea1-6cb5c5e61402	4	106378311	106402731	23	0.2611
d7e07842-2d44-48d4-bea1-6cb5c5e61402	4	106411477	110394715	2408	-0.2225
d7e07842-2d44-48d4-bea1-6cb5c5e61402	4	110394942	110394976	2	-1.8928
d7e07842-2d44-48d4-bea1-6cb5c5e61402	4	110397640	114252544	2441	-0.2041
d7e07842-2d44-48d4-bea1-6cb5c5e61402	4	114254167	114261019	23	0.3196
d7e07842-2d44-48d4-bea1-6cb5c5e61402	4	114263073	129141596	8716	-0.2039
d7e07842-2d44-48d4-bea1-6cb5c5e61402	4	129146391	129147005	2	-1.8658
d7e07842-2d44-48d4-bea1-6cb5c5e61402	4	129151408	129276641	79	-0.1978
d7e07842-2d44-48d4-bea1-6cb5c5e61402	4	129277310	129278573	3	-1.4058
d7e07842-2d44-48d4-bea1-6cb5c5e61402	4	129283508	154881396	15219	-0.2115
d7e07842-2d44-48d4-bea1-6cb5c5e61402	4	154881853	154881926	3	1.1269
d7e07842-2d44-48d4-bea1-6cb5c5e61402	4	154882047	156380587	1073	-0.2075
d7e07842-2d44-48d4-bea1-6cb5c5e61402	4	156384225	156384562	9	-0.6015
d7e07842-2d44-48d4-bea1-6cb5c5e61402	4	156384637	156386889	4	-1.5589
d7e07842-2d44-48d4-bea1-6cb5c5e61402	4	156388375	165500815	5803	-0.2034
d7e07842-2d44-48d4-bea1-6cb5c5e61402	4	165504551	165520282	15	0.285
d7e07842-2d44-48d4-bea1-6cb5c5e61402	4	165522158	167900419	1402	-0.19
d7e07842-2d44-48d4-bea1-6cb5c5e61402	4	167900574	167921348	43	0.1961
d7e07842-2d44-48d4-bea1-6cb5c5e61402	4	167922955	171453733	2248	-0.1956
d7e07842-2d44-48d4-bea1-6cb5c5e61402	4	171453798	171456559	9	1.4169
d7e07842-2d44-48d4-bea1-6cb5c5e61402	4	171456573	172066777	398	-0.2032
d7e07842-2d44-48d4-bea1-6cb5c5e61402	4	172067997	172068382	12	0.8326
d7e07842-2d44-48d4-bea1-6cb5c5e61402	4	172074828	182870145	7274	-0.2153
d7e07842-2d44-48d4-bea1-6cb5c5e61402	4	182871732	182912789	49	0.2894
d7e07842-2d44-48d4-bea1-6cb5c5e61402	4	182915198	190106768	4744	-0.2274
d7e07842-2d44-48d4-bea1-6cb5c5e61402	5	15532	733497	322	0.0385
d7e07842-2d44-48d4-bea1-6cb5c5e61402	5	741924	833513	31	0.6202
d7e07842-2d44-48d4-bea1-6cb5c5e61402	5	852451	2275332	866	0.0306
d7e07842-2d44-48d4-bea1-6cb5c5e61402	5	2275463	5374012	2896	-0.0138
d7e07842-2d44-48d4-bea1-6cb5c5e61402	5	5374802	12781127	6053	0.0208
d7e07842-2d44-48d4-bea1-6cb5c5e61402	5	12781310	12826538	25	-0.3256
d7e07842-2d44-48d4-bea1-6cb5c5e61402	5	12833745	20448937	4937	0.0303
d7e07842-2d44-48d4-bea1-6cb5c5e61402	5	20448967	20449859	4	-0.847
d7e07842-2d44-48d4-bea1-6cb5c5e61402	5	20450643	31386362	6561	0.0305
d7e07842-2d44-48d4-bea1-6cb5c5e61402	5	31391617	31391848	3	-1.1081
d7e07842-2d44-48d4-bea1-6cb5c5e61402	5	31392195	46271006	8962	0.0241
d7e07842-2d44-48d4-bea1-6cb5c5e61402	5	46271828	46273400	6	-2.0803
d7e07842-2d44-48d4-bea1-6cb5c5e61402	5	46278110	58033703	5076	0.0338
d7e07842-2d44-48d4-bea1-6cb5c5e61402	5	58033756	58037688	26	-0.3396
d7e07842-2d44-48d4-bea1-6cb5c5e61402	5	58037706	59138257	858	0.0332
d7e07842-2d44-48d4-bea1-6cb5c5e61402	5	59140134	59352556	184	-0.2111
d7e07842-2d44-48d4-bea1-6cb5c5e61402	5	59354149	59704190	286	0.0515
d7e07842-2d44-48d4-bea1-6cb5c5e61402	5	59710257	59738627	13	-0.5034
d7e07842-2d44-48d4-bea1-6cb5c5e61402	5	59740752	97051263	21166	0.0354
d7e07842-2d44-48d4-bea1-6cb5c5e61402	5	97051329	97104093	34	0.404
d7e07842-2d44-48d4-bea1-6cb5c5e61402	5	97104491	113114727	10030	0.0437
d7e07842-2d44-48d4-bea1-6cb5c5e61402	5	113117313	113238748	126	0.2622
d7e07842-2d44-48d4-bea1-6cb5c5e61402	5	113243650	127836624	9880	0.0465
d7e07842-2d44-48d4-bea1-6cb5c5e61402	5	127841902	127969759	102	0.4051
d7e07842-2d44-48d4-bea1-6cb5c5e61402	5	127976706	130134786	1264	0.0387
d7e07842-2d44-48d4-bea1-6cb5c5e61402	5	130134806	130135147	2	-1.1595
d7e07842-2d44-48d4-bea1-6cb5c5e61402	5	130135424	142730184	7241	0.0206
d7e07842-2d44-48d4-bea1-6cb5c5e61402	5	142733615	145817383	2029	0.0489
d7e07842-2d44-48d4-bea1-6cb5c5e61402	5	145818002	145871907	49	0.2878
d7e07842-2d44-48d4-bea1-6cb5c5e61402	5	145872286	148929404	2106	0.0478
d7e07842-2d44-48d4-bea1-6cb5c5e61402	5	148929500	156068249	4910	0.0162
d7e07842-2d44-48d4-bea1-6cb5c5e61402	5	156073982	156075169	2	-1.2095
d7e07842-2d44-48d4-bea1-6cb5c5e61402	5	156077395	169902270	9581	0.0206
d7e07842-2d44-48d4-bea1-6cb5c5e61402	5	169905152	169949415	58	0.2721
d7e07842-2d44-48d4-bea1-6cb5c5e61402	5	169949441	175978747	4420	0.0111
d7e07842-2d44-48d4-bea1-6cb5c5e61402	5	175989121	175999690	3	1.2514
d7e07842-2d44-48d4-bea1-6cb5c5e61402	5	176004572	178177678	830	0.0223
d7e07842-2d44-48d4-bea1-6cb5c5e61402	5	178180810	178181449	6	-1.0162
d7e07842-2d44-48d4-bea1-6cb5c5e61402	5	178182539	179399058	799	-0.025
d7e07842-2d44-48d4-bea1-6cb5c5e61402	5	179400754	179509604	59	0.4006
d7e07842-2d44-48d4-bea1-6cb5c5e61402	5	179509670	181363319	1023	-0.0124
d7e07842-2d44-48d4-bea1-6cb5c5e61402	6	149661	157474	10	-0.1089
d7e07842-2d44-48d4-bea1-6cb5c5e61402	6	163382	303017	116	0.1808
d7e07842-2d44-48d4-bea1-6cb5c5e61402	6	303121	895584	515	0.289
d7e07842-2d44-48d4-bea1-6cb5c5e61402	6	896615	29882497	21030	0.2094
d7e07842-2d44-48d4-bea1-6cb5c5e61402	6	29882589	29933799	18	-0.4758
d7e07842-2d44-48d4-bea1-6cb5c5e61402	6	29940692	29950676	13	0.2877
d7e07842-2d44-48d4-bea1-6cb5c5e61402	6	29950761	29953350	4	-0.5213
d7e07842-2d44-48d4-bea1-6cb5c5e61402	6	29953446	30446234	242	0.2641
d7e07842-2d44-48d4-bea1-6cb5c5e61402	6	30446458	30515216	23	0.5448
d7e07842-2d44-48d4-bea1-6cb5c5e61402	6	30544386	31278594	321	0.2481
d7e07842-2d44-48d4-bea1-6cb5c5e61402	6	31279344	31313046	39	0.5064
d7e07842-2d44-48d4-bea1-6cb5c5e61402	6	31318499	31328674	11	2.1153
d7e07842-2d44-48d4-bea1-6cb5c5e61402	6	31342147	31370073	23	0.1764
d7e07842-2d44-48d4-bea1-6cb5c5e61402	6	31370095	31372656	6	-6.5041
d7e07842-2d44-48d4-bea1-6cb5c5e61402	6	31373030	32641650	528	0.2396
d7e07842-2d44-48d4-bea1-6cb5c5e61402	6	32656527	32658841	6	-1.2602
d7e07842-2d44-48d4-bea1-6cb5c5e61402	6	32682835	33186879	342	0.3267
d7e07842-2d44-48d4-bea1-6cb5c5e61402	6	33194438	44996687	7476	0.2109
d7e07842-2d44-48d4-bea1-6cb5c5e61402	6	44999586	44999791	3	-0.9144
d7e07842-2d44-48d4-bea1-6cb5c5e61402	6	45002454	45069040	40	0.1514
d7e07842-2d44-48d4-bea1-6cb5c5e61402	6	45070313	54066286	5837	0.2507
d7e07842-2d44-48d4-bea1-6cb5c5e61402	6	54066353	54067057	7	-0.9775
d7e07842-2d44-48d4-bea1-6cb5c5e61402	6	54070550	57901686	2013	0.2636
d7e07842-2d44-48d4-bea1-6cb5c5e61402	6	57902929	60455439	222	-0.2177
d7e07842-2d44-48d4-bea1-6cb5c5e61402	6	60467835	61890924	571	0.1644
d7e07842-2d44-48d4-bea1-6cb5c5e61402	6	61897502	64627049	1416	-0.2114
d7e07842-2d44-48d4-bea1-6cb5c5e61402	6	64637651	64640883	3	-2.2931
d7e07842-2d44-48d4-bea1-6cb5c5e61402	6	64640920	66378259	1198	-0.2488
d7e07842-2d44-48d4-bea1-6cb5c5e61402	6	66392825	66403730	11	0.2854
d7e07842-2d44-48d4-bea1-6cb5c5e61402	6	66406658	66893499	383	-0.2548
d7e07842-2d44-48d4-bea1-6cb5c5e61402	6	66900098	66902692	5	-1.9287
d7e07842-2d44-48d4-bea1-6cb5c5e61402	6	66910669	78253172	7330	-0.2209
d7e07842-2d44-48d4-bea1-6cb5c5e61402	6	78259348	78325468	111	0.2726
d7e07842-2d44-48d4-bea1-6cb5c5e61402	6	78329517	80574999	1433	-0.2159
d7e07842-2d44-48d4-bea1-6cb5c5e61402	6	80575042	80579817	28	-1.5812
d7e07842-2d44-48d4-bea1-6cb5c5e61402	6	80584624	84487694	2446	-0.2124
d7e07842-2d44-48d4-bea1-6cb5c5e61402	6	84488025	84588123	68	0.2443
d7e07842-2d44-48d4-bea1-6cb5c5e61402	6	84592158	100253033	9705	-0.2265
d7e07842-2d44-48d4-bea1-6cb5c5e61402	6	100254301	103282678	1775	-0.1496
d7e07842-2d44-48d4-bea1-6cb5c5e61402	6	103286299	103314186	52	0.347
d7e07842-2d44-48d4-bea1-6cb5c5e61402	6	103317795	114996934	7290	-0.1561
d7e07842-2d44-48d4-bea1-6cb5c5e61402	6	114997858	115004524	3	-1.4108
d7e07842-2d44-48d4-bea1-6cb5c5e61402	6	115004900	121360784	3704	-0.1427
d7e07842-2d44-48d4-bea1-6cb5c5e61402	6	121360856	121601014	128	-0.2057
d7e07842-2d44-48d4-bea1-6cb5c5e61402	6	121602971	121639714	18	-0.0491
d7e07842-2d44-48d4-bea1-6cb5c5e61402	6	121641765	132199446	6666	0.0995
d7e07842-2d44-48d4-bea1-6cb5c5e61402	6	132200372	143513413	7383	-0.0273
d7e07842-2d44-48d4-bea1-6cb5c5e61402	6	143513503	170593844	18941	-0.0718
d7e07842-2d44-48d4-bea1-6cb5c5e61402	6	170594825	170741917	11	-0.223
d7e07842-2d44-48d4-bea1-6cb5c5e61402	7	43355	130375	85	0.2624
d7e07842-2d44-48d4-bea1-6cb5c5e61402	7	132481	158626	15	-0.4649
d7e07842-2d44-48d4-bea1-6cb5c5e61402	7	161442	5934512	2968	0.1708
d7e07842-2d44-48d4-bea1-6cb5c5e61402	7	5943141	5964274	4	-0.7442
d7e07842-2d44-48d4-bea1-6cb5c5e61402	7	5986976	6858609	364	0.1644
d7e07842-2d44-48d4-bea1-6cb5c5e61402	7	6860976	6890031	10	-0.4542
d7e07842-2d44-48d4-bea1-6cb5c5e61402	7	6893145	7017623	43	0.0637
d7e07842-2d44-48d4-bea1-6cb5c5e61402	7	7018199	13547787	5355	0.2224
d7e07842-2d44-48d4-bea1-6cb5c5e61402	7	13550519	13558316	10	-0.6717
d7e07842-2d44-48d4-bea1-6cb5c5e61402	7	13559474	18992694	4404	0.2392
d7e07842-2d44-48d4-bea1-6cb5c5e61402	7	18992749	19205793	352	0.1232
d7e07842-2d44-48d4-bea1-6cb5c5e61402	7	19205826	29554754	7765	0.2199
d7e07842-2d44-48d4-bea1-6cb5c5e61402	7	29558950	29631102	53	0.5347
d7e07842-2d44-48d4-bea1-6cb5c5e61402	7	29634124	32365509	1944	0.2174
d7e07842-2d44-48d4-bea1-6cb5c5e61402	7	32371043	32442573	62	0.5034
d7e07842-2d44-48d4-bea1-6cb5c5e61402	7	32445998	36385342	2499	0.2092
d7e07842-2d44-48d4-bea1-6cb5c5e61402	7	36385511	36436163	33	0.5068
d7e07842-2d44-48d4-bea1-6cb5c5e61402	7	36439933	53145660	11644	0.2022
d7e07842-2d44-48d4-bea1-6cb5c5e61402	7	53146318	53155021	13	-0.8423
d7e07842-2d44-48d4-bea1-6cb5c5e61402	7	53156532	54305455	842	0.2022
d7e07842-2d44-48d4-bea1-6cb5c5e61402	7	54318812	54318824	6	-2.1132
d7e07842-2d44-48d4-bea1-6cb5c5e61402	7	54325795	56675925	1546	0.1994
d7e07842-2d44-48d4-bea1-6cb5c5e61402	7	56678728	62526866	524	0.0925
d7e07842-2d44-48d4-bea1-6cb5c5e61402	7	62526879	67164253	1661	0.1731
d7e07842-2d44-48d4-bea1-6cb5c5e61402	7	67164342	67180245	8	-1.4901
d7e07842-2d44-48d4-bea1-6cb5c5e61402	7	67182652	67204078	7	-0.5244
d7e07842-2d44-48d4-bea1-6cb5c5e61402	7	67207129	67233947	8	-0.3482
d7e07842-2d44-48d4-bea1-6cb5c5e61402	7	67234797	68771151	1041	0.1261
d7e07842-2d44-48d4-bea1-6cb5c5e61402	7	68772944	69021647	181	0.4128
d7e07842-2d44-48d4-bea1-6cb5c5e61402	7	69022202	70285255	695	0.1351
d7e07842-2d44-48d4-bea1-6cb5c5e61402	7	70287155	70885096	416	0.5128
d7e07842-2d44-48d4-bea1-6cb5c5e61402	7	70892038	76751587	2247	0.151
d7e07842-2d44-48d4-bea1-6cb5c5e61402	7	76754143	76789195	14	-0.2571
d7e07842-2d44-48d4-bea1-6cb5c5e61402	7	76792150	97756658	13463	0.2184
d7e07842-2d44-48d4-bea1-6cb5c5e61402	7	97766148	97766159	6	1.0182
d7e07842-2d44-48d4-bea1-6cb5c5e61402	7	97766194	97840264	69	0.2817
d7e07842-2d44-48d4-bea1-6cb5c5e61402	7	97841178	103430746	2313	0.1698
d7e07842-2d44-48d4-bea1-6cb5c5e61402	7	103431759	109680058	4154	0.2204
d7e07842-2d44-48d4-bea1-6cb5c5e61402	7	109680171	109793741	74	0.1621
d7e07842-2d44-48d4-bea1-6cb5c5e61402	7	109797035	109797717	16	-0.4204
d7e07842-2d44-48d4-bea1-6cb5c5e61402	7	109800860	109801155	8	0.112
d7e07842-2d44-48d4-bea1-6cb5c5e61402	7	109801187	109813853	11	-1.9911
d7e07842-2d44-48d4-bea1-6cb5c5e61402	7	109813925	118491626	5329	0.2158
d7e07842-2d44-48d4-bea1-6cb5c5e61402	7	118495687	118521318	16	-0.646
d7e07842-2d44-48d4-bea1-6cb5c5e61402	7	118524676	126622941	4838	0.2215
d7e07842-2d44-48d4-bea1-6cb5c5e61402	7	126629157	126638307	5	1.004
d7e07842-2d44-48d4-bea1-6cb5c5e61402	7	126638754	128425141	1210	0.2101
d7e07842-2d44-48d4-bea1-6cb5c5e61402	7	128428394	128518689	35	0.7519
d7e07842-2d44-48d4-bea1-6cb5c5e61402	7	128522840	128534838	4	-0.8859
d7e07842-2d44-48d4-bea1-6cb5c5e61402	7	128535534	128729717	72	0.1587
d7e07842-2d44-48d4-bea1-6cb5c5e61402	7	128730310	128732986	2	1.1792
d7e07842-2d44-48d4-bea1-6cb5c5e61402	7	128733423	134100424	3224	0.1863
d7e07842-2d44-48d4-bea1-6cb5c5e61402	7	134100442	134113790	31	-0.2752
d7e07842-2d44-48d4-bea1-6cb5c5e61402	7	134113805	142069891	5199	0.199
d7e07842-2d44-48d4-bea1-6cb5c5e61402	7	142070260	142092307	31	-0.1565
d7e07842-2d44-48d4-bea1-6cb5c5e61402	7	142099190	143529806	898	0.2266
d7e07842-2d44-48d4-bea1-6cb5c5e61402	7	143530003	143603307	4	1.0125
d7e07842-2d44-48d4-bea1-6cb5c5e61402	7	143728285	147745753	2523	0.2144
d7e07842-2d44-48d4-bea1-6cb5c5e61402	7	147747915	147747991	3	-1.0172
d7e07842-2d44-48d4-bea1-6cb5c5e61402	7	147748316	153450553	3336	0.1896
d7e07842-2d44-48d4-bea1-6cb5c5e61402	7	153450560	153450627	2	-2.4542
d7e07842-2d44-48d4-bea1-6cb5c5e61402	7	153450630	159334314	4092	0.1935
d7e07842-2d44-48d4-bea1-6cb5c5e61402	8	81254	644973	324	0.242
d7e07842-2d44-48d4-bea1-6cb5c5e61402	8	645220	645875	6	0.9684
d7e07842-2d44-48d4-bea1-6cb5c5e61402	8	645892	645908	2	4.5084
d7e07842-2d44-48d4-bea1-6cb5c5e61402	8	656117	7336299	7397	0.2281
d7e07842-2d44-48d4-bea1-6cb5c5e61402	8	7357089	7380497	19	-1.1103
d7e07842-2d44-48d4-bea1-6cb5c5e61402	8	7396819	7890177	26	0.0316
d7e07842-2d44-48d4-bea1-6cb5c5e61402	8	7919608	8214781	22	0.7326
d7e07842-2d44-48d4-bea1-6cb5c5e61402	8	8234503	13754665	4338	0.2362
d7e07842-2d44-48d4-bea1-6cb5c5e61402	8	13757208	13794213	46	-0.7524
d7e07842-2d44-48d4-bea1-6cb5c5e61402	8	13795675	19790353	5478	0.2344
d7e07842-2d44-48d4-bea1-6cb5c5e61402	8	19793650	21978873	1809	0.2025
d7e07842-2d44-48d4-bea1-6cb5c5e61402	8	21982157	21999592	17	0.6149
d7e07842-2d44-48d4-bea1-6cb5c5e61402	8	21999756	25114672	1984	0.2267
d7e07842-2d44-48d4-bea1-6cb5c5e61402	8	25116928	25126818	27	-0.3674
d7e07842-2d44-48d4-bea1-6cb5c5e61402	8	25133589	27531650	1854	0.2194
d7e07842-2d44-48d4-bea1-6cb5c5e61402	8	27532025	27806175	208	0.3943
d7e07842-2d44-48d4-bea1-6cb5c5e61402	8	27806278	50118017	11588	0.2079
d7e07842-2d44-48d4-bea1-6cb5c5e61402	8	50118186	57478724	4822	0.2306
d7e07842-2d44-48d4-bea1-6cb5c5e61402	8	57479052	63079418	3792	0.2607
d7e07842-2d44-48d4-bea1-6cb5c5e61402	8	63083382	71300130	4703	0.2238
d7e07842-2d44-48d4-bea1-6cb5c5e61402	8	71303076	71304364	8	-0.3296
d7e07842-2d44-48d4-bea1-6cb5c5e61402	8	71307628	74396083	2182	0.2409
d7e07842-2d44-48d4-bea1-6cb5c5e61402	8	74406948	74416300	6	-0.7413
d7e07842-2d44-48d4-bea1-6cb5c5e61402	8	74419850	94545324	11638	0.2437
d7e07842-2d44-48d4-bea1-6cb5c5e61402	8	94545374	94545764	6	1.2473
d7e07842-2d44-48d4-bea1-6cb5c5e61402	8	94545887	114619814	12091	0.2439
d7e07842-2d44-48d4-bea1-6cb5c5e61402	8	114622258	114629502	35	-0.4403
d7e07842-2d44-48d4-bea1-6cb5c5e61402	8	114638468	114842166	133	0.2723
d7e07842-2d44-48d4-bea1-6cb5c5e61402	8	114843033	114868212	16	-0.1389
d7e07842-2d44-48d4-bea1-6cb5c5e61402	8	114868722	126716220	8107	0.2377
d7e07842-2d44-48d4-bea1-6cb5c5e61402	8	126716693	127152743	331	0.273
d7e07842-2d44-48d4-bea1-6cb5c5e61402	8	127156415	127305340	113	0.3943
d7e07842-2d44-48d4-bea1-6cb5c5e61402	8	127306145	127588957	205	0.2877
d7e07842-2d44-48d4-bea1-6cb5c5e61402	8	127589127	143217232	11508	0.2225
d7e07842-2d44-48d4-bea1-6cb5c5e61402	8	143217284	143228447	14	-0.2412
d7e07842-2d44-48d4-bea1-6cb5c5e61402	8	143232207	145072769	631	0.2235
d7e07842-2d44-48d4-bea1-6cb5c5e61402	9	46587	660566	631	0.5693
d7e07842-2d44-48d4-bea1-6cb5c5e61402	9	660851	676278	29	0.0255
d7e07842-2d44-48d4-bea1-6cb5c5e61402	9	676305	953758	279	0.5613
d7e07842-2d44-48d4-bea1-6cb5c5e61402	9	955794	5079156	4297	-0.2235
d7e07842-2d44-48d4-bea1-6cb5c5e61402	9	5081416	5081953	10	-0.8876
d7e07842-2d44-48d4-bea1-6cb5c5e61402	9	5082995	6661613	1091	-0.2094
d7e07842-2d44-48d4-bea1-6cb5c5e61402	9	6663786	6670448	4	-2.1892
d7e07842-2d44-48d4-bea1-6cb5c5e61402	9	6672097	9973405	3243	-0.2253
d7e07842-2d44-48d4-bea1-6cb5c5e61402	9	9973935	10686495	690	0.6104
d7e07842-2d44-48d4-bea1-6cb5c5e61402	9	10688287	10690555	3	-0.6215
d7e07842-2d44-48d4-bea1-6cb5c5e61402	9	10690633	11879541	879	0.5896
d7e07842-2d44-48d4-bea1-6cb5c5e61402	9	11887372	14310934	1944	-0.232
d7e07842-2d44-48d4-bea1-6cb5c5e61402	9	14319510	15403440	952	0.5679
d7e07842-2d44-48d4-bea1-6cb5c5e61402	9	15404158	17016595	1393	-0.2468
d7e07842-2d44-48d4-bea1-6cb5c5e61402	9	17018353	18531079	1275	0.5614
d7e07842-2d44-48d4-bea1-6cb5c5e61402	9	18531230	23361807	3687	-0.2129
d7e07842-2d44-48d4-bea1-6cb5c5e61402	9	23363117	23380447	11	0.3052
d7e07842-2d44-48d4-bea1-6cb5c5e61402	9	23380836	24503818	793	-0.2349
d7e07842-2d44-48d4-bea1-6cb5c5e61402	9	24504127	24517684	19	-1.5515
d7e07842-2d44-48d4-bea1-6cb5c5e61402	9	24519686	26191239	1200	-0.2057
d7e07842-2d44-48d4-bea1-6cb5c5e61402	9	26191275	26191313	2	-1.4608
d7e07842-2d44-48d4-bea1-6cb5c5e61402	9	26191576	26555778	260	-0.2376
d7e07842-2d44-48d4-bea1-6cb5c5e61402	9	26559293	27957186	1156	0.5775
d7e07842-2d44-48d4-bea1-6cb5c5e61402	9	27959887	29088731	893	-0.232
d7e07842-2d44-48d4-bea1-6cb5c5e61402	9	29089612	29097682	6	-1.1034
d7e07842-2d44-48d4-bea1-6cb5c5e61402	9	29101434	33549253	3140	-0.213
d7e07842-2d44-48d4-bea1-6cb5c5e61402	9	33552883	33778810	142	0.5669
d7e07842-2d44-48d4-bea1-6cb5c5e61402	9	33781400	33784233	4	-0.0939
d7e07842-2d44-48d4-bea1-6cb5c5e61402	9	33787682	33800630	9	0.527
d7e07842-2d44-48d4-bea1-6cb5c5e61402	9	33803972	34567216	410	-0.2725
d7e07842-2d44-48d4-bea1-6cb5c5e61402	9	34568402	35931228	676	0.555
d7e07842-2d44-48d4-bea1-6cb5c5e61402	9	35932405	35932811	2	-0.4974
d7e07842-2d44-48d4-bea1-6cb5c5e61402	9	35933213	39146321	1988	0.5466
d7e07842-2d44-48d4-bea1-6cb5c5e61402	9	39214987	39455364	10	-0.0554
d7e07842-2d44-48d4-bea1-6cb5c5e61402	9	39455596	39588611	25	0.4679
d7e07842-2d44-48d4-bea1-6cb5c5e61402	9	39747848	39840169	5	1.5162
d7e07842-2d44-48d4-bea1-6cb5c5e61402	9	40018947	61520021	194	0.3067
d7e07842-2d44-48d4-bea1-6cb5c5e61402	9	61521913	61680289	32	-0.6036
d7e07842-2d44-48d4-bea1-6cb5c5e61402	9	61692082	63555748	29	0.1311
d7e07842-2d44-48d4-bea1-6cb5c5e61402	9	63555811	63580418	6	-0.4669
d7e07842-2d44-48d4-bea1-6cb5c5e61402	9	63590317	63592813	7	1.2176
d7e07842-2d44-48d4-bea1-6cb5c5e61402	9	63614182	64839518	71	-0.1255
d7e07842-2d44-48d4-bea1-6cb5c5e61402	9	64845973	65947360	14	0.4116
d7e07842-2d44-48d4-bea1-6cb5c5e61402	9	66007200	66189025	8	-0.2702
d7e07842-2d44-48d4-bea1-6cb5c5e61402	9	66880844	68318441	29	0.3174
d7e07842-2d44-48d4-bea1-6cb5c5e61402	9	68325679	69085119	628	0.5884
d7e07842-2d44-48d4-bea1-6cb5c5e61402	9	69086258	79936327	7830	-0.2129
d7e07842-2d44-48d4-bea1-6cb5c5e61402	9	79936920	79959358	25	0.2426
d7e07842-2d44-48d4-bea1-6cb5c5e61402	9	79966493	84847649	3436	-0.1983
d7e07842-2d44-48d4-bea1-6cb5c5e61402	9	84849421	84867467	18	-0.6717
d7e07842-2d44-48d4-bea1-6cb5c5e61402	9	84868179	87907679	2266	-0.2074
d7e07842-2d44-48d4-bea1-6cb5c5e61402	9	87939236	87939304	2	-2.154
d7e07842-2d44-48d4-bea1-6cb5c5e61402	9	87943042	94564565	4350	-0.2107
d7e07842-2d44-48d4-bea1-6cb5c5e61402	9	94568905	94746985	123	0.2832
d7e07842-2d44-48d4-bea1-6cb5c5e61402	9	94755447	99581153	3288	-0.2125
d7e07842-2d44-48d4-bea1-6cb5c5e61402	9	99582251	99583747	2	-1.5146
d7e07842-2d44-48d4-bea1-6cb5c5e61402	9	99583945	104842226	3675	-0.1816
d7e07842-2d44-48d4-bea1-6cb5c5e61402	9	104844404	104954930	131	-0.4615
d7e07842-2d44-48d4-bea1-6cb5c5e61402	9	104956813	127217479	16259	-0.2025
d7e07842-2d44-48d4-bea1-6cb5c5e61402	9	127217635	138081149	5773	-0.2426
d7e07842-2d44-48d4-bea1-6cb5c5e61402	9	138090015	138200944	77	-0.1254
d7e07842-2d44-48d4-bea1-6cb5c5e61402	10	45792	7039084	6100	0.132
d7e07842-2d44-48d4-bea1-6cb5c5e61402	10	7041808	27290867	15285	0.0985
d7e07842-2d44-48d4-bea1-6cb5c5e61402	10	27291041	27308509	4	-1.1419
d7e07842-2d44-48d4-bea1-6cb5c5e61402	10	27318256	30957581	2822	0.0909
d7e07842-2d44-48d4-bea1-6cb5c5e61402	10	30962405	30962893	12	-0.6118
d7e07842-2d44-48d4-bea1-6cb5c5e61402	10	30962956	37166217	4095	0.1123
d7e07842-2d44-48d4-bea1-6cb5c5e61402	10	37172220	37178686	2	-1.3279
d7e07842-2d44-48d4-bea1-6cb5c5e61402	10	37190486	46525759	3347	0.0955
d7e07842-2d44-48d4-bea1-6cb5c5e61402	10	46525780	46632302	40	0.3978
d7e07842-2d44-48d4-bea1-6cb5c5e61402	10	46657149	47559596	300	0.135
d7e07842-2d44-48d4-bea1-6cb5c5e61402	10	47622159	47680348	4	1.0248
d7e07842-2d44-48d4-bea1-6cb5c5e61402	10	47684886	50150838	1393	0.0754
d7e07842-2d44-48d4-bea1-6cb5c5e61402	10	50178219	51576972	1047	0.1543
d7e07842-2d44-48d4-bea1-6cb5c5e61402	10	51579801	52024196	327	-0.3877
d7e07842-2d44-48d4-bea1-6cb5c5e61402	10	52027389	57443289	4064	0.1189
d7e07842-2d44-48d4-bea1-6cb5c5e61402	10	57450745	57451013	4	-1.8125
d7e07842-2d44-48d4-bea1-6cb5c5e61402	10	57458735	65819574	5808	0.1257
d7e07842-2d44-48d4-bea1-6cb5c5e61402	10	65819928	65880822	60	0.4838
d7e07842-2d44-48d4-bea1-6cb5c5e61402	10	65881393	67715599	1236	0.1519
d7e07842-2d44-48d4-bea1-6cb5c5e61402	10	67716188	86850405	12790	0.1011
d7e07842-2d44-48d4-bea1-6cb5c5e61402	10	86856456	90699854	2609	0.1419
d7e07842-2d44-48d4-bea1-6cb5c5e61402	10	90700170	90703534	5	-0.91
d7e07842-2d44-48d4-bea1-6cb5c5e61402	10	90711823	117285315	17236	0.1101
d7e07842-2d44-48d4-bea1-6cb5c5e61402	10	117289241	117453234	105	0.763
d7e07842-2d44-48d4-bea1-6cb5c5e61402	10	117455385	124750394	5540	0.4619
d7e07842-2d44-48d4-bea1-6cb5c5e61402	10	124755821	124837549	35	0.9672
d7e07842-2d44-48d4-bea1-6cb5c5e61402	10	124842010	131639180	5387	0.1734
d7e07842-2d44-48d4-bea1-6cb5c5e61402	10	131640199	131641742	7	-0.7548
d7e07842-2d44-48d4-bea1-6cb5c5e61402	10	131648231	133415637	821	0.1728
d7e07842-2d44-48d4-bea1-6cb5c5e61402	10	133416215	133416364	2	-1.9882
d7e07842-2d44-48d4-bea1-6cb5c5e61402	10	133419150	133654968	148	0.189
d7e07842-2d44-48d4-bea1-6cb5c5e61402	11	198510	892810	214	-0.0251
d7e07842-2d44-48d4-bea1-6cb5c5e61402	11	894450	1209936	114	0.2115
d7e07842-2d44-48d4-bea1-6cb5c5e61402	11	1228142	4217824	1408	-0.0262
d7e07842-2d44-48d4-bea1-6cb5c5e61402	11	4228783	4314837	26	0.9218
d7e07842-2d44-48d4-bea1-6cb5c5e61402	11	4325579	4946420	655	0.0084
d7e07842-2d44-48d4-bea1-6cb5c5e61402	11	4947280	4955042	30	-1.5869
d7e07842-2d44-48d4-bea1-6cb5c5e61402	11	4955781	5041712	77	0.0735
d7e07842-2d44-48d4-bea1-6cb5c5e61402	11	5046128	5117797	64	-1.0533
d7e07842-2d44-48d4-bea1-6cb5c5e61402	11	5121040	5188362	52	0.0148
d7e07842-2d44-48d4-bea1-6cb5c5e61402	11	5188762	5189020	2	-1.1897
d7e07842-2d44-48d4-bea1-6cb5c5e61402	11	5189339	5500921	341	0.0226
d7e07842-2d44-48d4-bea1-6cb5c5e61402	11	5500945	5501334	5	-1.1817
d7e07842-2d44-48d4-bea1-6cb5c5e61402	11	5502363	5761882	236	-0.0333
d7e07842-2d44-48d4-bea1-6cb5c5e61402	11	5762165	5791130	39	0.4678
d7e07842-2d44-48d4-bea1-6cb5c5e61402	11	5794956	6086560	237	0.0145
d7e07842-2d44-48d4-bea1-6cb5c5e61402	11	6087039	6100864	8	-0.9562
d7e07842-2d44-48d4-bea1-6cb5c5e61402	11	6101273	18927525	9158	0.0121
d7e07842-2d44-48d4-bea1-6cb5c5e61402	11	18927562	18940441	44	-0.2948
d7e07842-2d44-48d4-bea1-6cb5c5e61402	11	18940469	31371566	9079	0.0169
d7e07842-2d44-48d4-bea1-6cb5c5e61402	11	31371747	31377185	5	1.0827
d7e07842-2d44-48d4-bea1-6cb5c5e61402	11	31379253	31390100	10	0.2731
d7e07842-2d44-48d4-bea1-6cb5c5e61402	11	31390528	31398505	7	0.7615
d7e07842-2d44-48d4-bea1-6cb5c5e61402	11	31398841	31467372	25	0.3519
d7e07842-2d44-48d4-bea1-6cb5c5e61402	11	31470525	36049744	3459	0.0117
d7e07842-2d44-48d4-bea1-6cb5c5e61402	11	36049922	36050266	2	-1.4886
d7e07842-2d44-48d4-bea1-6cb5c5e61402	11	36053123	48576870	7979	0.0009
d7e07842-2d44-48d4-bea1-6cb5c5e61402	11	48579882	48584766	3	-1.0531
d7e07842-2d44-48d4-bea1-6cb5c5e61402	11	48586605	55593955	1176	0.0228
d7e07842-2d44-48d4-bea1-6cb5c5e61402	11	55595864	55674842	49	-0.6285
d7e07842-2d44-48d4-bea1-6cb5c5e61402	11	55676735	69333346	6988	0.0055
d7e07842-2d44-48d4-bea1-6cb5c5e61402	11	69335955	69605444	194	0.2106
d7e07842-2d44-48d4-bea1-6cb5c5e61402	11	69605779	69611072	6	0.734
d7e07842-2d44-48d4-bea1-6cb5c5e61402	11	69613514	69689162	44	0.2234
d7e07842-2d44-48d4-bea1-6cb5c5e61402	11	69689509	70036304	181	-0.0458
d7e07842-2d44-48d4-bea1-6cb5c5e61402	11	70036360	70760395	405	0.187
d7e07842-2d44-48d4-bea1-6cb5c5e61402	11	70763702	71674327	512	-0.0224
d7e07842-2d44-48d4-bea1-6cb5c5e61402	11	71675079	71825826	42	-0.3624
d7e07842-2d44-48d4-bea1-6cb5c5e61402	11	71827957	72060134	110	0.0163
d7e07842-2d44-48d4-bea1-6cb5c5e61402	11	72066505	74195536	1009	-0.1826
d7e07842-2d44-48d4-bea1-6cb5c5e61402	11	74195879	74736051	335	0.0391
d7e07842-2d44-48d4-bea1-6cb5c5e61402	11	74739405	77525455	1535	-0.1823
d7e07842-2d44-48d4-bea1-6cb5c5e61402	11	77528289	80256469	1908	-0.0037
d7e07842-2d44-48d4-bea1-6cb5c5e61402	11	80256504	80256520	2	-3.0087
d7e07842-2d44-48d4-bea1-6cb5c5e61402	11	80256642	81166762	727	0.0548
d7e07842-2d44-48d4-bea1-6cb5c5e61402	11	81166799	81167962	17	-0.4427
d7e07842-2d44-48d4-bea1-6cb5c5e61402	11	81168151	81792426	565	0.0321
d7e07842-2d44-48d4-bea1-6cb5c5e61402	11	81792950	81804908	8	-0.87
d7e07842-2d44-48d4-bea1-6cb5c5e61402	11	81806063	81897417	68	-0.0033
d7e07842-2d44-48d4-bea1-6cb5c5e61402	11	81897816	83319276	924	-0.2233
d7e07842-2d44-48d4-bea1-6cb5c5e61402	11	83319360	89741663	4278	0.036
d7e07842-2d44-48d4-bea1-6cb5c5e61402	11	89754781	89796439	5	-0.8149
d7e07842-2d44-48d4-bea1-6cb5c5e61402	11	89802300	101723653	8699	0.0383
d7e07842-2d44-48d4-bea1-6cb5c5e61402	11	101727129	101727233	4	1.4747
d7e07842-2d44-48d4-bea1-6cb5c5e61402	11	101727481	102778167	668	0.0454
d7e07842-2d44-48d4-bea1-6cb5c5e61402	11	102779658	102863479	67	0.2513
d7e07842-2d44-48d4-bea1-6cb5c5e61402	11	102873679	111692694	5858	0.0286
d7e07842-2d44-48d4-bea1-6cb5c5e61402	11	111693011	113352714	1075	-0.0036
d7e07842-2d44-48d4-bea1-6cb5c5e61402	11	113358821	113379751	22	-0.587
d7e07842-2d44-48d4-bea1-6cb5c5e61402	11	113382975	116935139	2624	-0.0056
d7e07842-2d44-48d4-bea1-6cb5c5e61402	11	116935641	117266178	181	0.1734
d7e07842-2d44-48d4-bea1-6cb5c5e61402	11	117278438	134785943	13016	-0.0108
d7e07842-2d44-48d4-bea1-6cb5c5e61402	11	134786084	135074876	207	0.0356
d7e07842-2d44-48d4-bea1-6cb5c5e61402	12	51460	5567759	4066	-0.2478
d7e07842-2d44-48d4-bea1-6cb5c5e61402	12	5569338	5621058	54	0.1949
d7e07842-2d44-48d4-bea1-6cb5c5e61402	12	5625021	6317022	521	-0.2388
d7e07842-2d44-48d4-bea1-6cb5c5e61402	12	6318950	6396846	33	0.1957
d7e07842-2d44-48d4-bea1-6cb5c5e61402	12	6400129	8856464	1152	-0.2572
d7e07842-2d44-48d4-bea1-6cb5c5e61402	12	8858645	8861005	5	-1.6664
d7e07842-2d44-48d4-bea1-6cb5c5e61402	12	8861159	9481274	334	-0.251
d7e07842-2d44-48d4-bea1-6cb5c5e61402	12	9485313	9500802	7	-2.0892
d7e07842-2d44-48d4-bea1-6cb5c5e61402	12	9508122	9545123	11	-1.0362
d7e07842-2d44-48d4-bea1-6cb5c5e61402	12	9552530	9575696	5	-2.2084
d7e07842-2d44-48d4-bea1-6cb5c5e61402	12	9582373	11358644	1178	-0.2008
d7e07842-2d44-48d4-bea1-6cb5c5e61402	12	11359558	11383179	20	-0.6609
d7e07842-2d44-48d4-bea1-6cb5c5e61402	12	11383180	11790353	380	-0.2262
d7e07842-2d44-48d4-bea1-6cb5c5e61402	12	11790372	11790662	5	-1.3564
d7e07842-2d44-48d4-bea1-6cb5c5e61402	12	11790716	20544358	5877	-0.21
d7e07842-2d44-48d4-bea1-6cb5c5e61402	12	20546656	20590747	26	0.1856
d7e07842-2d44-48d4-bea1-6cb5c5e61402	12	20594814	33141710	9091	-0.2243
d7e07842-2d44-48d4-bea1-6cb5c5e61402	12	33141726	33154440	28	0.2471
d7e07842-2d44-48d4-bea1-6cb5c5e61402	12	33155426	34682902	786	-0.2351
d7e07842-2d44-48d4-bea1-6cb5c5e61402	12	34701563	45510655	4800	0.2324
d7e07842-2d44-48d4-bea1-6cb5c5e61402	12	45512057	45515754	3	-2.0434
d7e07842-2d44-48d4-bea1-6cb5c5e61402	12	45519509	48331037	1715	0.2371
d7e07842-2d44-48d4-bea1-6cb5c5e61402	12	48331236	48331632	5	1.0387
d7e07842-2d44-48d4-bea1-6cb5c5e61402	12	48336253	56084552	4299	0.2012
d7e07842-2d44-48d4-bea1-6cb5c5e61402	12	56084572	56087291	5	0.954
d7e07842-2d44-48d4-bea1-6cb5c5e61402	12	56087335	57761439	808	0.1845
d7e07842-2d44-48d4-bea1-6cb5c5e61402	12	57762598	93899539	22896	0.2399
d7e07842-2d44-48d4-bea1-6cb5c5e61402	12	93900459	99398036	3956	0.2118
d7e07842-2d44-48d4-bea1-6cb5c5e61402	12	99401515	99404956	31	-0.3608
d7e07842-2d44-48d4-bea1-6cb5c5e61402	12	99409315	102749986	2055	0.2031
d7e07842-2d44-48d4-bea1-6cb5c5e61402	12	102750418	102769998	21	0.5692
d7e07842-2d44-48d4-bea1-6cb5c5e61402	12	102770710	106972581	3014	0.2153
d7e07842-2d44-48d4-bea1-6cb5c5e61402	12	106972675	114043048	4326	0.171
d7e07842-2d44-48d4-bea1-6cb5c5e61402	12	114045360	114062282	14	0.5988
d7e07842-2d44-48d4-bea1-6cb5c5e61402	12	114064870	122612900	5707	0.1734
d7e07842-2d44-48d4-bea1-6cb5c5e61402	12	122617023	122669492	32	0.5135
d7e07842-2d44-48d4-bea1-6cb5c5e61402	12	122671447	126585093	2554	0.1897
d7e07842-2d44-48d4-bea1-6cb5c5e61402	12	126587464	126588209	2	-1.1066
d7e07842-2d44-48d4-bea1-6cb5c5e61402	12	126588411	126640834	29	0.0873
d7e07842-2d44-48d4-bea1-6cb5c5e61402	12	126641198	126646494	3	-0.7151
d7e07842-2d44-48d4-bea1-6cb5c5e61402	12	126653041	127150001	483	0.2074
d7e07842-2d44-48d4-bea1-6cb5c5e61402	12	127150302	127153401	11	-0.8879
d7e07842-2d44-48d4-bea1-6cb5c5e61402	12	127155377	132695910	4226	0.2037
d7e07842-2d44-48d4-bea1-6cb5c5e61402	12	132701551	132779645	30	-0.3935
d7e07842-2d44-48d4-bea1-6cb5c5e61402	12	132780420	133196441	194	0.16
d7e07842-2d44-48d4-bea1-6cb5c5e61402	12	133196930	133201603	3	-0.1985
d7e07842-2d44-48d4-bea1-6cb5c5e61402	13	18452809	18833025	87	-0.2776
d7e07842-2d44-48d4-bea1-6cb5c5e61402	13	18833965	18835707	4	-1.8582
d7e07842-2d44-48d4-bea1-6cb5c5e61402	13	18842946	52485081	23278	-0.2288
d7e07842-2d44-48d4-bea1-6cb5c5e61402	13	52497017	52565009	13	-1.2546
d7e07842-2d44-48d4-bea1-6cb5c5e61402	13	52571523	57184136	2619	-0.2142
d7e07842-2d44-48d4-bea1-6cb5c5e61402	13	57184155	57204246	33	-1.2199
d7e07842-2d44-48d4-bea1-6cb5c5e61402	13	57215580	59640695	1482	-0.2108
d7e07842-2d44-48d4-bea1-6cb5c5e61402	13	59641249	59641547	3	-1.4912
d7e07842-2d44-48d4-bea1-6cb5c5e61402	13	59641700	95051276	22699	-0.2075
d7e07842-2d44-48d4-bea1-6cb5c5e61402	13	95056818	95091793	35	0.2738
d7e07842-2d44-48d4-bea1-6cb5c5e61402	13	95094707	110932159	11949	-0.228
d7e07842-2d44-48d4-bea1-6cb5c5e61402	13	110936620	110936805	2	-1.8641
d7e07842-2d44-48d4-bea1-6cb5c5e61402	13	110937681	114342922	1863	-0.252
d7e07842-2d44-48d4-bea1-6cb5c5e61402	14	18239283	19632043	58	-0.1677
d7e07842-2d44-48d4-bea1-6cb5c5e61402	14	19637253	19675350	5	-1.3018
d7e07842-2d44-48d4-bea1-6cb5c5e61402	14	19689684	22514241	1975	-0.2209
d7e07842-2d44-48d4-bea1-6cb5c5e61402	14	22519044	22530591	8	-1.5128
d7e07842-2d44-48d4-bea1-6cb5c5e61402	14	22530607	22626766	86	-0.2478
d7e07842-2d44-48d4-bea1-6cb5c5e61402	14	22628613	22780330	99	-0.037
d7e07842-2d44-48d4-bea1-6cb5c5e61402	14	22785349	24264261	786	-0.2354
d7e07842-2d44-48d4-bea1-6cb5c5e61402	14	24265019	24327469	34	0.2825
d7e07842-2d44-48d4-bea1-6cb5c5e61402	14	24330152	25142668	625	-0.2044
d7e07842-2d44-48d4-bea1-6cb5c5e61402	14	25142945	25142968	2	-1.8894
d7e07842-2d44-48d4-bea1-6cb5c5e61402	14	25144954	44049928	11822	-0.1975
d7e07842-2d44-48d4-bea1-6cb5c5e61402	14	44050011	44058213	7	-1.0317
d7e07842-2d44-48d4-bea1-6cb5c5e61402	14	44059121	49545607	3200	-0.1913
d7e07842-2d44-48d4-bea1-6cb5c5e61402	14	49547874	49661043	53	0.2787
d7e07842-2d44-48d4-bea1-6cb5c5e61402	14	49664525	69997659	13101	-0.1951
d7e07842-2d44-48d4-bea1-6cb5c5e61402	14	69997986	69998049	2	-1.7305
d7e07842-2d44-48d4-bea1-6cb5c5e61402	14	69998985	71794711	1051	-0.1939
d7e07842-2d44-48d4-bea1-6cb5c5e61402	14	71795839	78763137	4747	-0.2241
d7e07842-2d44-48d4-bea1-6cb5c5e61402	14	78763356	92519174	8983	-0.1935
d7e07842-2d44-48d4-bea1-6cb5c5e61402	14	92519695	102634521	7061	-0.2299
d7e07842-2d44-48d4-bea1-6cb5c5e61402	14	102641463	102693192	22	0.2923
d7e07842-2d44-48d4-bea1-6cb5c5e61402	14	102696595	106321086	1354	-0.2362
d7e07842-2d44-48d4-bea1-6cb5c5e61402	14	106340102	106346129	7	-1.4382
d7e07842-2d44-48d4-bea1-6cb5c5e61402	14	106360014	106877229	274	-0.1555
d7e07842-2d44-48d4-bea1-6cb5c5e61402	15	19811075	21975606	176	-0.3287
d7e07842-2d44-48d4-bea1-6cb5c5e61402	15	21997003	22413894	33	-1.0703
d7e07842-2d44-48d4-bea1-6cb5c5e61402	15	22455811	24429986	992	-0.2512
d7e07842-2d44-48d4-bea1-6cb5c5e61402	15	24435245	24473026	30	-1.3143
d7e07842-2d44-48d4-bea1-6cb5c5e61402	15	24473449	30253290	3606	-0.2641
d7e07842-2d44-48d4-bea1-6cb5c5e61402	15	30253522	30608675	24	0.1969
d7e07842-2d44-48d4-bea1-6cb5c5e61402	15	30621384	34434988	2568	-0.2413
d7e07842-2d44-48d4-bea1-6cb5c5e61402	15	34435421	34526116	60	-0.5676
d7e07842-2d44-48d4-bea1-6cb5c5e61402	15	34570058	41875287	4796	-0.2306
d7e07842-2d44-48d4-bea1-6cb5c5e61402	15	41877905	41878144	2	-1.9403
d7e07842-2d44-48d4-bea1-6cb5c5e61402	15	41879264	43646185	895	-0.2334
d7e07842-2d44-48d4-bea1-6cb5c5e61402	15	43646608	43805991	32	0.1367
d7e07842-2d44-48d4-bea1-6cb5c5e61402	15	43809577	56498657	7904	-0.2311
d7e07842-2d44-48d4-bea1-6cb5c5e61402	15	56498682	56499443	9	-1.1872
d7e07842-2d44-48d4-bea1-6cb5c5e61402	15	56499521	56508779	12	-2.7259
d7e07842-2d44-48d4-bea1-6cb5c5e61402	15	56509425	76577588	12739	-0.2476
d7e07842-2d44-48d4-bea1-6cb5c5e61402	15	76586021	76603426	17	0.7085
d7e07842-2d44-48d4-bea1-6cb5c5e61402	15	76603428	97690037	14464	-0.2442
d7e07842-2d44-48d4-bea1-6cb5c5e61402	15	97691170	97815418	115	-0.9609
d7e07842-2d44-48d4-bea1-6cb5c5e61402	15	97817269	101928837	3027	-0.2442
d7e07842-2d44-48d4-bea1-6cb5c5e61402	16	10777	14887120	11109	0.1975
d7e07842-2d44-48d4-bea1-6cb5c5e61402	16	14895982	14983623	37	-0.1829
d7e07842-2d44-48d4-bea1-6cb5c5e61402	16	14986282	16196638	592	0.2257
d7e07842-2d44-48d4-bea1-6cb5c5e61402	16	16199461	16200861	2	-1.572
d7e07842-2d44-48d4-bea1-6cb5c5e61402	16	16201950	20489224	2154	0.2168
d7e07842-2d44-48d4-bea1-6cb5c5e61402	16	20501459	20522319	24	-0.5202
d7e07842-2d44-48d4-bea1-6cb5c5e61402	16	20534515	22579924	863	0.208
d7e07842-2d44-48d4-bea1-6cb5c5e61402	16	22591547	22739427	102	0.3535
d7e07842-2d44-48d4-bea1-6cb5c5e61402	16	22741734	24966837	1430	0.1772
d7e07842-2d44-48d4-bea1-6cb5c5e61402	16	24967230	25163801	129	0.5258
d7e07842-2d44-48d4-bea1-6cb5c5e61402	16	25164886	32198778	3528	0.1866
d7e07842-2d44-48d4-bea1-6cb5c5e61402	16	32295899	32447834	6	-0.5946
d7e07842-2d44-48d4-bea1-6cb5c5e61402	16	32451922	51599216	3603	0.1808
d7e07842-2d44-48d4-bea1-6cb5c5e61402	16	51602652	52949083	1048	0.2511
d7e07842-2d44-48d4-bea1-6cb5c5e61402	16	52951291	55761136	2301	0.2012
d7e07842-2d44-48d4-bea1-6cb5c5e61402	16	55762477	55788532	22	-0.6244
d7e07842-2d44-48d4-bea1-6cb5c5e61402	16	55808442	55814156	10	0.5914
d7e07842-2d44-48d4-bea1-6cb5c5e61402	16	55822442	58581449	1680	0.2053
d7e07842-2d44-48d4-bea1-6cb5c5e61402	16	58585751	58670358	32	0.4736
d7e07842-2d44-48d4-bea1-6cb5c5e61402	16	58679717	59449199	533	0.2293
d7e07842-2d44-48d4-bea1-6cb5c5e61402	16	59452080	63582098	2663	-0.2368
d7e07842-2d44-48d4-bea1-6cb5c5e61402	16	63584341	63736539	101	0.2295
d7e07842-2d44-48d4-bea1-6cb5c5e61402	16	63744596	64148550	294	-0.2349
d7e07842-2d44-48d4-bea1-6cb5c5e61402	16	64148643	64163013	10	0.2456
d7e07842-2d44-48d4-bea1-6cb5c5e61402	16	64168472	64210682	30	-0.2054
d7e07842-2d44-48d4-bea1-6cb5c5e61402	16	64211074	78337601	8919	0.2064
d7e07842-2d44-48d4-bea1-6cb5c5e61402	16	78337711	78350868	18	0.8399
d7e07842-2d44-48d4-bea1-6cb5c5e61402	16	78351104	78600154	355	0.1749
d7e07842-2d44-48d4-bea1-6cb5c5e61402	16	78605683	78632255	25	-0.3434
d7e07842-2d44-48d4-bea1-6cb5c5e61402	16	78634311	78857697	303	0.2239
d7e07842-2d44-48d4-bea1-6cb5c5e61402	16	78857748	78858288	3	-0.6855
d7e07842-2d44-48d4-bea1-6cb5c5e61402	16	78861248	78950910	117	0.3512
d7e07842-2d44-48d4-bea1-6cb5c5e61402	16	78951143	79125371	260	0.2067
d7e07842-2d44-48d4-bea1-6cb5c5e61402	16	79126803	79189115	88	-0.2578
d7e07842-2d44-48d4-bea1-6cb5c5e61402	16	79189177	82702935	3641	0.2159
d7e07842-2d44-48d4-bea1-6cb5c5e61402	16	82712745	82768287	50	-0.5528
d7e07842-2d44-48d4-bea1-6cb5c5e61402	16	82773048	87235274	4428	0.2206
d7e07842-2d44-48d4-bea1-6cb5c5e61402	16	87235438	87279998	41	0.6127
d7e07842-2d44-48d4-bea1-6cb5c5e61402	16	87281070	87542013	158	0.1772
d7e07842-2d44-48d4-bea1-6cb5c5e61402	16	87542077	87591181	34	0.4879
d7e07842-2d44-48d4-bea1-6cb5c5e61402	16	87591223	88076816	273	0.1984
d7e07842-2d44-48d4-bea1-6cb5c5e61402	16	88080057	88081232	3	-1.2169
d7e07842-2d44-48d4-bea1-6cb5c5e61402	16	88081785	90096867	837	0.2231
d7e07842-2d44-48d4-bea1-6cb5c5e61402	17	150733	1250564	556	-0.1761
d7e07842-2d44-48d4-bea1-6cb5c5e61402	17	1250730	12620950	7060	-0.2688
d7e07842-2d44-48d4-bea1-6cb5c5e61402	17	12628368	12791838	147	0.2117
d7e07842-2d44-48d4-bea1-6cb5c5e61402	17	12792433	16819487	2710	-0.2272
d7e07842-2d44-48d4-bea1-6cb5c5e61402	17	16834846	16838214	3	1.0116
d7e07842-2d44-48d4-bea1-6cb5c5e61402	17	16838470	22316315	2240	-0.2661
d7e07842-2d44-48d4-bea1-6cb5c5e61402	17	22317288	41265456	8087	0.2159
d7e07842-2d44-48d4-bea1-6cb5c5e61402	17	41266762	41274279	24	-0.4889
d7e07842-2d44-48d4-bea1-6cb5c5e61402	17	41276472	46089089	2503	0.2134
d7e07842-2d44-48d4-bea1-6cb5c5e61402	17	46089134	46286804	121	-0.0792
d7e07842-2d44-48d4-bea1-6cb5c5e61402	17	46323701	46446360	4	1.5771
d7e07842-2d44-48d4-bea1-6cb5c5e61402	17	46569894	52975453	3636	0.2419
d7e07842-2d44-48d4-bea1-6cb5c5e61402	17	52980711	66351219	7790	-0.2158
d7e07842-2d44-48d4-bea1-6cb5c5e61402	17	66351378	72431194	4318	-0.0211
d7e07842-2d44-48d4-bea1-6cb5c5e61402	17	72434429	72472895	25	0.511
d7e07842-2d44-48d4-bea1-6cb5c5e61402	17	72475368	77393507	2949	-0.041
d7e07842-2d44-48d4-bea1-6cb5c5e61402	17	77394155	77394582	2	-3.8187
d7e07842-2d44-48d4-bea1-6cb5c5e61402	17	77394593	79246981	1097	-0.0368
d7e07842-2d44-48d4-bea1-6cb5c5e61402	17	79249578	79250134	2	-1.9813
d7e07842-2d44-48d4-bea1-6cb5c5e61402	17	79250308	83091923	1735	-0.0442
d7e07842-2d44-48d4-bea1-6cb5c5e61402	18	48133	97829	9	-0.0859
d7e07842-2d44-48d4-bea1-6cb5c5e61402	18	99048	1913315	1312	0.1728
d7e07842-2d44-48d4-bea1-6cb5c5e61402	18	1914399	1921010	12	-0.3628
d7e07842-2d44-48d4-bea1-6cb5c5e61402	18	1921137	8216999	4567	0.1708
d7e07842-2d44-48d4-bea1-6cb5c5e61402	18	8219496	8256213	35	0.5057
d7e07842-2d44-48d4-bea1-6cb5c5e61402	18	8258493	13568488	3751	0.1655
d7e07842-2d44-48d4-bea1-6cb5c5e61402	18	13568848	21498146	945	0.1013
d7e07842-2d44-48d4-bea1-6cb5c5e61402	18	21500779	22139959	285	0.1847
d7e07842-2d44-48d4-bea1-6cb5c5e61402	18	22141025	22208340	32	0.5594
d7e07842-2d44-48d4-bea1-6cb5c5e61402	18	22209524	27310209	3289	0.161
d7e07842-2d44-48d4-bea1-6cb5c5e61402	18	27312785	36284408	5561	0.1955
d7e07842-2d44-48d4-bea1-6cb5c5e61402	18	36286156	40678763	2980	0.1688
d7e07842-2d44-48d4-bea1-6cb5c5e61402	18	40680456	40688060	20	0.5895
d7e07842-2d44-48d4-bea1-6cb5c5e61402	18	40689534	42225007	1042	0.1618
d7e07842-2d44-48d4-bea1-6cb5c5e61402	18	42225516	42265176	34	0.4794
d7e07842-2d44-48d4-bea1-6cb5c5e61402	18	42275745	52153873	6759	0.1685
d7e07842-2d44-48d4-bea1-6cb5c5e61402	18	52153991	52182161	14	0.6324
d7e07842-2d44-48d4-bea1-6cb5c5e61402	18	52182261	52656930	387	0.1937
d7e07842-2d44-48d4-bea1-6cb5c5e61402	18	52662150	53048479	282	0.4944
d7e07842-2d44-48d4-bea1-6cb5c5e61402	18	53050780	69079640	11205	-0.2335
d7e07842-2d44-48d4-bea1-6cb5c5e61402	18	69079650	69086089	27	-0.7718
d7e07842-2d44-48d4-bea1-6cb5c5e61402	18	69090459	69646882	467	-0.2177
d7e07842-2d44-48d4-bea1-6cb5c5e61402	18	69647341	69650710	3	-1.828
d7e07842-2d44-48d4-bea1-6cb5c5e61402	18	69651141	80257174	7691	-0.2388
d7e07842-2d44-48d4-bea1-6cb5c5e61402	19	90910	8891146	3223	-0.2689
d7e07842-2d44-48d4-bea1-6cb5c5e61402	19	8892814	33016875	11924	0.1465
d7e07842-2d44-48d4-bea1-6cb5c5e61402	19	33019136	33101246	42	0.4589
d7e07842-2d44-48d4-bea1-6cb5c5e61402	19	33101642	35356234	1513	0.1549
d7e07842-2d44-48d4-bea1-6cb5c5e61402	19	35356251	35375884	30	0.4119
d7e07842-2d44-48d4-bea1-6cb5c5e61402	19	35375899	38359476	1498	0.1417
d7e07842-2d44-48d4-bea1-6cb5c5e61402	19	38359790	38466163	53	0.5111
d7e07842-2d44-48d4-bea1-6cb5c5e61402	19	38468525	42739518	2116	0.1663
d7e07842-2d44-48d4-bea1-6cb5c5e61402	19	42743373	42850300	41	0.6049
d7e07842-2d44-48d4-bea1-6cb5c5e61402	19	42858500	58429147	8617	0.1636
d7e07842-2d44-48d4-bea1-6cb5c5e61402	19	58432041	58433008	2	-3.1938
d7e07842-2d44-48d4-bea1-6cb5c5e61402	19	58434689	58586487	52	0.1868
d7e07842-2d44-48d4-bea1-6cb5c5e61402	20	80664	1576590	1186	-0.1305
d7e07842-2d44-48d4-bea1-6cb5c5e61402	20	1576866	1587098	24	-0.6096
d7e07842-2d44-48d4-bea1-6cb5c5e61402	20	1587360	14632373	9824	-0.1277
d7e07842-2d44-48d4-bea1-6cb5c5e61402	20	14633525	14805288	128	-0.4473
d7e07842-2d44-48d4-bea1-6cb5c5e61402	20	14805360	14843259	57	-0.114
d7e07842-2d44-48d4-bea1-6cb5c5e61402	20	14849950	15050035	181	-0.7203
d7e07842-2d44-48d4-bea1-6cb5c5e61402	20	15052669	17450840	2277	-0.1289
d7e07842-2d44-48d4-bea1-6cb5c5e61402	20	17451688	17472213	28	0.2367
d7e07842-2d44-48d4-bea1-6cb5c5e61402	20	17472490	30256310	6317	-0.1437
d7e07842-2d44-48d4-bea1-6cb5c5e61402	20	30258062	30417073	35	0.2911
d7e07842-2d44-48d4-bea1-6cb5c5e61402	20	31247246	37056247	2785	0.6007
d7e07842-2d44-48d4-bea1-6cb5c5e61402	20	37068156	37093618	90	0.3618
d7e07842-2d44-48d4-bea1-6cb5c5e61402	20	37093952	52756999	10970	0.6165
d7e07842-2d44-48d4-bea1-6cb5c5e61402	20	52757550	52889595	99	0.9623
d7e07842-2d44-48d4-bea1-6cb5c5e61402	20	52895527	56582080	2998	0.638
d7e07842-2d44-48d4-bea1-6cb5c5e61402	20	56584542	56754320	111	0.4609
d7e07842-2d44-48d4-bea1-6cb5c5e61402	20	56755547	63615833	4973	0.6194
d7e07842-2d44-48d4-bea1-6cb5c5e61402	20	63618171	64186406	214	1.0318
d7e07842-2d44-48d4-bea1-6cb5c5e61402	20	64188192	64324800	80	-0.1133
d7e07842-2d44-48d4-bea1-6cb5c5e61402	21	10354168	22278814	6295	-0.1077
d7e07842-2d44-48d4-bea1-6cb5c5e61402	21	22283580	22292338	9	-1.159
d7e07842-2d44-48d4-bea1-6cb5c5e61402	21	22294679	37340308	10878	-0.1268
d7e07842-2d44-48d4-bea1-6cb5c5e61402	21	37340417	37516081	110	0.114
d7e07842-2d44-48d4-bea1-6cb5c5e61402	21	37516441	42543337	4438	-0.147
d7e07842-2d44-48d4-bea1-6cb5c5e61402	21	42544236	42681017	113	0.0861
d7e07842-2d44-48d4-bea1-6cb5c5e61402	21	42681639	46677045	1993	-0.1679
d7e07842-2d44-48d4-bea1-6cb5c5e61402	22	15294547	18131162	1103	-0.2738
d7e07842-2d44-48d4-bea1-6cb5c5e61402	22	18131238	18620743	29	-0.1678
d7e07842-2d44-48d4-bea1-6cb5c5e61402	22	18649244	18951419	13	0.5282
d7e07842-2d44-48d4-bea1-6cb5c5e61402	22	18964032	20596277	1022	-0.2118
d7e07842-2d44-48d4-bea1-6cb5c5e61402	22	20598622	20599032	2	-2.5578
d7e07842-2d44-48d4-bea1-6cb5c5e61402	22	20601876	22923946	1558	-0.1884
d7e07842-2d44-48d4-bea1-6cb5c5e61402	22	22925879	25989483	2215	-0.2584
d7e07842-2d44-48d4-bea1-6cb5c5e61402	22	25992334	25992767	5	-1.264
d7e07842-2d44-48d4-bea1-6cb5c5e61402	22	25992931	38894915	9240	-0.2719
d7e07842-2d44-48d4-bea1-6cb5c5e61402	22	38899250	38900899	3	-2.8672
d7e07842-2d44-48d4-bea1-6cb5c5e61402	22	38903109	40397256	755	-0.2546
d7e07842-2d44-48d4-bea1-6cb5c5e61402	22	40398586	40398816	2	-3.2357
d7e07842-2d44-48d4-bea1-6cb5c5e61402	22	40401668	50796027	7309	-0.2663
d7e07842-2d44-48d4-bea1-6cb5c5e61402	X	251810	12131718	7019	0.0085
d7e07842-2d44-48d4-bea1-6cb5c5e61402	X	12132067	12132444	5	-1.5117
d7e07842-2d44-48d4-bea1-6cb5c5e61402	X	12135444	47915284	21851	-0.0005
d7e07842-2d44-48d4-bea1-6cb5c5e61402	X	47915459	47963460	33	0.4462
d7e07842-2d44-48d4-bea1-6cb5c5e61402	X	47964479	87193598	16081	-0.0041
d7e07842-2d44-48d4-bea1-6cb5c5e61402	X	87193951	87194184	3	-1.4813
d7e07842-2d44-48d4-bea1-6cb5c5e61402	X	87197501	106826947	10084	0.0106
d7e07842-2d44-48d4-bea1-6cb5c5e61402	X	106831216	106916674	43	0.4502
d7e07842-2d44-48d4-bea1-6cb5c5e61402	X	106917472	109270242	1192	0.0271
d7e07842-2d44-48d4-bea1-6cb5c5e61402	X	109272805	109287601	10	1.1119
d7e07842-2d44-48d4-bea1-6cb5c5e61402	X	109294055	141301274	18226	-0.0022
d7e07842-2d44-48d4-bea1-6cb5c5e61402	X	141301655	141336247	24	0.5201
d7e07842-2d44-48d4-bea1-6cb5c5e61402	X	141340425	155952689	8899	-0.0023
d7e07842-2d44-48d4-bea1-6cb5c5e61402	Y	2782397	3442606	212	-2.7783
d7e07842-2d44-48d4-bea1-6cb5c5e61402	Y	3460727	6075631	507	-2.4598
d7e07842-2d44-48d4-bea1-6cb5c5e61402	Y	6076562	13478396	2545	-2.9074
d7e07842-2d44-48d4-bea1-6cb5c5e61402	Y	13478462	13482643	3	-7.6945
d7e07842-2d44-48d4-bea1-6cb5c5e61402	Y	13483009	22804854	3170	-2.9146
d7e07842-2d44-48d4-bea1-6cb5c5e61402	Y	22913244	56872112	202	-2.6303
