GDC_Aliquot	Chromosome	Start	End	Num_Probes	Segment_Mean
cd952fe7-7558-43de-9adf-ea962e6f3a76	1	62920	16544783	8640	-0.0165
cd952fe7-7558-43de-9adf-ea962e6f3a76	1	16569132	16788139	54	0.3428
cd952fe7-7558-43de-9adf-ea962e6f3a76	1	16855942	25256850	5315	-0.0046
cd952fe7-7558-43de-9adf-ea962e6f3a76	1	25266637	25319693	21	-1.9295
cd952fe7-7558-43de-9adf-ea962e6f3a76	1	25320198	46855627	11725	-0.0052
cd952fe7-7558-43de-9adf-ea962e6f3a76	1	46856310	46968655	40	0.5091
cd952fe7-7558-43de-9adf-ea962e6f3a76	1	46971349	72296993	16942	0.0017
cd952fe7-7558-43de-9adf-ea962e6f3a76	1	72297687	72345465	49	1.1113
cd952fe7-7558-43de-9adf-ea962e6f3a76	1	72346221	103616762	20004	0.007
cd952fe7-7558-43de-9adf-ea962e6f3a76	1	103620877	103717410	5	-1.1265
cd952fe7-7558-43de-9adf-ea962e6f3a76	1	103717617	105476583	920	0.0221
cd952fe7-7558-43de-9adf-ea962e6f3a76	1	105476614	105479753	16	-1.8448
cd952fe7-7558-43de-9adf-ea962e6f3a76	1	105481433	109684893	2633	0.0122
cd952fe7-7558-43de-9adf-ea962e6f3a76	1	109690352	109697556	13	0.9624
cd952fe7-7558-43de-9adf-ea962e6f3a76	1	109702376	110811880	816	0.0078
cd952fe7-7558-43de-9adf-ea962e6f3a76	1	110817113	110839857	42	0.221
cd952fe7-7558-43de-9adf-ea962e6f3a76	1	110839907	110845562	16	-0.3668
cd952fe7-7558-43de-9adf-ea962e6f3a76	1	110845604	112153571	1080	0.006
cd952fe7-7558-43de-9adf-ea962e6f3a76	1	112153651	112154591	19	0.4424
cd952fe7-7558-43de-9adf-ea962e6f3a76	1	112154619	152582700	7588	0.0074
cd952fe7-7558-43de-9adf-ea962e6f3a76	1	152583051	152618018	37	0.9321
cd952fe7-7558-43de-9adf-ea962e6f3a76	1	152618089	169247699	11466	-0.0028
cd952fe7-7558-43de-9adf-ea962e6f3a76	1	169264736	169272528	6	0.9805
cd952fe7-7558-43de-9adf-ea962e6f3a76	1	169273163	188538260	12707	0.0023
cd952fe7-7558-43de-9adf-ea962e6f3a76	1	188539887	189596287	647	0.0745
cd952fe7-7558-43de-9adf-ea962e6f3a76	1	189599417	191856724	1519	0.004
cd952fe7-7558-43de-9adf-ea962e6f3a76	1	191859939	191898581	13	-0.7113
cd952fe7-7558-43de-9adf-ea962e6f3a76	1	191902086	194479104	1814	0.0021
cd952fe7-7558-43de-9adf-ea962e6f3a76	1	194482281	194485888	2	1.5334
cd952fe7-7558-43de-9adf-ea962e6f3a76	1	194487886	196745743	1450	0.0033
cd952fe7-7558-43de-9adf-ea962e6f3a76	1	196758720	196832312	56	-0.6587
cd952fe7-7558-43de-9adf-ea962e6f3a76	1	196832525	199142562	1381	0.0063
cd952fe7-7558-43de-9adf-ea962e6f3a76	1	199142844	199143396	3	-1.2144
cd952fe7-7558-43de-9adf-ea962e6f3a76	1	199143883	209897717	7398	-0.0017
cd952fe7-7558-43de-9adf-ea962e6f3a76	1	209908268	209910639	3	1.2267
cd952fe7-7558-43de-9adf-ea962e6f3a76	1	209913207	240228440	21142	-0.0011
cd952fe7-7558-43de-9adf-ea962e6f3a76	1	240230715	240230839	6	-1.8711
cd952fe7-7558-43de-9adf-ea962e6f3a76	1	240232805	248525314	5680	0.0054
cd952fe7-7558-43de-9adf-ea962e6f3a76	1	248546369	248633821	35	-0.6515
cd952fe7-7558-43de-9adf-ea962e6f3a76	1	248633912	248930189	142	0.0499
cd952fe7-7558-43de-9adf-ea962e6f3a76	2	12784	34466002	24066	0.0019
cd952fe7-7558-43de-9adf-ea962e6f3a76	2	34474248	34511990	46	0.6513
cd952fe7-7558-43de-9adf-ea962e6f3a76	2	34512096	35742319	870	0.0379
cd952fe7-7558-43de-9adf-ea962e6f3a76	2	35742970	35762850	8	-1.0488
cd952fe7-7558-43de-9adf-ea962e6f3a76	2	35762881	41011303	3925	0.0126
cd952fe7-7558-43de-9adf-ea962e6f3a76	2	41011365	41018747	21	-0.4862
cd952fe7-7558-43de-9adf-ea962e6f3a76	2	41024093	41902071	768	0.0229
cd952fe7-7558-43de-9adf-ea962e6f3a76	2	41902455	41914876	14	-0.4607
cd952fe7-7558-43de-9adf-ea962e6f3a76	2	41914891	50633473	6093	-0.0021
cd952fe7-7558-43de-9adf-ea962e6f3a76	2	50633487	51133337	356	0.1243
cd952fe7-7558-43de-9adf-ea962e6f3a76	2	51136217	52514599	943	0.0166
cd952fe7-7558-43de-9adf-ea962e6f3a76	2	52527330	52554157	32	0.5836
cd952fe7-7558-43de-9adf-ea962e6f3a76	2	52554188	71115321	12252	0.0051
cd952fe7-7558-43de-9adf-ea962e6f3a76	2	71119433	71120262	7	-0.7063
cd952fe7-7558-43de-9adf-ea962e6f3a76	2	71122913	78799637	4656	0.0109
cd952fe7-7558-43de-9adf-ea962e6f3a76	2	78799933	78997012	148	0.1496
cd952fe7-7558-43de-9adf-ea962e6f3a76	2	78997311	86710564	4836	0.0051
cd952fe7-7558-43de-9adf-ea962e6f3a76	2	86725947	86726731	2	-1.9622
cd952fe7-7558-43de-9adf-ea962e6f3a76	2	86743283	87256891	119	-0.0346
cd952fe7-7558-43de-9adf-ea962e6f3a76	2	87260822	87261116	2	-1.5783
cd952fe7-7558-43de-9adf-ea962e6f3a76	2	87262561	87286164	8	0.0948
cd952fe7-7558-43de-9adf-ea962e6f3a76	2	87287256	87295819	3	-1.2462
cd952fe7-7558-43de-9adf-ea962e6f3a76	2	87299357	89044490	663	0.0074
cd952fe7-7558-43de-9adf-ea962e6f3a76	2	89055939	89069842	6	-0.7785
cd952fe7-7558-43de-9adf-ea962e6f3a76	2	89085826	106263639	6704	-0.0011
cd952fe7-7558-43de-9adf-ea962e6f3a76	2	106264257	106268901	11	-2.1304
cd952fe7-7558-43de-9adf-ea962e6f3a76	2	106270799	179553484	44288	0.0043
cd952fe7-7558-43de-9adf-ea962e6f3a76	2	179553606	179557410	29	-0.613
cd952fe7-7558-43de-9adf-ea962e6f3a76	2	179560916	185432630	3692	0.0127
cd952fe7-7558-43de-9adf-ea962e6f3a76	2	185433497	186024241	287	0.1108
cd952fe7-7558-43de-9adf-ea962e6f3a76	2	186024533	192170745	3547	-0.0016
cd952fe7-7558-43de-9adf-ea962e6f3a76	2	192170997	195320384	1626	0.0603
cd952fe7-7558-43de-9adf-ea962e6f3a76	2	195320883	208708414	8059	0.0085
cd952fe7-7558-43de-9adf-ea962e6f3a76	2	208708988	208710853	2	-1.7505
cd952fe7-7558-43de-9adf-ea962e6f3a76	2	208710868	217773453	5958	0.0084
cd952fe7-7558-43de-9adf-ea962e6f3a76	2	217775725	217832226	35	0.4958
cd952fe7-7558-43de-9adf-ea962e6f3a76	2	217833556	242147305	15285	-0.0018
cd952fe7-7558-43de-9adf-ea962e6f3a76	3	20930	2845019	2461	0.0684
cd952fe7-7558-43de-9adf-ea962e6f3a76	3	2846152	4073429	1216	-0.0108
cd952fe7-7558-43de-9adf-ea962e6f3a76	3	4079539	4112625	36	-0.8403
cd952fe7-7558-43de-9adf-ea962e6f3a76	3	4112924	21022930	12007	0.0054
cd952fe7-7558-43de-9adf-ea962e6f3a76	3	21023021	22278109	1073	0.0794
cd952fe7-7558-43de-9adf-ea962e6f3a76	3	22278318	25938994	2782	0.0017
cd952fe7-7558-43de-9adf-ea962e6f3a76	3	25939090	26451523	334	0.1138
cd952fe7-7558-43de-9adf-ea962e6f3a76	3	26451552	46751887	13233	0.0016
cd952fe7-7558-43de-9adf-ea962e6f3a76	3	46760327	46807689	39	-0.6741
cd952fe7-7558-43de-9adf-ea962e6f3a76	3	46808099	87485979	26090	0.0037
cd952fe7-7558-43de-9adf-ea962e6f3a76	3	87491339	87491628	2	-3.0945
cd952fe7-7558-43de-9adf-ea962e6f3a76	3	87496002	99215760	4360	0.0125
cd952fe7-7558-43de-9adf-ea962e6f3a76	3	99217783	99230212	30	0.4385
cd952fe7-7558-43de-9adf-ea962e6f3a76	3	99230225	114936935	9462	0.0021
cd952fe7-7558-43de-9adf-ea962e6f3a76	3	114941745	114942097	6	-2.3921
cd952fe7-7558-43de-9adf-ea962e6f3a76	3	114950103	125950205	6848	-0.0018
cd952fe7-7558-43de-9adf-ea962e6f3a76	3	125954540	125957120	3	-2.4126
cd952fe7-7558-43de-9adf-ea962e6f3a76	3	125961657	128675662	1754	-0.0126
cd952fe7-7558-43de-9adf-ea962e6f3a76	3	128676647	128679860	2	-1.4268
cd952fe7-7558-43de-9adf-ea962e6f3a76	3	128680378	130067097	635	-0.0141
cd952fe7-7558-43de-9adf-ea962e6f3a76	3	130067366	130087393	32	0.5277
cd952fe7-7558-43de-9adf-ea962e6f3a76	3	130088081	162813082	20252	0.0076
cd952fe7-7558-43de-9adf-ea962e6f3a76	3	162815162	162827928	8	-1.5578
cd952fe7-7558-43de-9adf-ea962e6f3a76	3	162828441	162906109	45	-0.1839
cd952fe7-7558-43de-9adf-ea962e6f3a76	3	162908192	162996729	74	0.1223
cd952fe7-7558-43de-9adf-ea962e6f3a76	3	162999939	163008371	3	1.1408
cd952fe7-7558-43de-9adf-ea962e6f3a76	3	163008644	173486475	6253	0.0117
cd952fe7-7558-43de-9adf-ea962e6f3a76	3	173491902	173497944	11	-0.7587
cd952fe7-7558-43de-9adf-ea962e6f3a76	3	173501002	175358750	1305	0.0188
cd952fe7-7558-43de-9adf-ea962e6f3a76	3	175360537	176218801	565	0.1017
cd952fe7-7558-43de-9adf-ea962e6f3a76	3	176219142	186688156	6212	0.0038
cd952fe7-7558-43de-9adf-ea962e6f3a76	3	186688334	186688349	2	-1.3844
cd952fe7-7558-43de-9adf-ea962e6f3a76	3	186695072	189370916	2011	-0.006
cd952fe7-7558-43de-9adf-ea962e6f3a76	3	189372316	189380938	7	-0.9686
cd952fe7-7558-43de-9adf-ea962e6f3a76	3	189384112	190817394	1097	0.0235
cd952fe7-7558-43de-9adf-ea962e6f3a76	3	190820451	190820455	2	-1.1684
cd952fe7-7558-43de-9adf-ea962e6f3a76	3	190820708	193160113	1610	0.0131
cd952fe7-7558-43de-9adf-ea962e6f3a76	3	193160173	193161217	6	1.0782
cd952fe7-7558-43de-9adf-ea962e6f3a76	3	193162684	198169247	2704	-0.0004
cd952fe7-7558-43de-9adf-ea962e6f3a76	4	68929	3597723	1438	-0.0082
cd952fe7-7558-43de-9adf-ea962e6f3a76	4	3598142	3600457	2	-2.6371
cd952fe7-7558-43de-9adf-ea962e6f3a76	4	3607663	4117959	186	-0.052
cd952fe7-7558-43de-9adf-ea962e6f3a76	4	4121101	4163608	8	-1.0928
cd952fe7-7558-43de-9adf-ea962e6f3a76	4	4164791	10208766	4060	-0.0014
cd952fe7-7558-43de-9adf-ea962e6f3a76	4	10212536	10232642	31	-1.7025
cd952fe7-7558-43de-9adf-ea962e6f3a76	4	10232984	11301733	944	0.0016
cd952fe7-7558-43de-9adf-ea962e6f3a76	4	11303292	11329732	17	-0.9941
cd952fe7-7558-43de-9adf-ea962e6f3a76	4	11331621	12363386	825	0.0104
cd952fe7-7558-43de-9adf-ea962e6f3a76	4	12368261	12389386	47	-0.5117
cd952fe7-7558-43de-9adf-ea962e6f3a76	4	12390274	34777432	15120	0.0091
cd952fe7-7558-43de-9adf-ea962e6f3a76	4	34784878	34823103	38	-2.2833
cd952fe7-7558-43de-9adf-ea962e6f3a76	4	34828250	48167649	8423	0.011
cd952fe7-7558-43de-9adf-ea962e6f3a76	4	48167851	48990774	487	0.0991
cd952fe7-7558-43de-9adf-ea962e6f3a76	4	48991360	68506285	10526	0.0038
cd952fe7-7558-43de-9adf-ea962e6f3a76	4	68509223	68569894	30	-0.4812
cd952fe7-7558-43de-9adf-ea962e6f3a76	4	68570184	68570854	4	-1.9962
cd952fe7-7558-43de-9adf-ea962e6f3a76	4	68570901	72554495	2260	0.018
cd952fe7-7558-43de-9adf-ea962e6f3a76	4	72555121	72559595	10	-1.1129
cd952fe7-7558-43de-9adf-ea962e6f3a76	4	72560986	114252544	25422	0.0035
cd952fe7-7558-43de-9adf-ea962e6f3a76	4	114254167	114263073	24	0.6078
cd952fe7-7558-43de-9adf-ea962e6f3a76	4	114263096	160859617	27856	0.0009
cd952fe7-7558-43de-9adf-ea962e6f3a76	4	160862028	160862378	5	-1.8868
cd952fe7-7558-43de-9adf-ea962e6f3a76	4	160864951	171448195	6760	0.0111
cd952fe7-7558-43de-9adf-ea962e6f3a76	4	171453733	171456559	10	1.1353
cd952fe7-7558-43de-9adf-ea962e6f3a76	4	171456573	172066777	398	0.028
cd952fe7-7558-43de-9adf-ea962e6f3a76	4	172067997	172068382	12	-1.1845
cd952fe7-7558-43de-9adf-ea962e6f3a76	4	172074828	180209402	5110	0.0189
cd952fe7-7558-43de-9adf-ea962e6f3a76	4	180215918	180225002	10	-0.6701
cd952fe7-7558-43de-9adf-ea962e6f3a76	4	180225071	188300104	5800	0.0128
cd952fe7-7558-43de-9adf-ea962e6f3a76	4	188300206	188300285	4	1.3301
cd952fe7-7558-43de-9adf-ea962e6f3a76	4	188301659	190106768	1141	0.0395
cd952fe7-7558-43de-9adf-ea962e6f3a76	5	15532	685633	306	-0.0031
cd952fe7-7558-43de-9adf-ea962e6f3a76	5	698256	773075	25	0.6795
cd952fe7-7558-43de-9adf-ea962e6f3a76	5	773432	15719241	11837	0.0084
cd952fe7-7558-43de-9adf-ea962e6f3a76	5	15719966	15720488	9	-0.8416
cd952fe7-7558-43de-9adf-ea962e6f3a76	5	15723237	99141104	47289	0.0066
cd952fe7-7558-43de-9adf-ea962e6f3a76	5	99143476	100200791	612	0.1054
cd952fe7-7558-43de-9adf-ea962e6f3a76	5	100202522	104515520	2487	0.0142
cd952fe7-7558-43de-9adf-ea962e6f3a76	5	104524672	104524903	4	-1.6116
cd952fe7-7558-43de-9adf-ea962e6f3a76	5	104525348	150822643	29745	0.005
cd952fe7-7558-43de-9adf-ea962e6f3a76	5	150825938	150839042	8	-0.7463
cd952fe7-7558-43de-9adf-ea962e6f3a76	5	150843825	175978747	17712	-0.005
cd952fe7-7558-43de-9adf-ea962e6f3a76	5	175989121	176234121	74	0.4647
cd952fe7-7558-43de-9adf-ea962e6f3a76	5	176241574	181363319	2644	-0.0096
cd952fe7-7558-43de-9adf-ea962e6f3a76	6	149661	254283	101	-0.0052
cd952fe7-7558-43de-9adf-ea962e6f3a76	6	257353	294443	20	0.6261
cd952fe7-7558-43de-9adf-ea962e6f3a76	6	294474	24946443	18909	0.0067
cd952fe7-7558-43de-9adf-ea962e6f3a76	6	24947544	24947577	2	1.9189
cd952fe7-7558-43de-9adf-ea962e6f3a76	6	24950971	29869411	2604	0.0066
cd952fe7-7558-43de-9adf-ea962e6f3a76	6	29869537	29881490	14	-0.4843
cd952fe7-7558-43de-9adf-ea962e6f3a76	6	29882419	30317628	207	0.0219
cd952fe7-7558-43de-9adf-ea962e6f3a76	6	30318178	30338530	5	-0.8835
cd952fe7-7558-43de-9adf-ea962e6f3a76	6	30341328	31318528	452	-0.0212
cd952fe7-7558-43de-9adf-ea962e6f3a76	6	31318754	31328210	7	-1.2138
cd952fe7-7558-43de-9adf-ea962e6f3a76	6	31328515	32463515	499	-0.05
cd952fe7-7558-43de-9adf-ea962e6f3a76	6	32463775	32605994	35	0.9586
cd952fe7-7558-43de-9adf-ea962e6f3a76	6	32606237	32722250	75	0.1925
cd952fe7-7558-43de-9adf-ea962e6f3a76	6	32723020	32723053	3	1.6115
cd952fe7-7558-43de-9adf-ea962e6f3a76	6	32732907	33970222	753	-0.0108
cd952fe7-7558-43de-9adf-ea962e6f3a76	6	33970966	33974928	7	-0.9105
cd952fe7-7558-43de-9adf-ea962e6f3a76	6	33976809	52759800	11899	0
cd952fe7-7558-43de-9adf-ea962e6f3a76	6	52760252	52760977	2	-1.6654
cd952fe7-7558-43de-9adf-ea962e6f3a76	6	52761471	54066286	977	-0.0105
cd952fe7-7558-43de-9adf-ea962e6f3a76	6	54066353	54067057	7	1.3573
cd952fe7-7558-43de-9adf-ea962e6f3a76	6	54070550	66298369	5327	0.007
cd952fe7-7558-43de-9adf-ea962e6f3a76	6	66298393	66331020	36	0.1919
cd952fe7-7558-43de-9adf-ea962e6f3a76	6	66331558	66333342	7	0.721
cd952fe7-7558-43de-9adf-ea962e6f3a76	6	66333465	66365496	40	0.1513
cd952fe7-7558-43de-9adf-ea962e6f3a76	6	66368948	73882509	4966	0.0086
cd952fe7-7558-43de-9adf-ea962e6f3a76	6	73882741	73891694	9	-2.8201
cd952fe7-7558-43de-9adf-ea962e6f3a76	6	73893839	78169795	2698	0.0071
cd952fe7-7558-43de-9adf-ea962e6f3a76	6	78171734	78188798	7	-1.7279
cd952fe7-7558-43de-9adf-ea962e6f3a76	6	78190303	92866148	9392	0.01
cd952fe7-7558-43de-9adf-ea962e6f3a76	6	92866163	92868912	30	-0.7364
cd952fe7-7558-43de-9adf-ea962e6f3a76	6	92873205	93873712	702	0.0096
cd952fe7-7558-43de-9adf-ea962e6f3a76	6	93875023	94857268	659	0.1067
cd952fe7-7558-43de-9adf-ea962e6f3a76	6	94857362	103286928	4837	0.0039
cd952fe7-7558-43de-9adf-ea962e6f3a76	6	103286941	103314186	49	0.6699
cd952fe7-7558-43de-9adf-ea962e6f3a76	6	103317795	140450074	23385	0.006
cd952fe7-7558-43de-9adf-ea962e6f3a76	6	140458401	140897923	212	0.146
cd952fe7-7558-43de-9adf-ea962e6f3a76	6	140898194	170741917	20525	0.0037
cd952fe7-7558-43de-9adf-ea962e6f3a76	7	43355	6799093	3419	-0.0083
cd952fe7-7558-43de-9adf-ea962e6f3a76	7	6814479	6902541	32	-0.3784
cd952fe7-7558-43de-9adf-ea962e6f3a76	7	6902838	7951806	923	-0.0081
cd952fe7-7558-43de-9adf-ea962e6f3a76	7	7953292	8317179	289	0.0316
cd952fe7-7558-43de-9adf-ea962e6f3a76	7	8322974	8323128	2	-1.5715
cd952fe7-7558-43de-9adf-ea962e6f3a76	7	8324586	10343707	1668	0.066
cd952fe7-7558-43de-9adf-ea962e6f3a76	7	10343888	17011019	5352	0.012
cd952fe7-7558-43de-9adf-ea962e6f3a76	7	17011385	20381867	2810	0.052
cd952fe7-7558-43de-9adf-ea962e6f3a76	7	20383120	22395161	1552	-0.0019
cd952fe7-7558-43de-9adf-ea962e6f3a76	7	22395853	22396868	2	-2.5442
cd952fe7-7558-43de-9adf-ea962e6f3a76	7	22399135	48350065	18005	0.004
cd952fe7-7558-43de-9adf-ea962e6f3a76	7	48353174	48361706	5	-1.1563
cd952fe7-7558-43de-9adf-ea962e6f3a76	7	48367496	49199539	595	0.0077
cd952fe7-7558-43de-9adf-ea962e6f3a76	7	49200430	49206944	5	0.6585
cd952fe7-7558-43de-9adf-ea962e6f3a76	7	49207239	49602783	285	0.006
cd952fe7-7558-43de-9adf-ea962e6f3a76	7	49605372	49610018	3	-1.3008
cd952fe7-7558-43de-9adf-ea962e6f3a76	7	49611833	53383781	2842	-0.0021
cd952fe7-7558-43de-9adf-ea962e6f3a76	7	53387910	53398482	8	-0.8404
cd952fe7-7558-43de-9adf-ea962e6f3a76	7	53401260	88580453	16547	0.0012
cd952fe7-7558-43de-9adf-ea962e6f3a76	7	88580899	89949905	899	0.0903
cd952fe7-7558-43de-9adf-ea962e6f3a76	7	89953106	91578827	1162	0.0076
cd952fe7-7558-43de-9adf-ea962e6f3a76	7	91589569	91589817	3	-1.3616
cd952fe7-7558-43de-9adf-ea962e6f3a76	7	91595717	109801155	10473	0.0041
cd952fe7-7558-43de-9adf-ea962e6f3a76	7	109801187	109813853	11	0.601
cd952fe7-7558-43de-9adf-ea962e6f3a76	7	109813925	125823663	9615	0.0132
cd952fe7-7558-43de-9adf-ea962e6f3a76	7	125832645	125834684	2	-1.5993
cd952fe7-7558-43de-9adf-ea962e6f3a76	7	125835548	142063324	10327	0.0041
cd952fe7-7558-43de-9adf-ea962e6f3a76	7	142069843	142090383	31	-0.6132
cd952fe7-7558-43de-9adf-ea962e6f3a76	7	142090403	159334314	10854	0.0049
cd952fe7-7558-43de-9adf-ea962e6f3a76	8	81254	162796	2	-0.631
cd952fe7-7558-43de-9adf-ea962e6f3a76	8	163380	6968220	7613	0.0354
cd952fe7-7558-43de-9adf-ea962e6f3a76	8	6968330	6969677	13	-0.4415
cd952fe7-7558-43de-9adf-ea962e6f3a76	8	6975846	7141698	81	-0.0906
cd952fe7-7558-43de-9adf-ea962e6f3a76	8	7152073	7336299	15	-0.4349
cd952fe7-7558-43de-9adf-ea962e6f3a76	8	7357089	7397588	21	-1.0436
cd952fe7-7558-43de-9adf-ea962e6f3a76	8	7414835	12176798	3268	0.0088
cd952fe7-7558-43de-9adf-ea962e6f3a76	8	12177488	12389977	30	0.5151
cd952fe7-7558-43de-9adf-ea962e6f3a76	8	12418301	14652059	1965	0.0239
cd952fe7-7558-43de-9adf-ea962e6f3a76	8	14652523	14652565	3	-1.5702
cd952fe7-7558-43de-9adf-ea962e6f3a76	8	14652887	25016463	8371	0.0158
cd952fe7-7558-43de-9adf-ea962e6f3a76	8	25018435	25019815	5	-0.8995
cd952fe7-7558-43de-9adf-ea962e6f3a76	8	25026609	25117007	70	0.0058
cd952fe7-7558-43de-9adf-ea962e6f3a76	8	25117062	25126735	23	0.8256
cd952fe7-7558-43de-9adf-ea962e6f3a76	8	25133589	37451254	8066	0.0046
cd952fe7-7558-43de-9adf-ea962e6f3a76	8	37451731	37452009	3	-1.4924
cd952fe7-7558-43de-9adf-ea962e6f3a76	8	37455143	39373140	937	0.0073
cd952fe7-7558-43de-9adf-ea962e6f3a76	8	39378084	39505427	49	0.7141
cd952fe7-7558-43de-9adf-ea962e6f3a76	8	39511389	59679054	10906	0.0022
cd952fe7-7558-43de-9adf-ea962e6f3a76	8	59683321	59685958	2	-1.5152
cd952fe7-7558-43de-9adf-ea962e6f3a76	8	59686556	67631798	4613	0.0032
cd952fe7-7558-43de-9adf-ea962e6f3a76	8	67635224	67637971	30	-0.6781
cd952fe7-7558-43de-9adf-ea962e6f3a76	8	67644593	74396083	4526	0.011
cd952fe7-7558-43de-9adf-ea962e6f3a76	8	74406948	74416300	6	-0.9052
cd952fe7-7558-43de-9adf-ea962e6f3a76	8	74419850	75270553	509	0.0174
cd952fe7-7558-43de-9adf-ea962e6f3a76	8	75284738	75321996	27	-1.0041
cd952fe7-7558-43de-9adf-ea962e6f3a76	8	75337273	106840278	18708	0.0067
cd952fe7-7558-43de-9adf-ea962e6f3a76	8	106846291	106848098	13	-0.611
cd952fe7-7558-43de-9adf-ea962e6f3a76	8	106850042	111279265	2633	-0.0004
cd952fe7-7558-43de-9adf-ea962e6f3a76	8	111282050	111288052	10	1.0143
cd952fe7-7558-43de-9adf-ea962e6f3a76	8	111289023	114239516	1607	-0.0002
cd952fe7-7558-43de-9adf-ea962e6f3a76	8	114241288	114946621	452	0.0819
cd952fe7-7558-43de-9adf-ea962e6f3a76	8	114952125	145072769	20829	-0.0019
cd952fe7-7558-43de-9adf-ea962e6f3a76	9	46587	4398662	4535	0.006
cd952fe7-7558-43de-9adf-ea962e6f3a76	9	4399491	4400120	3	-1.1654
cd952fe7-7558-43de-9adf-ea962e6f3a76	9	4400126	5384069	935	0.0202
cd952fe7-7558-43de-9adf-ea962e6f3a76	9	5385783	5398011	20	-0.8493
cd952fe7-7558-43de-9adf-ea962e6f3a76	9	5406118	9247923	3326	0.0161
cd952fe7-7558-43de-9adf-ea962e6f3a76	9	9249231	12624629	2913	0.0715
cd952fe7-7558-43de-9adf-ea962e6f3a76	9	12624943	17564269	4050	0.004
cd952fe7-7558-43de-9adf-ea962e6f3a76	9	17565357	17565928	2	-1.6445
cd952fe7-7558-43de-9adf-ea962e6f3a76	9	17568341	23361807	4604	0.0014
cd952fe7-7558-43de-9adf-ea962e6f3a76	9	23363117	23373486	8	1.055
cd952fe7-7558-43de-9adf-ea962e6f3a76	9	23378490	28567767	3934	0.024
cd952fe7-7558-43de-9adf-ea962e6f3a76	9	28568015	28968584	320	0.1314
cd952fe7-7558-43de-9adf-ea962e6f3a76	9	28968833	29811166	572	-0.0168
cd952fe7-7558-43de-9adf-ea962e6f3a76	9	29813043	30679706	595	0.0916
cd952fe7-7558-43de-9adf-ea962e6f3a76	9	30682187	39464004	5291	0.0046
cd952fe7-7558-43de-9adf-ea962e6f3a76	9	39464177	39487690	14	0.4351
cd952fe7-7558-43de-9adf-ea962e6f3a76	9	39547279	42179276	131	-0.3051
cd952fe7-7558-43de-9adf-ea962e6f3a76	9	42202227	64462508	192	0.009
cd952fe7-7558-43de-9adf-ea962e6f3a76	9	64467459	64881149	33	-0.6726
cd952fe7-7558-43de-9adf-ea962e6f3a76	9	64890167	102741465	24071	0.0028
cd952fe7-7558-43de-9adf-ea962e6f3a76	9	102741562	103084200	259	0.1377
cd952fe7-7558-43de-9adf-ea962e6f3a76	9	103086527	133307013	21287	0.0013
cd952fe7-7558-43de-9adf-ea962e6f3a76	9	133307114	133307252	5	1.0522
cd952fe7-7558-43de-9adf-ea962e6f3a76	9	133316268	138200944	2283	0.0025
cd952fe7-7558-43de-9adf-ea962e6f3a76	10	45792	17659538	14757	0.0062
cd952fe7-7558-43de-9adf-ea962e6f3a76	10	17664121	17664149	2	-2.364
cd952fe7-7558-43de-9adf-ea962e6f3a76	10	17665872	24088745	4409	0.0091
cd952fe7-7558-43de-9adf-ea962e6f3a76	10	24088746	24089125	10	0.9378
cd952fe7-7558-43de-9adf-ea962e6f3a76	10	24089979	25849046	1232	0.0104
cd952fe7-7558-43de-9adf-ea962e6f3a76	10	25851137	25852482	4	-0.9478
cd952fe7-7558-43de-9adf-ea962e6f3a76	10	25856879	46792344	11278	0.0043
cd952fe7-7558-43de-9adf-ea962e6f3a76	10	46804606	46967412	6	-1.1909
cd952fe7-7558-43de-9adf-ea962e6f3a76	10	47002596	47702312	292	0.0392
cd952fe7-7558-43de-9adf-ea962e6f3a76	10	47711321	48079560	6	-0.9634
cd952fe7-7558-43de-9adf-ea962e6f3a76	10	48084420	50132160	1382	0.0042
cd952fe7-7558-43de-9adf-ea962e6f3a76	10	50144008	50210870	4	0.8641
cd952fe7-7558-43de-9adf-ea962e6f3a76	10	50222104	53425990	2504	0.0252
cd952fe7-7558-43de-9adf-ea962e6f3a76	10	53430198	53448314	16	-0.5255
cd952fe7-7558-43de-9adf-ea962e6f3a76	10	53449519	56753095	2321	0.033
cd952fe7-7558-43de-9adf-ea962e6f3a76	10	56756615	56773229	44	-0.57
cd952fe7-7558-43de-9adf-ea962e6f3a76	10	56776292	65546400	6103	0.0013
cd952fe7-7558-43de-9adf-ea962e6f3a76	10	65546518	65575682	42	0.3678
cd952fe7-7558-43de-9adf-ea962e6f3a76	10	65576624	66192893	506	0.0102
cd952fe7-7558-43de-9adf-ea962e6f3a76	10	66195607	66196591	2	-1.6277
cd952fe7-7558-43de-9adf-ea962e6f3a76	10	66197161	79595316	8706	-0.0004
cd952fe7-7558-43de-9adf-ea962e6f3a76	10	79624118	79684125	9	-0.6521
cd952fe7-7558-43de-9adf-ea962e6f3a76	10	79689251	93471499	9282	0.0005
cd952fe7-7558-43de-9adf-ea962e6f3a76	10	93473156	93473618	2	-1.4599
cd952fe7-7558-43de-9adf-ea962e6f3a76	10	93473636	122564250	19760	0.0036
cd952fe7-7558-43de-9adf-ea962e6f3a76	10	122574497	122598210	9	-0.855
cd952fe7-7558-43de-9adf-ea962e6f3a76	10	122623497	133654968	7891	-0.0098
cd952fe7-7558-43de-9adf-ea962e6f3a76	11	198510	3626044	1351	0.0027
cd952fe7-7558-43de-9adf-ea962e6f3a76	11	3626064	3627224	4	-1.5385
cd952fe7-7558-43de-9adf-ea962e6f3a76	11	3627315	4949013	1063	0.0183
cd952fe7-7558-43de-9adf-ea962e6f3a76	11	4949047	4954475	26	-1.4336
cd952fe7-7558-43de-9adf-ea962e6f3a76	11	4955027	5761882	780	0.0293
cd952fe7-7558-43de-9adf-ea962e6f3a76	11	5762165	5788231	38	0.3999
cd952fe7-7558-43de-9adf-ea962e6f3a76	11	5791130	24157670	13643	0.0029
cd952fe7-7558-43de-9adf-ea962e6f3a76	11	24160566	25545197	1009	0.0544
cd952fe7-7558-43de-9adf-ea962e6f3a76	11	25545512	25552602	9	0.6232
cd952fe7-7558-43de-9adf-ea962e6f3a76	11	25557651	25697344	123	0.0823
cd952fe7-7558-43de-9adf-ea962e6f3a76	11	25697355	36942243	7945	0.0071
cd952fe7-7558-43de-9adf-ea962e6f3a76	11	36942293	37378825	336	0.118
cd952fe7-7558-43de-9adf-ea962e6f3a76	11	37378953	37380066	2	-1.0658
cd952fe7-7558-43de-9adf-ea962e6f3a76	11	37383730	37845988	273	0.1034
cd952fe7-7558-43de-9adf-ea962e6f3a76	11	37848835	55439351	7735	0.0103
cd952fe7-7558-43de-9adf-ea962e6f3a76	11	55440337	56291818	581	0.1046
cd952fe7-7558-43de-9adf-ea962e6f3a76	11	56293060	89759710	19419	0.0027
cd952fe7-7558-43de-9adf-ea962e6f3a76	11	89765194	89796439	3	-2.4595
cd952fe7-7558-43de-9adf-ea962e6f3a76	11	89802300	105053135	11008	0.0141
cd952fe7-7558-43de-9adf-ea962e6f3a76	11	105053236	105060506	8	-0.8951
cd952fe7-7558-43de-9adf-ea962e6f3a76	11	105061029	107367945	1468	0.0091
cd952fe7-7558-43de-9adf-ea962e6f3a76	11	107368040	107368402	5	-1.6595
cd952fe7-7558-43de-9adf-ea962e6f3a76	11	107381636	128464871	14795	0.0027
cd952fe7-7558-43de-9adf-ea962e6f3a76	11	128464902	128465155	6	-0.813
cd952fe7-7558-43de-9adf-ea962e6f3a76	11	128467731	135074876	5113	0.0027
cd952fe7-7558-43de-9adf-ea962e6f3a76	12	51460	8404097	5594	-0.0023
cd952fe7-7558-43de-9adf-ea962e6f3a76	12	8405892	8423870	15	1.7353
cd952fe7-7558-43de-9adf-ea962e6f3a76	12	8428232	9477960	561	-0.0031
cd952fe7-7558-43de-9adf-ea962e6f3a76	12	9481274	9575696	24	1.1562
cd952fe7-7558-43de-9adf-ea962e6f3a76	12	9582373	10430768	632	0.0335
cd952fe7-7558-43de-9adf-ea962e6f3a76	12	10434196	10443207	4	-1.2483
cd952fe7-7558-43de-9adf-ea962e6f3a76	12	10446203	11068125	401	0.0094
cd952fe7-7558-43de-9adf-ea962e6f3a76	12	11070111	11088933	9	-1.2017
cd952fe7-7558-43de-9adf-ea962e6f3a76	12	11099275	99398036	54773	0.0092
cd952fe7-7558-43de-9adf-ea962e6f3a76	12	99401515	99404956	31	-0.568
cd952fe7-7558-43de-9adf-ea962e6f3a76	12	99409315	133201603	22688	0.0033
cd952fe7-7558-43de-9adf-ea962e6f3a76	13	18452809	18744498	70	-0.0603
cd952fe7-7558-43de-9adf-ea962e6f3a76	13	18794552	18795170	5	1.0239
cd952fe7-7558-43de-9adf-ea962e6f3a76	13	18795296	57176962	25920	0.012
cd952fe7-7558-43de-9adf-ea962e6f3a76	13	57184136	57204246	34	-0.5558
cd952fe7-7558-43de-9adf-ea962e6f3a76	13	57215580	57290815	49	0.1254
cd952fe7-7558-43de-9adf-ea962e6f3a76	13	57295053	57312101	15	-0.7137
cd952fe7-7558-43de-9adf-ea962e6f3a76	13	57314461	63495703	3640	0.0141
cd952fe7-7558-43de-9adf-ea962e6f3a76	13	63495878	64360470	504	0.1252
cd952fe7-7558-43de-9adf-ea962e6f3a76	13	64363350	114342922	33822	0.0075
cd952fe7-7558-43de-9adf-ea962e6f3a76	14	18239283	18605867	12	0.0987
cd952fe7-7558-43de-9adf-ea962e6f3a76	14	18625765	19019303	18	-0.6214
cd952fe7-7558-43de-9adf-ea962e6f3a76	14	19049265	19945699	129	0.1718
cd952fe7-7558-43de-9adf-ea962e6f3a76	14	19949382	29254523	6032	0.0131
cd952fe7-7558-43de-9adf-ea962e6f3a76	14	29258648	29259148	2	-1.5044
cd952fe7-7558-43de-9adf-ea962e6f3a76	14	29262456	42483682	8403	0.0052
cd952fe7-7558-43de-9adf-ea962e6f3a76	14	42489042	46114560	2025	0.0561
cd952fe7-7558-43de-9adf-ea962e6f3a76	14	46117262	69546575	14942	0.002
cd952fe7-7558-43de-9adf-ea962e6f3a76	14	69547035	69555750	13	-0.6553
cd952fe7-7558-43de-9adf-ea962e6f3a76	14	69555996	106321086	23489	0.0031
cd952fe7-7558-43de-9adf-ea962e6f3a76	14	106340102	106346129	7	-1.5001
cd952fe7-7558-43de-9adf-ea962e6f3a76	14	106360014	106877229	274	0.0816
cd952fe7-7558-43de-9adf-ea962e6f3a76	15	19811075	20056983	50	-0.0901
cd952fe7-7558-43de-9adf-ea962e6f3a76	15	20059033	22413894	158	0.3015
cd952fe7-7558-43de-9adf-ea962e6f3a76	15	22455811	24424598	989	0.0017
cd952fe7-7558-43de-9adf-ea962e6f3a76	15	24429604	24473026	33	-1.6993
cd952fe7-7558-43de-9adf-ea962e6f3a76	15	24473449	34438964	6202	0.0131
cd952fe7-7558-43de-9adf-ea962e6f3a76	15	34439054	34508087	50	0.2574
cd952fe7-7558-43de-9adf-ea962e6f3a76	15	34508394	44832466	6179	0.0071
cd952fe7-7558-43de-9adf-ea962e6f3a76	15	44839589	44853566	13	-0.9991
cd952fe7-7558-43de-9adf-ea962e6f3a76	15	44854396	48354318	2207	0.0102
cd952fe7-7558-43de-9adf-ea962e6f3a76	15	48354375	48355229	4	-2.1478
cd952fe7-7558-43de-9adf-ea962e6f3a76	15	48358721	56497331	5223	0.0108
cd952fe7-7558-43de-9adf-ea962e6f3a76	15	56497449	56508779	26	-0.5945
cd952fe7-7558-43de-9adf-ea962e6f3a76	15	56509425	65521764	6204	0.0028
cd952fe7-7558-43de-9adf-ea962e6f3a76	15	65524604	65526049	3	-2.1496
cd952fe7-7558-43de-9adf-ea962e6f3a76	15	65530196	76599170	6535	0.0043
cd952fe7-7558-43de-9adf-ea962e6f3a76	15	76599286	76603432	18	0.6962
cd952fe7-7558-43de-9adf-ea962e6f3a76	15	76603433	101928837	17596	0.0045
cd952fe7-7558-43de-9adf-ea962e6f3a76	16	10777	5459503	2485	-0.0071
cd952fe7-7558-43de-9adf-ea962e6f3a76	16	5459962	5477410	22	0.4963
cd952fe7-7558-43de-9adf-ea962e6f3a76	16	5478533	5654055	229	0.0073
cd952fe7-7558-43de-9adf-ea962e6f3a76	16	5654597	5655279	3	-1.0598
cd952fe7-7558-43de-9adf-ea962e6f3a76	16	5655311	6395053	870	-0.0124
cd952fe7-7558-43de-9adf-ea962e6f3a76	16	6398437	7972873	2000	0.0433
cd952fe7-7558-43de-9adf-ea962e6f3a76	16	7973243	16202055	6132	-0.0045
cd952fe7-7558-43de-9adf-ea962e6f3a76	16	16236633	16419422	7	-0.8275
cd952fe7-7558-43de-9adf-ea962e6f3a76	16	16419781	20503913	2145	-0.0026
cd952fe7-7558-43de-9adf-ea962e6f3a76	16	20503972	20522124	19	-0.8851
cd952fe7-7558-43de-9adf-ea962e6f3a76	16	20522198	29114764	5067	0.0033
cd952fe7-7558-43de-9adf-ea962e6f3a76	16	29121560	29122762	12	-0.5218
cd952fe7-7558-43de-9adf-ea962e6f3a76	16	29122775	55762598	7932	0.003
cd952fe7-7558-43de-9adf-ea962e6f3a76	16	55762663	55775312	11	0.7706
cd952fe7-7558-43de-9adf-ea962e6f3a76	16	55775554	78337711	14271	0.0067
cd952fe7-7558-43de-9adf-ea962e6f3a76	16	78338543	78350841	16	-2.1492
cd952fe7-7558-43de-9adf-ea962e6f3a76	16	78350868	88076816	9773	0.0017
cd952fe7-7558-43de-9adf-ea962e6f3a76	16	88080057	88087823	10	-0.643
cd952fe7-7558-43de-9adf-ea962e6f3a76	16	88089992	90096867	830	-0.0074
cd952fe7-7558-43de-9adf-ea962e6f3a76	17	150733	203185	25	0.0374
cd952fe7-7558-43de-9adf-ea962e6f3a76	17	203415	233405	24	-0.3866
cd952fe7-7558-43de-9adf-ea962e6f3a76	17	233494	16750987	10417	0.0053
cd952fe7-7558-43de-9adf-ea962e6f3a76	17	16754017	16819487	10	-0.9279
cd952fe7-7558-43de-9adf-ea962e6f3a76	17	16834846	18414080	908	-0.0014
cd952fe7-7558-43de-9adf-ea962e6f3a76	17	18452078	18508083	15	1.084
cd952fe7-7558-43de-9adf-ea962e6f3a76	17	18508609	18561907	12	0.495
cd952fe7-7558-43de-9adf-ea962e6f3a76	17	18565883	41231308	9372	0.0084
cd952fe7-7558-43de-9adf-ea962e6f3a76	17	41233059	41237517	4	-0.951
cd952fe7-7558-43de-9adf-ea962e6f3a76	17	41239604	41265456	12	0.1294
cd952fe7-7558-43de-9adf-ea962e6f3a76	17	41266762	41274279	24	0.9387
cd952fe7-7558-43de-9adf-ea962e6f3a76	17	41276472	45577724	2151	-0.0072
cd952fe7-7558-43de-9adf-ea962e6f3a76	17	45579014	45582060	6	-0.9226
cd952fe7-7558-43de-9adf-ea962e6f3a76	17	45587327	46351954	463	-0.0444
cd952fe7-7558-43de-9adf-ea962e6f3a76	17	46446345	46446360	2	1.5994
cd952fe7-7558-43de-9adf-ea962e6f3a76	17	46569894	52870155	3573	0.0074
cd952fe7-7558-43de-9adf-ea962e6f3a76	17	52871351	53138641	166	0.1273
cd952fe7-7558-43de-9adf-ea962e6f3a76	17	53141360	53142101	2	1.3234
cd952fe7-7558-43de-9adf-ea962e6f3a76	17	53145331	56081683	2062	0.0047
cd952fe7-7558-43de-9adf-ea962e6f3a76	17	56083553	56093398	23	-0.7713
cd952fe7-7558-43de-9adf-ea962e6f3a76	17	56093460	83091923	15729	-0.0015
cd952fe7-7558-43de-9adf-ea962e6f3a76	18	48133	40680456	22762	0.0107
cd952fe7-7558-43de-9adf-ea962e6f3a76	18	40680470	40689534	20	0.6021
cd952fe7-7558-43de-9adf-ea962e6f3a76	18	40689848	63653064	15813	0.0067
cd952fe7-7558-43de-9adf-ea962e6f3a76	18	63655761	63656001	3	-1.1012
cd952fe7-7558-43de-9adf-ea962e6f3a76	18	63656542	66095064	1719	0.0337
cd952fe7-7558-43de-9adf-ea962e6f3a76	18	66099904	66100686	3	-1.9531
cd952fe7-7558-43de-9adf-ea962e6f3a76	18	66108359	68179088	1451	0.0485
cd952fe7-7558-43de-9adf-ea962e6f3a76	18	68182141	68186344	8	-1.1143
cd952fe7-7558-43de-9adf-ea962e6f3a76	18	68189088	68199916	11	-0.5383
cd952fe7-7558-43de-9adf-ea962e6f3a76	18	68200713	68216106	14	-1.0315
cd952fe7-7558-43de-9adf-ea962e6f3a76	18	68228789	71381922	2288	0.026
cd952fe7-7558-43de-9adf-ea962e6f3a76	18	71382253	73581848	1735	0.1037
cd952fe7-7558-43de-9adf-ea962e6f3a76	18	73583915	80257174	4860	0.0067
cd952fe7-7558-43de-9adf-ea962e6f3a76	19	90910	52815906	25551	0.0072
cd952fe7-7558-43de-9adf-ea962e6f3a76	19	52824137	52837346	26	0.3316
cd952fe7-7558-43de-9adf-ea962e6f3a76	19	52837384	52859452	22	0.6458
cd952fe7-7558-43de-9adf-ea962e6f3a76	19	52860885	54801157	1192	-0.0044
cd952fe7-7558-43de-9adf-ea962e6f3a76	19	54801545	54802362	2	-1.844
cd952fe7-7558-43de-9adf-ea962e6f3a76	19	54802832	58586487	2303	0.0095
cd952fe7-7558-43de-9adf-ea962e6f3a76	20	80664	1580353	1200	0.0126
cd952fe7-7558-43de-9adf-ea962e6f3a76	20	1580934	1613247	41	-0.8719
cd952fe7-7558-43de-9adf-ea962e6f3a76	20	1617300	5030165	2511	0.005
cd952fe7-7558-43de-9adf-ea962e6f3a76	20	5036280	5036285	2	-1.6361
cd952fe7-7558-43de-9adf-ea962e6f3a76	20	5040498	14786718	7382	0.0191
cd952fe7-7558-43de-9adf-ea962e6f3a76	20	14786734	15295448	459	0.0971
cd952fe7-7558-43de-9adf-ea962e6f3a76	20	15300687	39274046	12660	0.0034
cd952fe7-7558-43de-9adf-ea962e6f3a76	20	39274282	39276535	3	-1.3012
cd952fe7-7558-43de-9adf-ea962e6f3a76	20	39277031	54191351	10805	0.0139
cd952fe7-7558-43de-9adf-ea962e6f3a76	20	54191421	54191523	2	-1.3147
cd952fe7-7558-43de-9adf-ea962e6f3a76	20	54192240	54888062	572	0.0315
cd952fe7-7558-43de-9adf-ea962e6f3a76	20	54888352	54894390	4	-0.9145
cd952fe7-7558-43de-9adf-ea962e6f3a76	20	54895062	57053498	1755	0.0199
cd952fe7-7558-43de-9adf-ea962e6f3a76	20	57058289	57061329	2	-1.5783
cd952fe7-7558-43de-9adf-ea962e6f3a76	20	57061382	64324800	4943	-0.0003
cd952fe7-7558-43de-9adf-ea962e6f3a76	21	10354168	13028413	96	0.0199
cd952fe7-7558-43de-9adf-ea962e6f3a76	21	13028693	13189617	18	-0.5647
cd952fe7-7558-43de-9adf-ea962e6f3a76	21	13197963	21815282	5829	0.0283
cd952fe7-7558-43de-9adf-ea962e6f3a76	21	21815794	21833736	16	-0.7961
cd952fe7-7558-43de-9adf-ea962e6f3a76	21	21834070	22206844	292	0.0258
cd952fe7-7558-43de-9adf-ea962e6f3a76	21	22206936	23564694	1026	0.0745
cd952fe7-7558-43de-9adf-ea962e6f3a76	21	23564848	46677045	16563	0.0121
cd952fe7-7558-43de-9adf-ea962e6f3a76	22	15294547	18547989	1132	-0.0241
cd952fe7-7558-43de-9adf-ea962e6f3a76	22	18620743	18783014	5	1.0604
cd952fe7-7558-43de-9adf-ea962e6f3a76	22	18818348	25263162	4070	-0.0123
cd952fe7-7558-43de-9adf-ea962e6f3a76	22	25265409	25410862	148	0.3788
cd952fe7-7558-43de-9adf-ea962e6f3a76	22	25410879	25526375	140	0.5494
cd952fe7-7558-43de-9adf-ea962e6f3a76	22	25526380	50796027	17766	0.0015
cd952fe7-7558-43de-9adf-ea962e6f3a76	X	251810	32665795	20169	0.0104
cd952fe7-7558-43de-9adf-ea962e6f3a76	X	32666058	32681897	12	-1.4591
cd952fe7-7558-43de-9adf-ea962e6f3a76	X	32682170	144544539	56419	0.0014
cd952fe7-7558-43de-9adf-ea962e6f3a76	X	144549969	144551290	2	-3.092
cd952fe7-7558-43de-9adf-ea962e6f3a76	X	144553029	152337437	5266	0.0058
cd952fe7-7558-43de-9adf-ea962e6f3a76	X	152342526	152348153	3	-1.7816
cd952fe7-7558-43de-9adf-ea962e6f3a76	X	152348845	155952689	1529	-0.0079
cd952fe7-7558-43de-9adf-ea962e6f3a76	Y	2782397	9685653	2308	-0.9306
cd952fe7-7558-43de-9adf-ea962e6f3a76	Y	9759940	9811130	3	-2.731
cd952fe7-7558-43de-9adf-ea962e6f3a76	Y	9870332	56872112	4329	-0.9036
