GDC_Aliquot	Chromosome	Start	End	Num_Probes	Segment_Mean
5d07e7cd-558a-41ac-b066-b4f234522a96	1	62920	98602	13	-0.9411
5d07e7cd-558a-41ac-b066-b4f234522a96	1	259407	462894	6	1.0466
5d07e7cd-558a-41ac-b066-b4f234522a96	1	599171	2871142	529	0.1496
5d07e7cd-558a-41ac-b066-b4f234522a96	1	2872530	9529354	4272	-0.0776
5d07e7cd-558a-41ac-b066-b4f234522a96	1	9536422	9536806	2	1.072
5d07e7cd-558a-41ac-b066-b4f234522a96	1	9542315	12778601	1670	-0.0675
5d07e7cd-558a-41ac-b066-b4f234522a96	1	12779433	12868035	33	0.3404
5d07e7cd-558a-41ac-b066-b4f234522a96	1	12922922	15443212	1612	-0.0899
5d07e7cd-558a-41ac-b066-b4f234522a96	1	15450480	15823420	204	0.0113
5d07e7cd-558a-41ac-b066-b4f234522a96	1	15827002	15827430	6	-0.7426
5d07e7cd-558a-41ac-b066-b4f234522a96	1	15827706	16721984	344	-0.0412
5d07e7cd-558a-41ac-b066-b4f234522a96	1	16766762	16785682	11	-0.7718
5d07e7cd-558a-41ac-b066-b4f234522a96	1	16787932	16868660	6	-0.0291
5d07e7cd-558a-41ac-b066-b4f234522a96	1	16877002	16935752	52	0.2974
5d07e7cd-558a-41ac-b066-b4f234522a96	1	16949746	24284094	4640	-0.0825
5d07e7cd-558a-41ac-b066-b4f234522a96	1	24284451	28956884	2148	-0.0384
5d07e7cd-558a-41ac-b066-b4f234522a96	1	28957052	30662823	1222	-0.1148
5d07e7cd-558a-41ac-b066-b4f234522a96	1	30663301	31218730	303	-0.0273
5d07e7cd-558a-41ac-b066-b4f234522a96	1	31219188	56029448	14104	0.1419
5d07e7cd-558a-41ac-b066-b4f234522a96	1	56029695	56030972	3	-0.9054
5d07e7cd-558a-41ac-b066-b4f234522a96	1	56033778	59779744	2993	0.1399
5d07e7cd-558a-41ac-b066-b4f234522a96	1	59787459	72303233	8608	0.0351
5d07e7cd-558a-41ac-b066-b4f234522a96	1	72303253	72345465	45	-1.2329
5d07e7cd-558a-41ac-b066-b4f234522a96	1	72346221	75648636	1977	0.0198
5d07e7cd-558a-41ac-b066-b4f234522a96	1	75648979	75650578	3	-1.0335
5d07e7cd-558a-41ac-b066-b4f234522a96	1	75650920	87980017	8293	0.0338
5d07e7cd-558a-41ac-b066-b4f234522a96	1	87981643	103090503	9559	0.1231
5d07e7cd-558a-41ac-b066-b4f234522a96	1	103097546	105476583	1111	0.0329
5d07e7cd-558a-41ac-b066-b4f234522a96	1	105476614	105479753	16	0.5934
5d07e7cd-558a-41ac-b066-b4f234522a96	1	105481433	109684893	2635	0.0485
5d07e7cd-558a-41ac-b066-b4f234522a96	1	109690352	109692006	10	1.0525
5d07e7cd-558a-41ac-b066-b4f234522a96	1	109696900	112147704	1954	0.0412
5d07e7cd-558a-41ac-b066-b4f234522a96	1	112153343	112154768	25	0.4465
5d07e7cd-558a-41ac-b066-b4f234522a96	1	112163334	121170716	5079	0.0444
5d07e7cd-558a-41ac-b066-b4f234522a96	1	121201569	121561051	70	0.2915
5d07e7cd-558a-41ac-b066-b4f234522a96	1	121562160	143748012	111	0.0936
5d07e7cd-558a-41ac-b066-b4f234522a96	1	143748074	143796140	22	0.6611
5d07e7cd-558a-41ac-b066-b4f234522a96	1	143811517	151661435	1763	-0.0033
5d07e7cd-558a-41ac-b066-b4f234522a96	1	151661878	152583051	559	-0.0425
5d07e7cd-558a-41ac-b066-b4f234522a96	1	152583230	152613762	31	-1.5825
5d07e7cd-558a-41ac-b066-b4f234522a96	1	152613802	152787202	171	-0.046
5d07e7cd-558a-41ac-b066-b4f234522a96	1	152789447	152796224	37	-1.7323
5d07e7cd-558a-41ac-b066-b4f234522a96	1	152801429	160001606	4345	-0.0427
5d07e7cd-558a-41ac-b066-b4f234522a96	1	160001994	196745743	25109	-0.1707
5d07e7cd-558a-41ac-b066-b4f234522a96	1	196758720	196843377	59	0.2444
5d07e7cd-558a-41ac-b066-b4f234522a96	1	196843400	196846661	2	4.2357
5d07e7cd-558a-41ac-b066-b4f234522a96	1	196847600	223324015	18005	-0.172
5d07e7cd-558a-41ac-b066-b4f234522a96	1	223324803	223326430	3	-1.2816
5d07e7cd-558a-41ac-b066-b4f234522a96	1	223328916	225827415	1566	-0.1693
5d07e7cd-558a-41ac-b066-b4f234522a96	1	225827598	225877045	26	0.1487
5d07e7cd-558a-41ac-b066-b4f234522a96	1	225877146	240228440	10331	-0.1723
5d07e7cd-558a-41ac-b066-b4f234522a96	1	240230715	240230824	5	-1.9253
5d07e7cd-558a-41ac-b066-b4f234522a96	1	240230839	248457862	5661	-0.1717
5d07e7cd-558a-41ac-b066-b4f234522a96	1	248458096	248930189	197	-0.0988
5d07e7cd-558a-41ac-b066-b4f234522a96	2	12784	737505	518	0.0638
5d07e7cd-558a-41ac-b066-b4f234522a96	2	742100	747161	3	-1.3776
5d07e7cd-558a-41ac-b066-b4f234522a96	2	751300	1265465	311	0.0395
5d07e7cd-558a-41ac-b066-b4f234522a96	2	1274346	1886401	388	0.111
5d07e7cd-558a-41ac-b066-b4f234522a96	2	1886654	3142265	959	-0.0024
5d07e7cd-558a-41ac-b066-b4f234522a96	2	3143365	3295022	155	0.1577
5d07e7cd-558a-41ac-b066-b4f234522a96	2	3300017	34466002	21754	0.0221
5d07e7cd-558a-41ac-b066-b4f234522a96	2	34474248	34502800	44	-0.2625
5d07e7cd-558a-41ac-b066-b4f234522a96	2	34511446	37408016	2183	0.0196
5d07e7cd-558a-41ac-b066-b4f234522a96	2	37408618	37898780	406	0.1042
5d07e7cd-558a-41ac-b066-b4f234522a96	2	37905085	52516787	10407	0.0217
5d07e7cd-558a-41ac-b066-b4f234522a96	2	52527330	52554404	40	0.4296
5d07e7cd-558a-41ac-b066-b4f234522a96	2	52560811	65597764	8324	0.0238
5d07e7cd-558a-41ac-b066-b4f234522a96	2	65599864	65621225	16	-0.5258
5d07e7cd-558a-41ac-b066-b4f234522a96	2	65621350	86896628	13626	0.0226
5d07e7cd-558a-41ac-b066-b4f234522a96	2	86897011	87103855	21	0.3624
5d07e7cd-558a-41ac-b066-b4f234522a96	2	87110846	106263639	7424	0.0249
5d07e7cd-558a-41ac-b066-b4f234522a96	2	106264257	106270799	12	0.5356
5d07e7cd-558a-41ac-b066-b4f234522a96	2	106270952	128880504	13386	0.0168
5d07e7cd-558a-41ac-b066-b4f234522a96	2	128880904	128882741	15	-0.6811
5d07e7cd-558a-41ac-b066-b4f234522a96	2	128882755	130037806	877	0.0255
5d07e7cd-558a-41ac-b066-b4f234522a96	2	130059766	130116915	11	0.468
5d07e7cd-558a-41ac-b066-b4f234522a96	2	130117303	132002751	632	0.0376
5d07e7cd-558a-41ac-b066-b4f234522a96	2	132007187	132116416	24	-0.2373
5d07e7cd-558a-41ac-b066-b4f234522a96	2	132119092	132406049	62	0.0667
5d07e7cd-558a-41ac-b066-b4f234522a96	2	132406109	132406674	2	1.2513
5d07e7cd-558a-41ac-b066-b4f234522a96	2	132407987	146104517	8807	0.0188
5d07e7cd-558a-41ac-b066-b4f234522a96	2	146106836	146109366	24	-1.7794
5d07e7cd-558a-41ac-b066-b4f234522a96	2	146120238	152930971	4197	0.0126
5d07e7cd-558a-41ac-b066-b4f234522a96	2	152939554	152944055	4	-0.8888
5d07e7cd-558a-41ac-b066-b4f234522a96	2	152944260	202100263	29430	0.0254
5d07e7cd-558a-41ac-b066-b4f234522a96	2	202100574	210781458	5327	-0.0652
5d07e7cd-558a-41ac-b066-b4f234522a96	2	210782282	210783228	2	-1.2468
5d07e7cd-558a-41ac-b066-b4f234522a96	2	210783973	213853100	2051	-0.0726
5d07e7cd-558a-41ac-b066-b4f234522a96	2	213853612	238842563	16272	0.0229
5d07e7cd-558a-41ac-b066-b4f234522a96	2	238910991	239120700	127	0.1516
5d07e7cd-558a-41ac-b066-b4f234522a96	2	239123352	241531780	1453	0.0063
5d07e7cd-558a-41ac-b066-b4f234522a96	2	241531829	242147305	193	0.1515
5d07e7cd-558a-41ac-b066-b4f234522a96	3	20930	2571799	2199	-0.2396
5d07e7cd-558a-41ac-b066-b4f234522a96	3	2571929	16197556	10692	-0.2014
5d07e7cd-558a-41ac-b066-b4f234522a96	3	16199049	16199672	6	-1.1623
5d07e7cd-558a-41ac-b066-b4f234522a96	3	16199818	29395914	9023	-0.2098
5d07e7cd-558a-41ac-b066-b4f234522a96	3	29396150	29396889	2	-1.8698
5d07e7cd-558a-41ac-b066-b4f234522a96	3	29396917	30561004	882	-0.1947
5d07e7cd-558a-41ac-b066-b4f234522a96	3	30561138	60368893	18245	-0.3032
5d07e7cd-558a-41ac-b066-b4f234522a96	3	60373508	68682877	6719	-0.2154
5d07e7cd-558a-41ac-b066-b4f234522a96	3	68697013	68699901	19	0.1938
5d07e7cd-558a-41ac-b066-b4f234522a96	3	68699914	75519398	4923	-0.2047
5d07e7cd-558a-41ac-b066-b4f234522a96	3	75523398	75537654	6	-1.982
5d07e7cd-558a-41ac-b066-b4f234522a96	3	75546030	90293527	8107	-0.2142
5d07e7cd-558a-41ac-b066-b4f234522a96	3	90294151	117074338	13851	0.0149
5d07e7cd-558a-41ac-b066-b4f234522a96	3	117076770	117258899	154	0.1614
5d07e7cd-558a-41ac-b066-b4f234522a96	3	117259329	125717394	5126	0.0146
5d07e7cd-558a-41ac-b066-b4f234522a96	3	125724765	125747704	12	0.6029
5d07e7cd-558a-41ac-b066-b4f234522a96	3	125750578	130044016	2455	0.0012
5d07e7cd-558a-41ac-b066-b4f234522a96	3	130044855	130087393	38	0.7094
5d07e7cd-558a-41ac-b066-b4f234522a96	3	130088081	136300257	4028	-0.002
5d07e7cd-558a-41ac-b066-b4f234522a96	3	136304109	136306584	2	1.288
5d07e7cd-558a-41ac-b066-b4f234522a96	3	136319699	140559887	2510	-0.0049
5d07e7cd-558a-41ac-b066-b4f234522a96	3	140560039	140560160	3	-1.6063
5d07e7cd-558a-41ac-b066-b4f234522a96	3	140563242	149245189	5361	0.0058
5d07e7cd-558a-41ac-b066-b4f234522a96	3	149245608	149250334	25	-1.2484
5d07e7cd-558a-41ac-b066-b4f234522a96	3	149253293	154238118	3191	0.0187
5d07e7cd-558a-41ac-b066-b4f234522a96	3	154238948	160816538	3869	0.1236
5d07e7cd-558a-41ac-b066-b4f234522a96	3	160816623	160875730	39	-0.0063
5d07e7cd-558a-41ac-b066-b4f234522a96	3	160875937	162790480	1229	0.1885
5d07e7cd-558a-41ac-b066-b4f234522a96	3	162794869	162908815	72	0.6703
5d07e7cd-558a-41ac-b066-b4f234522a96	3	162910826	166097944	1827	0.1905
5d07e7cd-558a-41ac-b066-b4f234522a96	3	166099553	166103800	3	-1.6687
5d07e7cd-558a-41ac-b066-b4f234522a96	3	166110628	169289365	1798	0.2041
5d07e7cd-558a-41ac-b066-b4f234522a96	3	169289627	184184700	9224	0.3115
5d07e7cd-558a-41ac-b066-b4f234522a96	3	184189144	193160113	6298	0.2246
5d07e7cd-558a-41ac-b066-b4f234522a96	3	193160173	193165114	19	-1.2244
5d07e7cd-558a-41ac-b066-b4f234522a96	3	193168646	194645278	964	0.2282
5d07e7cd-558a-41ac-b066-b4f234522a96	3	194646186	198169114	1725	0.0503
5d07e7cd-558a-41ac-b066-b4f234522a96	3	198169131	198169247	3	0.9678
5d07e7cd-558a-41ac-b066-b4f234522a96	4	68929	513886	189	0.1043
5d07e7cd-558a-41ac-b066-b4f234522a96	4	515389	1051383	161	0.2751
5d07e7cd-558a-41ac-b066-b4f234522a96	4	1051535	9455251	4807	0.1098
5d07e7cd-558a-41ac-b066-b4f234522a96	4	9459504	9463248	3	-0.8484
5d07e7cd-558a-41ac-b066-b4f234522a96	4	9469529	10208766	543	0.1027
5d07e7cd-558a-41ac-b066-b4f234522a96	4	10212536	10229874	29	-1.9817
5d07e7cd-558a-41ac-b066-b4f234522a96	4	10232590	10233644	7	-0.6377
5d07e7cd-558a-41ac-b066-b4f234522a96	4	10234518	32294180	15554	0.0952
5d07e7cd-558a-41ac-b066-b4f234522a96	4	32294666	32294688	2	-1.1484
5d07e7cd-558a-41ac-b066-b4f234522a96	4	32294845	34795546	1432	0.0835
5d07e7cd-558a-41ac-b066-b4f234522a96	4	34795703	34812568	12	0.4676
5d07e7cd-558a-41ac-b066-b4f234522a96	4	34812623	36012790	788	0.0852
5d07e7cd-558a-41ac-b066-b4f234522a96	4	36013359	36013896	4	-0.7403
5d07e7cd-558a-41ac-b066-b4f234522a96	4	36015896	49501149	8198	0.1026
5d07e7cd-558a-41ac-b066-b4f234522a96	4	49501768	59412766	5033	-0.1029
5d07e7cd-558a-41ac-b066-b4f234522a96	4	59412847	59438613	11	-0.6108
5d07e7cd-558a-41ac-b066-b4f234522a96	4	59439480	63280986	2224	-0.1092
5d07e7cd-558a-41ac-b066-b4f234522a96	4	63281375	63286195	3	-1.1484
5d07e7cd-558a-41ac-b066-b4f234522a96	4	63288849	63828222	308	-0.0975
5d07e7cd-558a-41ac-b066-b4f234522a96	4	63831751	63840033	19	-0.8551
5d07e7cd-558a-41ac-b066-b4f234522a96	4	63841863	63842540	8	-2.5746
5d07e7cd-558a-41ac-b066-b4f234522a96	4	63850713	68394833	2854	-0.1037
5d07e7cd-558a-41ac-b066-b4f234522a96	4	68395346	68416487	2	2.1157
5d07e7cd-558a-41ac-b066-b4f234522a96	4	68418873	68478894	13	0.1506
5d07e7cd-558a-41ac-b066-b4f234522a96	4	68494770	68623617	69	-0.5922
5d07e7cd-558a-41ac-b066-b4f234522a96	4	68639397	69254981	310	-0.1144
5d07e7cd-558a-41ac-b066-b4f234522a96	4	69255175	69362938	55	0.2194
5d07e7cd-558a-41ac-b066-b4f234522a96	4	69363634	72004419	1551	-0.1089
5d07e7cd-558a-41ac-b066-b4f234522a96	4	72004596	72007836	3	-1.013
5d07e7cd-558a-41ac-b066-b4f234522a96	4	72016079	86054070	8886	-0.0943
5d07e7cd-558a-41ac-b066-b4f234522a96	4	86054941	86058791	20	-0.83
5d07e7cd-558a-41ac-b066-b4f234522a96	4	86058936	86375867	200	-0.0872
5d07e7cd-558a-41ac-b066-b4f234522a96	4	86376641	86719384	142	-0.3161
5d07e7cd-558a-41ac-b066-b4f234522a96	4	86720066	95326404	5136	-0.0967
5d07e7cd-558a-41ac-b066-b4f234522a96	4	95326445	95327944	3	-1.2185
5d07e7cd-558a-41ac-b066-b4f234522a96	4	95330552	115069622	11906	-0.0912
5d07e7cd-558a-41ac-b066-b4f234522a96	4	115077853	115946880	510	-0.2007
5d07e7cd-558a-41ac-b066-b4f234522a96	4	115952186	161025607	27014	-0.1022
5d07e7cd-558a-41ac-b066-b4f234522a96	4	161031076	161082114	43	0.4368
5d07e7cd-558a-41ac-b066-b4f234522a96	4	161085672	174357474	8242	-0.1007
5d07e7cd-558a-41ac-b066-b4f234522a96	4	174361322	186119861	8205	-0.3265
5d07e7cd-558a-41ac-b066-b4f234522a96	4	186121644	189267889	2258	-0.0784
5d07e7cd-558a-41ac-b066-b4f234522a96	4	189273964	189278110	4	-2.6296
5d07e7cd-558a-41ac-b066-b4f234522a96	4	189278617	190000576	340	-0.0819
5d07e7cd-558a-41ac-b066-b4f234522a96	4	190010040	190106768	10	0.2431
5d07e7cd-558a-41ac-b066-b4f234522a96	5	15532	685633	306	0.1424
5d07e7cd-558a-41ac-b066-b4f234522a96	5	698256	760915	20	-0.2838
5d07e7cd-558a-41ac-b066-b4f234522a96	5	760969	1927298	619	0.0967
5d07e7cd-558a-41ac-b066-b4f234522a96	5	1928775	8390255	5719	-0.0082
5d07e7cd-558a-41ac-b066-b4f234522a96	5	8396348	8396772	3	-1.2311
5d07e7cd-558a-41ac-b066-b4f234522a96	5	8398273	9268625	790	0.0292
5d07e7cd-558a-41ac-b066-b4f234522a96	5	9268989	9272553	5	-0.784
5d07e7cd-558a-41ac-b066-b4f234522a96	5	9277652	18416367	6451	0.0121
5d07e7cd-558a-41ac-b066-b4f234522a96	5	18416402	21445849	1792	-0.0102
5d07e7cd-558a-41ac-b066-b4f234522a96	5	21445950	21452329	8	-0.6773
5d07e7cd-558a-41ac-b066-b4f234522a96	5	21452387	25821576	2521	-0.0192
5d07e7cd-558a-41ac-b066-b4f234522a96	5	25821773	25821918	2	-1.2636
5d07e7cd-558a-41ac-b066-b4f234522a96	5	25824379	31248138	3309	-0.0116
5d07e7cd-558a-41ac-b066-b4f234522a96	5	31248912	45899689	9051	0.0115
5d07e7cd-558a-41ac-b066-b4f234522a96	5	45904420	46271006	70	0.077
5d07e7cd-558a-41ac-b066-b4f234522a96	5	46271828	46273400	6	-2.279
5d07e7cd-558a-41ac-b066-b4f234522a96	5	46278110	69571467	12398	0.0146
5d07e7cd-558a-41ac-b066-b4f234522a96	5	69779150	69822096	3	1.1283
5d07e7cd-558a-41ac-b066-b4f234522a96	5	69822308	82122944	6891	0.0144
5d07e7cd-558a-41ac-b066-b4f234522a96	5	82123459	82131663	3	-0.9656
5d07e7cd-558a-41ac-b066-b4f234522a96	5	82132219	88493211	3574	0.0112
5d07e7cd-558a-41ac-b066-b4f234522a96	5	88493349	88497208	3	-0.9654
5d07e7cd-558a-41ac-b066-b4f234522a96	5	88499450	104515520	9041	0.0045
5d07e7cd-558a-41ac-b066-b4f234522a96	5	104524672	104524903	4	-0.8592
5d07e7cd-558a-41ac-b066-b4f234522a96	5	104525348	121734422	11778	0.0067
5d07e7cd-558a-41ac-b066-b4f234522a96	5	121734558	121739001	5	-0.8134
5d07e7cd-558a-41ac-b066-b4f234522a96	5	121739004	156054939	21656	0.0109
5d07e7cd-558a-41ac-b066-b4f234522a96	5	156055000	156068240	9	-0.5598
5d07e7cd-558a-41ac-b066-b4f234522a96	5	156068247	172014600	11100	-0.0015
5d07e7cd-558a-41ac-b066-b4f234522a96	5	172018480	173201035	813	0.0574
5d07e7cd-558a-41ac-b066-b4f234522a96	5	173201211	175946505	2144	-0.0063
5d07e7cd-558a-41ac-b066-b4f234522a96	5	175960543	175993893	7	0.6582
5d07e7cd-558a-41ac-b066-b4f234522a96	5	175999690	180947523	2531	0.0238
5d07e7cd-558a-41ac-b066-b4f234522a96	5	180951710	180971271	6	-1.5116
5d07e7cd-558a-41ac-b066-b4f234522a96	5	180972373	180990207	9	-0.7246
5d07e7cd-558a-41ac-b066-b4f234522a96	5	180990614	180991103	4	-0.426
5d07e7cd-558a-41ac-b066-b4f234522a96	5	181006225	181363319	170	0.0911
5d07e7cd-558a-41ac-b066-b4f234522a96	6	149661	294286	120	0.1511
5d07e7cd-558a-41ac-b066-b4f234522a96	6	294443	4321586	3303	0.2008
5d07e7cd-558a-41ac-b066-b4f234522a96	6	4321912	4498631	167	0.3144
5d07e7cd-558a-41ac-b066-b4f234522a96	6	4499194	5662366	974	0.1969
5d07e7cd-558a-41ac-b066-b4f234522a96	6	5662698	7624708	1617	0.1078
5d07e7cd-558a-41ac-b066-b4f234522a96	6	7625032	10295897	2012	0.0316
5d07e7cd-558a-41ac-b066-b4f234522a96	6	10296253	11647761	962	0.1369
5d07e7cd-558a-41ac-b066-b4f234522a96	6	11647880	16035806	3360	0.044
5d07e7cd-558a-41ac-b066-b4f234522a96	6	16037321	17572755	1151	0.1216
5d07e7cd-558a-41ac-b066-b4f234522a96	6	17573754	26743855	6562	0.1856
5d07e7cd-558a-41ac-b066-b4f234522a96	6	26747492	26759781	5	-0.5882
5d07e7cd-558a-41ac-b066-b4f234522a96	6	26831719	27398028	255	0.1774
5d07e7cd-558a-41ac-b066-b4f234522a96	6	27405351	29866171	1148	0.043
5d07e7cd-558a-41ac-b066-b4f234522a96	6	29866672	29948728	56	0.3909
5d07e7cd-558a-41ac-b066-b4f234522a96	6	29948841	33564603	1698	0.0184
5d07e7cd-558a-41ac-b066-b4f234522a96	6	33566949	38685989	3141	0.1198
5d07e7cd-558a-41ac-b066-b4f234522a96	6	38690363	38690440	2	-1.07
5d07e7cd-558a-41ac-b066-b4f234522a96	6	38691107	54066353	10067	0.1129
5d07e7cd-558a-41ac-b066-b4f234522a96	6	54066432	54067057	6	1.5714
5d07e7cd-558a-41ac-b066-b4f234522a96	6	54070550	56521800	1577	0.1052
5d07e7cd-558a-41ac-b066-b4f234522a96	6	56522650	58400901	629	0.0287
5d07e7cd-558a-41ac-b066-b4f234522a96	6	58401230	76726815	9951	-0.1725
5d07e7cd-558a-41ac-b066-b4f234522a96	6	76730151	76742665	15	-0.8432
5d07e7cd-558a-41ac-b066-b4f234522a96	6	76742675	78261995	987	-0.1694
5d07e7cd-558a-41ac-b066-b4f234522a96	6	78262064	78325468	108	-0.5792
5d07e7cd-558a-41ac-b066-b4f234522a96	6	78329517	90822234	7879	-0.1639
5d07e7cd-558a-41ac-b066-b4f234522a96	6	90827719	91198861	269	-0.3224
5d07e7cd-558a-41ac-b066-b4f234522a96	6	91199243	93162373	1369	-0.1825
5d07e7cd-558a-41ac-b066-b4f234522a96	6	93165546	93166156	3	-1.7626
5d07e7cd-558a-41ac-b066-b4f234522a96	6	93169051	103290349	5959	-0.1902
5d07e7cd-558a-41ac-b066-b4f234522a96	6	103290414	103314186	41	0.3558
5d07e7cd-558a-41ac-b066-b4f234522a96	6	103317795	114874292	7244	-0.1713
5d07e7cd-558a-41ac-b066-b4f234522a96	6	114881368	114881626	4	-1.9872
5d07e7cd-558a-41ac-b066-b4f234522a96	6	114885112	170741917	36896	-0.1693
5d07e7cd-558a-41ac-b066-b4f234522a96	7	43355	148300	90	0.2892
5d07e7cd-558a-41ac-b066-b4f234522a96	7	155066	158626	10	-0.4971
5d07e7cd-558a-41ac-b066-b4f234522a96	7	161442	964950	128	0.2506
5d07e7cd-558a-41ac-b066-b4f234522a96	7	965635	1204095	127	0.3677
5d07e7cd-558a-41ac-b066-b4f234522a96	7	1204113	7110676	3207	0.2102
5d07e7cd-558a-41ac-b066-b4f234522a96	7	7112547	31422431	19029	0.1123
5d07e7cd-558a-41ac-b066-b4f234522a96	7	31423811	38271497	4773	0.1756
5d07e7cd-558a-41ac-b066-b4f234522a96	7	38271765	38289296	27	0.5185
5d07e7cd-558a-41ac-b066-b4f234522a96	7	38289379	38304355	39	0.3
5d07e7cd-558a-41ac-b066-b4f234522a96	7	38304547	38347211	45	0.5286
5d07e7cd-558a-41ac-b066-b4f234522a96	7	38347842	54318812	10987	0.1863
5d07e7cd-558a-41ac-b066-b4f234522a96	7	54318816	54318824	5	-2.7839
5d07e7cd-558a-41ac-b066-b4f234522a96	7	54325795	66063677	3354	0.1971
5d07e7cd-558a-41ac-b066-b4f234522a96	7	66066060	67327435	424	0.1014
5d07e7cd-558a-41ac-b066-b4f234522a96	7	67330667	72424862	3347	0.057
5d07e7cd-558a-41ac-b066-b4f234522a96	7	72427837	83827357	6016	0.094
5d07e7cd-558a-41ac-b066-b4f234522a96	7	83829225	85608173	1102	0.162
5d07e7cd-558a-41ac-b066-b4f234522a96	7	85608797	118913752	19788	0.0103
5d07e7cd-558a-41ac-b066-b4f234522a96	7	118914046	142063324	14397	-0.3027
5d07e7cd-558a-41ac-b066-b4f234522a96	7	142069843	142090383	31	0.0024
5d07e7cd-558a-41ac-b066-b4f234522a96	7	142090403	142310376	160	-0.3499
5d07e7cd-558a-41ac-b066-b4f234522a96	7	142312468	142784194	286	-0.1539
5d07e7cd-558a-41ac-b066-b4f234522a96	7	142785320	144264193	766	-0.3081
5d07e7cd-558a-41ac-b066-b4f234522a96	7	144295437	144312471	3	-1.4013
5d07e7cd-558a-41ac-b066-b4f234522a96	7	144326306	154598185	6406	-0.3128
5d07e7cd-558a-41ac-b066-b4f234522a96	7	154601461	154605369	3	0.8774
5d07e7cd-558a-41ac-b066-b4f234522a96	7	154607903	158600272	2743	-0.3165
5d07e7cd-558a-41ac-b066-b4f234522a96	7	158600415	159125308	359	-0.2081
5d07e7cd-558a-41ac-b066-b4f234522a96	7	159125572	159334314	133	-0.305
5d07e7cd-558a-41ac-b066-b4f234522a96	8	81254	212832	6	0.3302
5d07e7cd-558a-41ac-b066-b4f234522a96	8	213414	3110842	2294	0.0134
5d07e7cd-558a-41ac-b066-b4f234522a96	8	3111255	3956868	1111	-0.1031
5d07e7cd-558a-41ac-b066-b4f234522a96	8	3956971	4194844	416	-0.3368
5d07e7cd-558a-41ac-b066-b4f234522a96	8	4195288	7329110	3901	-0.0834
5d07e7cd-558a-41ac-b066-b4f234522a96	8	7329124	7380381	20	0.3492
5d07e7cd-558a-41ac-b066-b4f234522a96	8	7380497	7433619	7	-0.562
5d07e7cd-558a-41ac-b066-b4f234522a96	8	7440674	7886542	16	-0.2011
5d07e7cd-558a-41ac-b066-b4f234522a96	8	7888457	7890177	4	0.6468
5d07e7cd-558a-41ac-b066-b4f234522a96	8	7919608	10364667	1928	-0.0731
5d07e7cd-558a-41ac-b066-b4f234522a96	8	10365920	10505350	146	0.0503
5d07e7cd-558a-41ac-b066-b4f234522a96	8	10510652	11844497	1040	-0.0868
5d07e7cd-558a-41ac-b066-b4f234522a96	8	11844613	12176798	131	0.0854
5d07e7cd-558a-41ac-b066-b4f234522a96	8	12177488	12382653	14	-0.1148
5d07e7cd-558a-41ac-b066-b4f234522a96	8	12383605	12389977	16	-0.575
5d07e7cd-558a-41ac-b066-b4f234522a96	8	12418301	12788880	112	-0.0886
5d07e7cd-558a-41ac-b066-b4f234522a96	8	12791219	12791669	2	-2.1206
5d07e7cd-558a-41ac-b066-b4f234522a96	8	12794596	15916847	2999	-0.0953
5d07e7cd-558a-41ac-b066-b4f234522a96	8	15920406	15930760	8	-0.7029
5d07e7cd-558a-41ac-b066-b4f234522a96	8	15931492	20835056	4398	-0.0828
5d07e7cd-558a-41ac-b066-b4f234522a96	8	20835884	27021561	4400	-0.0046
5d07e7cd-558a-41ac-b066-b4f234522a96	8	27022006	27023165	6	-0.602
5d07e7cd-558a-41ac-b066-b4f234522a96	8	27029290	39373140	7528	0.0022
5d07e7cd-558a-41ac-b066-b4f234522a96	8	39378084	39530780	60	-0.2822
5d07e7cd-558a-41ac-b066-b4f234522a96	8	39531260	43925152	2584	-0.0032
5d07e7cd-558a-41ac-b066-b4f234522a96	8	43928841	46613954	182	0.4009
5d07e7cd-558a-41ac-b066-b4f234522a96	8	46615926	46634473	10	0.7967
5d07e7cd-558a-41ac-b066-b4f234522a96	8	46635727	63936079	10869	0.3287
5d07e7cd-558a-41ac-b066-b4f234522a96	8	63936340	63936561	6	1.3871
5d07e7cd-558a-41ac-b066-b4f234522a96	8	63936953	111279265	28335	0.3275
5d07e7cd-558a-41ac-b066-b4f234522a96	8	111282050	111283016	9	-1.4052
5d07e7cd-558a-41ac-b066-b4f234522a96	8	111283031	114775068	1939	0.3339
5d07e7cd-558a-41ac-b066-b4f234522a96	8	114777125	114932980	113	0.0957
5d07e7cd-558a-41ac-b066-b4f234522a96	8	114933632	117924586	1922	0.3378
5d07e7cd-558a-41ac-b066-b4f234522a96	8	117925525	121652599	2607	0.4042
5d07e7cd-558a-41ac-b066-b4f234522a96	8	121655627	127987394	4461	0.4396
5d07e7cd-558a-41ac-b066-b4f234522a96	8	127988068	140579391	9858	0.3986
5d07e7cd-558a-41ac-b066-b4f234522a96	8	140581014	141323524	428	0.4861
5d07e7cd-558a-41ac-b066-b4f234522a96	8	141323933	142410112	631	0.5625
5d07e7cd-558a-41ac-b066-b4f234522a96	8	142410372	143209006	302	0.4338
5d07e7cd-558a-41ac-b066-b4f234522a96	8	143217232	143228213	12	-0.1965
5d07e7cd-558a-41ac-b066-b4f234522a96	8	143228267	143616763	121	0.4146
5d07e7cd-558a-41ac-b066-b4f234522a96	8	143616987	143623105	4	1.125
5d07e7cd-558a-41ac-b066-b4f234522a96	8	143624575	144067190	116	0.5127
5d07e7cd-558a-41ac-b066-b4f234522a96	8	144071799	144177593	38	0.3094
5d07e7cd-558a-41ac-b066-b4f234522a96	8	144182542	144995346	315	0.5238
5d07e7cd-558a-41ac-b066-b4f234522a96	8	144997478	145011781	11	-0.7955
5d07e7cd-558a-41ac-b066-b4f234522a96	8	145013754	145072769	29	0.5487
5d07e7cd-558a-41ac-b066-b4f234522a96	9	46587	23361807	20420	0.2735
5d07e7cd-558a-41ac-b066-b4f234522a96	9	23363117	23373486	8	-1.1834
5d07e7cd-558a-41ac-b066-b4f234522a96	9	23378490	29091099	4333	0.271
5d07e7cd-558a-41ac-b066-b4f234522a96	9	29094551	29094999	2	-1.5077
5d07e7cd-558a-41ac-b066-b4f234522a96	9	29097682	39833357	6414	0.279
5d07e7cd-558a-41ac-b066-b4f234522a96	9	39840169	40723126	9	-0.2522
5d07e7cd-558a-41ac-b066-b4f234522a96	9	40743069	40949640	11	0.1904
5d07e7cd-558a-41ac-b066-b4f234522a96	9	40949727	40949742	2	-1.6011
5d07e7cd-558a-41ac-b066-b4f234522a96	9	40952530	61405110	172	0.2715
5d07e7cd-558a-41ac-b066-b4f234522a96	9	61520021	61647899	30	0.8873
5d07e7cd-558a-41ac-b066-b4f234522a96	9	61665362	63590317	39	0.1826
5d07e7cd-558a-41ac-b066-b4f234522a96	9	63590319	63592813	6	1.2836
5d07e7cd-558a-41ac-b066-b4f234522a96	9	63614182	92229683	17408	0.2679
5d07e7cd-558a-41ac-b066-b4f234522a96	9	92230841	92232114	2	-2.3919
5d07e7cd-558a-41ac-b066-b4f234522a96	9	92233912	137358495	30225	0.2743
5d07e7cd-558a-41ac-b066-b4f234522a96	9	137361190	137361381	3	1.6153
5d07e7cd-558a-41ac-b066-b4f234522a96	9	137378551	138200944	407	0.2949
5d07e7cd-558a-41ac-b066-b4f234522a96	10	45792	381671	180	-0.2597
5d07e7cd-558a-41ac-b066-b4f234522a96	10	382136	384037	2	-1.5714
5d07e7cd-558a-41ac-b066-b4f234522a96	10	384052	2756572	1992	-0.3453
5d07e7cd-558a-41ac-b066-b4f234522a96	10	2758878	6864098	3720	-0.3126
5d07e7cd-558a-41ac-b066-b4f234522a96	10	6864514	24086334	13289	-0.3482
5d07e7cd-558a-41ac-b066-b4f234522a96	10	24088745	24089125	11	-2.1874
5d07e7cd-558a-41ac-b066-b4f234522a96	10	24089979	38783090	9852	-0.3487
5d07e7cd-558a-41ac-b066-b4f234522a96	10	41715085	65548178	15349	0.2012
5d07e7cd-558a-41ac-b066-b4f234522a96	10	65548193	65554688	26	-0.2839
5d07e7cd-558a-41ac-b066-b4f234522a96	10	65563037	89178916	15818	0.203
5d07e7cd-558a-41ac-b066-b4f234522a96	10	89183210	89188273	11	-0.8143
5d07e7cd-558a-41ac-b066-b4f234522a96	10	89188333	93652256	2848	0.2196
5d07e7cd-558a-41ac-b066-b4f234522a96	10	93657826	129949441	25150	0.1967
5d07e7cd-558a-41ac-b066-b4f234522a96	10	129949520	133621047	2382	0.2369
5d07e7cd-558a-41ac-b066-b4f234522a96	10	133635853	133654968	3	-1.0628
5d07e7cd-558a-41ac-b066-b4f234522a96	11	198510	427848	94	0.3062
5d07e7cd-558a-41ac-b066-b4f234522a96	11	436461	1626349	392	0.1728
5d07e7cd-558a-41ac-b066-b4f234522a96	11	1627184	1627418	2	-1.1624
5d07e7cd-558a-41ac-b066-b4f234522a96	11	1628657	18919323	12182	0.1835
5d07e7cd-558a-41ac-b066-b4f234522a96	11	18927525	18940441	45	-0.488
5d07e7cd-558a-41ac-b066-b4f234522a96	11	18940469	22322609	2892	0.1697
5d07e7cd-558a-41ac-b066-b4f234522a96	11	22329922	22330059	2	-1.0687
5d07e7cd-558a-41ac-b066-b4f234522a96	11	22333699	22447934	87	0.1916
5d07e7cd-558a-41ac-b066-b4f234522a96	11	22450055	22451212	4	-1.7303
5d07e7cd-558a-41ac-b066-b4f234522a96	11	22451596	34168506	7910	0.1696
5d07e7cd-558a-41ac-b066-b4f234522a96	11	34168876	35089462	878	0.2234
5d07e7cd-558a-41ac-b066-b4f234522a96	11	35089745	36234504	996	0.185
5d07e7cd-558a-41ac-b066-b4f234522a96	11	36235629	37427845	895	0.248
5d07e7cd-558a-41ac-b066-b4f234522a96	11	37438111	37442667	4	-0.6325
5d07e7cd-558a-41ac-b066-b4f234522a96	11	37446096	39344262	1104	0.2512
5d07e7cd-558a-41ac-b066-b4f234522a96	11	39345863	42785494	2398	0.1629
5d07e7cd-558a-41ac-b066-b4f234522a96	11	42791601	42796489	3	-1.1213
5d07e7cd-558a-41ac-b066-b4f234522a96	11	42799053	42937561	121	0.1544
5d07e7cd-558a-41ac-b066-b4f234522a96	11	42940281	42949618	7	0.7052
5d07e7cd-558a-41ac-b066-b4f234522a96	11	42955081	48576870	3276	0.1716
5d07e7cd-558a-41ac-b066-b4f234522a96	11	48579882	48581124	2	-1.0774
5d07e7cd-558a-41ac-b066-b4f234522a96	11	48584766	55609186	1191	0.1627
5d07e7cd-558a-41ac-b066-b4f234522a96	11	55609201	55672514	34	0.4613
5d07e7cd-558a-41ac-b066-b4f234522a96	11	55674842	60253816	2796	0.1711
5d07e7cd-558a-41ac-b066-b4f234522a96	11	60254475	64817543	2335	0.3416
5d07e7cd-558a-41ac-b066-b4f234522a96	11	64825254	65936447	429	0.51
5d07e7cd-558a-41ac-b066-b4f234522a96	11	65941956	70632696	2177	0.3432
5d07e7cd-558a-41ac-b066-b4f234522a96	11	70632952	72789377	1093	0.2543
5d07e7cd-558a-41ac-b066-b4f234522a96	11	72794770	74489378	832	0.3065
5d07e7cd-558a-41ac-b066-b4f234522a96	11	74489694	79318358	2876	-0.0858
5d07e7cd-558a-41ac-b066-b4f234522a96	11	79319714	79321439	6	-0.7457
5d07e7cd-558a-41ac-b066-b4f234522a96	11	79322035	81979297	2186	-0.0927
5d07e7cd-558a-41ac-b066-b4f234522a96	11	81979510	81984796	4	-0.8665
5d07e7cd-558a-41ac-b066-b4f234522a96	11	81987303	84097729	1378	-0.0765
5d07e7cd-558a-41ac-b066-b4f234522a96	11	84107616	84134536	18	0.3652
5d07e7cd-558a-41ac-b066-b4f234522a96	11	84135450	92233392	5285	-0.0804
5d07e7cd-558a-41ac-b066-b4f234522a96	11	92233883	93649021	1046	-0.0096
5d07e7cd-558a-41ac-b066-b4f234522a96	11	93651038	105866294	8957	-0.0824
5d07e7cd-558a-41ac-b066-b4f234522a96	11	105868524	107368088	953	0.0011
5d07e7cd-558a-41ac-b066-b4f234522a96	11	107368205	107368402	2	-0.9952
5d07e7cd-558a-41ac-b066-b4f234522a96	11	107381636	107768035	304	0.02
5d07e7cd-558a-41ac-b066-b4f234522a96	11	107773570	107808194	23	0.4462
5d07e7cd-558a-41ac-b066-b4f234522a96	11	107809102	108624726	424	0.0286
5d07e7cd-558a-41ac-b066-b4f234522a96	11	108624814	109909305	776	-0.0883
5d07e7cd-558a-41ac-b066-b4f234522a96	11	109916500	109916588	3	-1.0227
5d07e7cd-558a-41ac-b066-b4f234522a96	11	109921976	118155960	5829	-0.0909
5d07e7cd-558a-41ac-b066-b4f234522a96	11	118156359	118156469	2	-1.2553
5d07e7cd-558a-41ac-b066-b4f234522a96	11	118157379	127843278	6983	-0.0889
5d07e7cd-558a-41ac-b066-b4f234522a96	11	127843576	127844502	2	-1.2422
5d07e7cd-558a-41ac-b066-b4f234522a96	11	127845531	131501248	2759	-0.0691
5d07e7cd-558a-41ac-b066-b4f234522a96	11	131501308	132042629	505	-0.1968
5d07e7cd-558a-41ac-b066-b4f234522a96	11	132042886	134064518	1556	-0.0798
5d07e7cd-558a-41ac-b066-b4f234522a96	11	134065067	134331004	159	-0.2182
5d07e7cd-558a-41ac-b066-b4f234522a96	11	134334211	135074876	597	-0.0089
5d07e7cd-558a-41ac-b066-b4f234522a96	12	51460	767879	441	0.1522
5d07e7cd-558a-41ac-b066-b4f234522a96	12	767914	9283548	5651	0.0417
5d07e7cd-558a-41ac-b066-b4f234522a96	12	9290254	9481274	83	0.1598
5d07e7cd-558a-41ac-b066-b4f234522a96	12	9485313	9562969	22	-1.7235
5d07e7cd-558a-41ac-b066-b4f234522a96	12	9575696	19161981	6543	0.048
5d07e7cd-558a-41ac-b066-b4f234522a96	12	19162383	19162478	2	-1.2906
5d07e7cd-558a-41ac-b066-b4f234522a96	12	19164148	33141726	10035	0.0397
5d07e7cd-558a-41ac-b066-b4f234522a96	12	33148472	33154440	27	-0.3824
5d07e7cd-558a-41ac-b066-b4f234522a96	12	33155426	33226990	42	0.1127
5d07e7cd-558a-41ac-b066-b4f234522a96	12	33227031	33242483	8	-0.5452
5d07e7cd-558a-41ac-b066-b4f234522a96	12	33246118	34544327	702	0.0544
5d07e7cd-558a-41ac-b066-b4f234522a96	12	34544372	44553412	4267	-0.0428
5d07e7cd-558a-41ac-b066-b4f234522a96	12	44554491	45510655	563	-0.1579
5d07e7cd-558a-41ac-b066-b4f234522a96	12	45512057	45515754	3	-1.5837
5d07e7cd-558a-41ac-b066-b4f234522a96	12	45519509	46025303	278	-0.1498
5d07e7cd-558a-41ac-b066-b4f234522a96	12	46027193	46345100	199	-0.0701
5d07e7cd-558a-41ac-b066-b4f234522a96	12	46345926	48331259	1241	0.0613
5d07e7cd-558a-41ac-b066-b4f234522a96	12	48331456	48331632	3	-2.2057
5d07e7cd-558a-41ac-b066-b4f234522a96	12	48336253	55870473	4231	0.0678
5d07e7cd-558a-41ac-b066-b4f234522a96	12	55872666	56084552	68	0.1265
5d07e7cd-558a-41ac-b066-b4f234522a96	12	56084572	56087291	5	0.8684
5d07e7cd-558a-41ac-b066-b4f234522a96	12	56087335	64271077	4968	0.1166
5d07e7cd-558a-41ac-b066-b4f234522a96	12	64274440	64279021	2	1.2768
5d07e7cd-558a-41ac-b066-b4f234522a96	12	64282057	66381925	1218	0.1168
5d07e7cd-558a-41ac-b066-b4f234522a96	12	66382876	70476293	2955	-0.0514
5d07e7cd-558a-41ac-b066-b4f234522a96	12	70478078	70484247	10	-0.5421
5d07e7cd-558a-41ac-b066-b4f234522a96	12	70485605	93209905	14138	-0.0456
5d07e7cd-558a-41ac-b066-b4f234522a96	12	93210608	94559602	939	0.0498
5d07e7cd-558a-41ac-b066-b4f234522a96	12	94560523	101491921	4713	0.1186
5d07e7cd-558a-41ac-b066-b4f234522a96	12	101497144	105554166	2790	0.0414
5d07e7cd-558a-41ac-b066-b4f234522a96	12	105554469	108303552	2015	-0.0502
5d07e7cd-558a-41ac-b066-b4f234522a96	12	108305255	109819495	971	0.0366
5d07e7cd-558a-41ac-b066-b4f234522a96	12	109821212	110886257	451	0.1273
5d07e7cd-558a-41ac-b066-b4f234522a96	12	110895771	113773868	1690	0.032
5d07e7cd-558a-41ac-b066-b4f234522a96	12	113775836	114123470	328	0.1985
5d07e7cd-558a-41ac-b066-b4f234522a96	12	114123875	117542277	2722	0.0316
5d07e7cd-558a-41ac-b066-b4f234522a96	12	117542946	129318981	7949	0.1111
5d07e7cd-558a-41ac-b066-b4f234522a96	12	129319609	130664514	1194	0.1664
5d07e7cd-558a-41ac-b066-b4f234522a96	12	130664551	131449682	589	0.0686
5d07e7cd-558a-41ac-b066-b4f234522a96	12	131449896	131449969	4	0.8664
5d07e7cd-558a-41ac-b066-b4f234522a96	12	131450216	133201603	753	0.0666
5d07e7cd-558a-41ac-b066-b4f234522a96	13	18452809	18693149	48	-0.0243
5d07e7cd-558a-41ac-b066-b4f234522a96	13	18699184	18833025	40	-0.2072
5d07e7cd-558a-41ac-b066-b4f234522a96	13	18833965	18835707	4	-1.5787
5d07e7cd-558a-41ac-b066-b4f234522a96	13	18842946	19547319	440	-0.146
5d07e7cd-558a-41ac-b066-b4f234522a96	13	19549755	19549770	2	-1.5267
5d07e7cd-558a-41ac-b066-b4f234522a96	13	19550361	20208878	320	-0.0767
5d07e7cd-558a-41ac-b066-b4f234522a96	13	20209879	20360019	103	0.0493
5d07e7cd-558a-41ac-b066-b4f234522a96	13	20360497	27298945	5104	-0.115
5d07e7cd-558a-41ac-b066-b4f234522a96	13	27299318	27299492	2	-1.5395
5d07e7cd-558a-41ac-b066-b4f234522a96	13	27300381	27600204	213	-0.1141
5d07e7cd-558a-41ac-b066-b4f234522a96	13	27600497	27602488	4	-1.0423
5d07e7cd-558a-41ac-b066-b4f234522a96	13	27603729	29455681	1406	-0.1236
5d07e7cd-558a-41ac-b066-b4f234522a96	13	29457425	29459091	2	-1.1752
5d07e7cd-558a-41ac-b066-b4f234522a96	13	29462056	33307801	2941	-0.1116
5d07e7cd-558a-41ac-b066-b4f234522a96	13	33307929	37496998	2851	-0.0424
5d07e7cd-558a-41ac-b066-b4f234522a96	13	37497899	37510595	15	0.4236
5d07e7cd-558a-41ac-b066-b4f234522a96	13	37510620	47734779	7109	-0.0173
5d07e7cd-558a-41ac-b066-b4f234522a96	13	47741890	51050146	2046	0.0253
5d07e7cd-558a-41ac-b066-b4f234522a96	13	51053543	52520664	740	-0.0145
5d07e7cd-558a-41ac-b066-b4f234522a96	13	52523849	52531650	3	-1.7329
5d07e7cd-558a-41ac-b066-b4f234522a96	13	52543744	62232848	5673	-0.0409
5d07e7cd-558a-41ac-b066-b4f234522a96	13	62235141	62235349	3	-1.2031
5d07e7cd-558a-41ac-b066-b4f234522a96	13	62243960	63650072	774	-0.0412
5d07e7cd-558a-41ac-b066-b4f234522a96	13	63650659	63662559	9	-4.0752
5d07e7cd-558a-41ac-b066-b4f234522a96	13	63665430	71902850	5177	-0.0421
5d07e7cd-558a-41ac-b066-b4f234522a96	13	71903417	71906418	4	-1.9956
5d07e7cd-558a-41ac-b066-b4f234522a96	13	71906467	102212142	20093	-0.028
5d07e7cd-558a-41ac-b066-b4f234522a96	13	102212338	107484657	4290	0.0777
5d07e7cd-558a-41ac-b066-b4f234522a96	13	107484984	107688515	219	-0.0517
5d07e7cd-558a-41ac-b066-b4f234522a96	13	107693136	107805283	90	0.0814
5d07e7cd-558a-41ac-b066-b4f234522a96	13	107805982	112976829	3805	0.1839
5d07e7cd-558a-41ac-b066-b4f234522a96	13	112977466	113044114	29	0.4525
5d07e7cd-558a-41ac-b066-b4f234522a96	13	113044471	114342922	554	0.2219
5d07e7cd-558a-41ac-b066-b4f234522a96	14	18239283	18646056	16	-0.1232
5d07e7cd-558a-41ac-b066-b4f234522a96	14	18656322	19110634	17	0.5118
5d07e7cd-558a-41ac-b066-b4f234522a96	14	19134873	19294475	14	-0.4793
5d07e7cd-558a-41ac-b066-b4f234522a96	14	19298389	19689684	17	0.0127
5d07e7cd-558a-41ac-b066-b4f234522a96	14	19732024	19955213	103	-0.4755
5d07e7cd-558a-41ac-b066-b4f234522a96	14	19956767	20082188	91	0.076
5d07e7cd-558a-41ac-b066-b4f234522a96	14	20082381	20085125	2	-1.3785
5d07e7cd-558a-41ac-b066-b4f234522a96	14	20087037	21874394	1190	0.0818
5d07e7cd-558a-41ac-b066-b4f234522a96	14	21874948	22325865	426	0.224
5d07e7cd-558a-41ac-b066-b4f234522a96	14	22326102	22490986	117	0.3659
5d07e7cd-558a-41ac-b066-b4f234522a96	14	22491783	22560442	82	0.2077
5d07e7cd-558a-41ac-b066-b4f234522a96	14	22560612	40313149	11064	0.0504
5d07e7cd-558a-41ac-b066-b4f234522a96	14	40315684	40499642	142	-0.0927
5d07e7cd-558a-41ac-b066-b4f234522a96	14	40499672	41139155	468	0.0302
5d07e7cd-558a-41ac-b066-b4f234522a96	14	41141293	41160039	7	-1.4743
5d07e7cd-558a-41ac-b066-b4f234522a96	14	41164182	41184774	6	-4.6015
5d07e7cd-558a-41ac-b066-b4f234522a96	14	41188046	106407614	41375	0.0565
5d07e7cd-558a-41ac-b066-b4f234522a96	14	106412640	106462183	51	-0.6644
5d07e7cd-558a-41ac-b066-b4f234522a96	14	106462724	106877229	195	0.068
5d07e7cd-558a-41ac-b066-b4f234522a96	15	19811075	19989485	43	-0.249
5d07e7cd-558a-41ac-b066-b4f234522a96	15	19998708	20988347	113	-0.0643
5d07e7cd-558a-41ac-b066-b4f234522a96	15	21005443	21997003	21	0.4541
5d07e7cd-558a-41ac-b066-b4f234522a96	15	21999319	24405917	1017	-0.2982
5d07e7cd-558a-41ac-b066-b4f234522a96	15	24418615	24492131	44	-0.048
5d07e7cd-558a-41ac-b066-b4f234522a96	15	24493015	25174845	453	-0.3203
5d07e7cd-558a-41ac-b066-b4f234522a96	15	25176460	25185096	7	-1.598
5d07e7cd-558a-41ac-b066-b4f234522a96	15	25188158	25466118	158	-0.2741
5d07e7cd-558a-41ac-b066-b4f234522a96	15	25466503	27926920	1919	-0.3218
5d07e7cd-558a-41ac-b066-b4f234522a96	15	27927438	30503586	1086	-0.2477
5d07e7cd-558a-41ac-b066-b4f234522a96	15	30515739	30595753	2	-1.6748
5d07e7cd-558a-41ac-b066-b4f234522a96	15	30608675	32323432	1064	-0.2895
5d07e7cd-558a-41ac-b066-b4f234522a96	15	32339520	32584783	16	0.2216
5d07e7cd-558a-41ac-b066-b4f234522a96	15	32610782	34434988	1491	-0.2896
5d07e7cd-558a-41ac-b066-b4f234522a96	15	34435421	34526116	60	-0.8102
5d07e7cd-558a-41ac-b066-b4f234522a96	15	34570058	39192987	3319	-0.2997
5d07e7cd-558a-41ac-b066-b4f234522a96	15	39193189	41222501	1199	-0.1853
5d07e7cd-558a-41ac-b066-b4f234522a96	15	41226790	59449142	11195	-0.1099
5d07e7cd-558a-41ac-b066-b4f234522a96	15	59449830	60085048	461	-0.2142
5d07e7cd-558a-41ac-b066-b4f234522a96	15	60085728	60467423	278	-0.074
5d07e7cd-558a-41ac-b066-b4f234522a96	15	60468469	60468937	2	-0.9704
5d07e7cd-558a-41ac-b066-b4f234522a96	15	60474489	60656178	121	-0.0409
5d07e7cd-558a-41ac-b066-b4f234522a96	15	60658977	62516718	1594	-0.2184
5d07e7cd-558a-41ac-b066-b4f234522a96	15	62516784	62626571	91	-0.0611
5d07e7cd-558a-41ac-b066-b4f234522a96	15	62626908	63195570	473	-0.1998
5d07e7cd-558a-41ac-b066-b4f234522a96	15	63200106	65414918	1096	-0.2841
5d07e7cd-558a-41ac-b066-b4f234522a96	15	65417900	66787641	850	-0.1963
5d07e7cd-558a-41ac-b066-b4f234522a96	15	66788335	67338574	426	-0.1064
5d07e7cd-558a-41ac-b066-b4f234522a96	15	67342134	71516424	2716	-0.2
5d07e7cd-558a-41ac-b066-b4f234522a96	15	71521212	72631368	617	-0.0867
5d07e7cd-558a-41ac-b066-b4f234522a96	15	72670944	73131798	296	-0.296
5d07e7cd-558a-41ac-b066-b4f234522a96	15	73133149	74123784	615	-0.1246
5d07e7cd-558a-41ac-b066-b4f234522a96	15	74126064	84158730	5683	-0.297
5d07e7cd-558a-41ac-b066-b4f234522a96	15	84159599	84598728	37	0.0157
5d07e7cd-558a-41ac-b066-b4f234522a96	15	84598937	85965728	888	-0.2825
5d07e7cd-558a-41ac-b066-b4f234522a96	15	85968663	85977902	7	-1.0438
5d07e7cd-558a-41ac-b066-b4f234522a96	15	85978606	99267488	10134	-0.3051
5d07e7cd-558a-41ac-b066-b4f234522a96	15	99268352	101905038	1950	-0.2583
5d07e7cd-558a-41ac-b066-b4f234522a96	15	101919053	101928837	2	1.0349
5d07e7cd-558a-41ac-b066-b4f234522a96	16	10777	421035	193	0.0849
5d07e7cd-558a-41ac-b066-b4f234522a96	16	430467	15033033	10968	-0.0732
5d07e7cd-558a-41ac-b066-b4f234522a96	16	15034129	18624482	1616	-0.0109
5d07e7cd-558a-41ac-b066-b4f234522a96	16	18665971	21349109	1595	-0.0868
5d07e7cd-558a-41ac-b066-b4f234522a96	16	21352084	22708868	469	0.0208
5d07e7cd-558a-41ac-b066-b4f234522a96	16	22709045	28827845	4058	-0.0837
5d07e7cd-558a-41ac-b066-b4f234522a96	16	28829120	29020972	61	0.086
5d07e7cd-558a-41ac-b066-b4f234522a96	16	29021481	29261283	79	-0.1044
5d07e7cd-558a-41ac-b066-b4f234522a96	16	29265473	29269734	5	-0.9926
5d07e7cd-558a-41ac-b066-b4f234522a96	16	29270444	30158204	239	0.0253
5d07e7cd-558a-41ac-b066-b4f234522a96	16	30161266	70117657	16408	-0.0789
5d07e7cd-558a-41ac-b066-b4f234522a96	16	70118419	70153291	10	0.4609
5d07e7cd-558a-41ac-b066-b4f234522a96	16	70163864	73717647	1838	-0.0782
5d07e7cd-558a-41ac-b066-b4f234522a96	16	73717823	73717831	2	-1.1569
5d07e7cd-558a-41ac-b066-b4f234522a96	16	73717987	74350360	462	-0.0805
5d07e7cd-558a-41ac-b066-b4f234522a96	16	74363160	74432912	13	0.3765
5d07e7cd-558a-41ac-b066-b4f234522a96	16	74432937	78337711	3199	-0.0711
5d07e7cd-558a-41ac-b066-b4f234522a96	16	78338543	78350841	16	-1.8199
5d07e7cd-558a-41ac-b066-b4f234522a96	16	78350868	83665101	5953	-0.0738
5d07e7cd-558a-41ac-b066-b4f234522a96	16	83665118	83706884	42	-0.3234
5d07e7cd-558a-41ac-b066-b4f234522a96	16	83707394	83995951	337	-0.0664
5d07e7cd-558a-41ac-b066-b4f234522a96	16	83996684	84906410	816	0.0315
5d07e7cd-558a-41ac-b066-b4f234522a96	16	84906427	88542082	2796	-0.0758
5d07e7cd-558a-41ac-b066-b4f234522a96	16	88542118	90057324	645	0.0517
5d07e7cd-558a-41ac-b066-b4f234522a96	16	90057329	90096867	27	-0.0927
5d07e7cd-558a-41ac-b066-b4f234522a96	17	150733	2000105	879	0.0805
5d07e7cd-558a-41ac-b066-b4f234522a96	17	2011885	14499261	8258	-0.0738
5d07e7cd-558a-41ac-b066-b4f234522a96	17	14500104	15861193	928	-0.0172
5d07e7cd-558a-41ac-b066-b4f234522a96	17	15862165	16750987	408	-0.0642
5d07e7cd-558a-41ac-b066-b4f234522a96	17	16754017	16834846	11	0.3727
5d07e7cd-558a-41ac-b066-b4f234522a96	17	16838201	18414080	908	-0.0786
5d07e7cd-558a-41ac-b066-b4f234522a96	17	18452078	18561272	26	-1.2792
5d07e7cd-558a-41ac-b066-b4f234522a96	17	18561907	51739126	14751	-0.0612
5d07e7cd-558a-41ac-b066-b4f234522a96	17	51740930	57483169	4214	-0.0967
5d07e7cd-558a-41ac-b066-b4f234522a96	17	57484790	57484867	2	-1.4514
5d07e7cd-558a-41ac-b066-b4f234522a96	17	57486850	57701191	146	-0.1043
5d07e7cd-558a-41ac-b066-b4f234522a96	17	57701469	57812265	109	-0.0177
5d07e7cd-558a-41ac-b066-b4f234522a96	17	57817156	58135153	178	0.0343
5d07e7cd-558a-41ac-b066-b4f234522a96	17	58135421	58136733	3	-0.7316
5d07e7cd-558a-41ac-b066-b4f234522a96	17	58140037	58634557	263	-0.0005
5d07e7cd-558a-41ac-b066-b4f234522a96	17	58634845	59142249	219	0.094
5d07e7cd-558a-41ac-b066-b4f234522a96	17	59158117	59646861	237	-0.0092
5d07e7cd-558a-41ac-b066-b4f234522a96	17	59648601	62495585	1377	0.0914
5d07e7cd-558a-41ac-b066-b4f234522a96	17	62502634	65042935	1127	0.1859
5d07e7cd-558a-41ac-b066-b4f234522a96	17	65043255	65545072	364	0.0962
5d07e7cd-558a-41ac-b066-b4f234522a96	17	65545379	65650041	69	-0.094
5d07e7cd-558a-41ac-b066-b4f234522a96	17	65654879	68158535	1556	0.0928
5d07e7cd-558a-41ac-b066-b4f234522a96	17	68158645	69603596	938	0.001
5d07e7cd-558a-41ac-b066-b4f234522a96	17	69607222	71198370	1242	-0.0853
5d07e7cd-558a-41ac-b066-b4f234522a96	17	71198816	73749837	1986	0.0144
5d07e7cd-558a-41ac-b066-b4f234522a96	17	73749865	73837862	69	0.0481
5d07e7cd-558a-41ac-b066-b4f234522a96	17	73837982	74658847	542	0.1341
5d07e7cd-558a-41ac-b066-b4f234522a96	17	74660070	77293602	1301	0.0224
5d07e7cd-558a-41ac-b066-b4f234522a96	17	77293705	78272425	585	0.1183
5d07e7cd-558a-41ac-b066-b4f234522a96	17	78274006	78931004	399	0.2818
5d07e7cd-558a-41ac-b066-b4f234522a96	17	78931380	82411563	1556	0.143
5d07e7cd-558a-41ac-b066-b4f234522a96	17	82411695	83091923	370	0.0415
5d07e7cd-558a-41ac-b066-b4f234522a96	18	48133	122470	13	-0.3464
5d07e7cd-558a-41ac-b066-b4f234522a96	18	136240	36204191	19726	-0.0815
5d07e7cd-558a-41ac-b066-b4f234522a96	18	36205130	36479280	236	-0.2114
5d07e7cd-558a-41ac-b066-b4f234522a96	18	36480154	51039262	9833	-0.0914
5d07e7cd-558a-41ac-b066-b4f234522a96	18	51039401	51039656	4	1.8011
5d07e7cd-558a-41ac-b066-b4f234522a96	18	51039939	53677765	1883	-0.0968
5d07e7cd-558a-41ac-b066-b4f234522a96	18	53680839	53684270	5	-1.2201
5d07e7cd-558a-41ac-b066-b4f234522a96	18	53685778	79421989	18607	-0.091
5d07e7cd-558a-41ac-b066-b4f234522a96	18	79427165	80252853	401	0.0303
5d07e7cd-558a-41ac-b066-b4f234522a96	18	80256253	80257174	4	-0.4401
5d07e7cd-558a-41ac-b066-b4f234522a96	19	90910	20773582	9127	-0.0601
5d07e7cd-558a-41ac-b066-b4f234522a96	19	20773837	21632117	476	-0.0843
5d07e7cd-558a-41ac-b066-b4f234522a96	19	21632838	21637067	2	-1.3774
5d07e7cd-558a-41ac-b066-b4f234522a96	19	21637309	23553858	1079	-0.1027
5d07e7cd-558a-41ac-b066-b4f234522a96	19	23555077	27758174	554	-0.0322
5d07e7cd-558a-41ac-b066-b4f234522a96	19	27765442	33969955	4553	-0.0986
5d07e7cd-558a-41ac-b066-b4f234522a96	19	33973361	54801157	11007	-0.0551
5d07e7cd-558a-41ac-b066-b4f234522a96	19	54801545	54809324	5	-0.707
5d07e7cd-558a-41ac-b066-b4f234522a96	19	54811638	54866553	25	0.3551
5d07e7cd-558a-41ac-b066-b4f234522a96	19	54866877	55771003	436	-0.047
5d07e7cd-558a-41ac-b066-b4f234522a96	19	55771169	55771701	3	-2.3905
5d07e7cd-558a-41ac-b066-b4f234522a96	19	55774927	58586487	1838	-0.0633
5d07e7cd-558a-41ac-b066-b4f234522a96	20	80664	249875	137	0.2946
5d07e7cd-558a-41ac-b066-b4f234522a96	20	249900	249915	2	-1.3653
5d07e7cd-558a-41ac-b066-b4f234522a96	20	250119	1587098	1071	0.3146
5d07e7cd-558a-41ac-b066-b4f234522a96	20	1587360	1613247	35	-0.4289
5d07e7cd-558a-41ac-b066-b4f234522a96	20	1617300	15320728	10380	0.2777
5d07e7cd-558a-41ac-b066-b4f234522a96	20	15321256	15321728	3	-1.1481
5d07e7cd-558a-41ac-b066-b4f234522a96	20	15324612	17992834	2484	0.2603
5d07e7cd-558a-41ac-b066-b4f234522a96	20	17992848	17993347	2	-0.7275
5d07e7cd-558a-41ac-b066-b4f234522a96	20	17995393	23412276	4102	0.26
5d07e7cd-558a-41ac-b066-b4f234522a96	20	23416024	23588524	154	0.378
5d07e7cd-558a-41ac-b066-b4f234522a96	20	23588613	49529692	13293	0.2626
5d07e7cd-558a-41ac-b066-b4f234522a96	20	49529734	49993756	270	0.3511
5d07e7cd-558a-41ac-b066-b4f234522a96	20	49999680	54065342	3025	0.271
5d07e7cd-558a-41ac-b066-b4f234522a96	20	54065374	54065389	2	-1.581
5d07e7cd-558a-41ac-b066-b4f234522a96	20	54065719	63074797	6924	0.2639
5d07e7cd-558a-41ac-b066-b4f234522a96	20	63075398	63141749	42	0.4994
5d07e7cd-558a-41ac-b066-b4f234522a96	20	63144417	63656176	164	0.2578
5d07e7cd-558a-41ac-b066-b4f234522a96	20	63658982	64249281	249	0.4152
5d07e7cd-558a-41ac-b066-b4f234522a96	20	64250193	64324800	31	0.2494
5d07e7cd-558a-41ac-b066-b4f234522a96	21	10354168	13930029	303	-0.1873
5d07e7cd-558a-41ac-b066-b4f234522a96	21	13930431	16731467	1907	-0.2969
5d07e7cd-558a-41ac-b066-b4f234522a96	21	16735940	25302162	6433	-0.3211
5d07e7cd-558a-41ac-b066-b4f234522a96	21	25303947	41586156	12338	-0.2939
5d07e7cd-558a-41ac-b066-b4f234522a96	21	41586387	41586431	2	0.9408
5d07e7cd-558a-41ac-b066-b4f234522a96	21	41589391	42923526	1022	-0.3161
5d07e7cd-558a-41ac-b066-b4f234522a96	21	42930407	43742486	254	-0.2183
5d07e7cd-558a-41ac-b066-b4f234522a96	21	43744973	45251751	788	-0.3076
5d07e7cd-558a-41ac-b066-b4f234522a96	21	45251800	45635448	192	-0.1595
5d07e7cd-558a-41ac-b066-b4f234522a96	21	45636828	46275866	343	-0.3297
5d07e7cd-558a-41ac-b066-b4f234522a96	21	46278190	46677045	266	-0.193
5d07e7cd-558a-41ac-b066-b4f234522a96	22	15294547	15825930	35	-0.0392
5d07e7cd-558a-41ac-b066-b4f234522a96	22	15869820	18128862	1066	-0.3052
5d07e7cd-558a-41ac-b066-b4f234522a96	22	18130790	23300734	2890	-0.1982
5d07e7cd-558a-41ac-b066-b4f234522a96	22	23301025	25308263	1237	-0.2743
5d07e7cd-558a-41ac-b066-b4f234522a96	22	25309347	25340378	31	-0.0597
5d07e7cd-558a-41ac-b066-b4f234522a96	22	25340705	25340710	5	0.6446
5d07e7cd-558a-41ac-b066-b4f234522a96	22	25340711	25549737	264	-0.1698
5d07e7cd-558a-41ac-b066-b4f234522a96	22	25550178	29981437	3456	-0.3021
5d07e7cd-558a-41ac-b066-b4f234522a96	22	29982395	33932462	2839	-0.0738
5d07e7cd-558a-41ac-b066-b4f234522a96	22	33933337	35283097	1239	-0.1686
5d07e7cd-558a-41ac-b066-b4f234522a96	22	35283945	35283958	2	-1.4997
5d07e7cd-558a-41ac-b066-b4f234522a96	22	35284073	43239201	4524	-0.1433
5d07e7cd-558a-41ac-b066-b4f234522a96	22	43239312	48833817	4442	-0.179
5d07e7cd-558a-41ac-b066-b4f234522a96	22	48846566	50796027	1243	-0.1489
5d07e7cd-558a-41ac-b066-b4f234522a96	X	251810	63411859	33557	-0.1338
5d07e7cd-558a-41ac-b066-b4f234522a96	X	63412516	76320080	5740	0.1015
5d07e7cd-558a-41ac-b066-b4f234522a96	X	76334953	76335722	3	1.6854
5d07e7cd-558a-41ac-b066-b4f234522a96	X	76335812	87302975	5773	0.0809
5d07e7cd-558a-41ac-b066-b4f234522a96	X	87303895	87306030	2	1.758
5d07e7cd-558a-41ac-b066-b4f234522a96	X	87306104	89175564	1217	0.0946
5d07e7cd-558a-41ac-b066-b4f234522a96	X	89176672	93985864	1916	0.039
5d07e7cd-558a-41ac-b066-b4f234522a96	X	93986466	113512004	10566	0.1004
5d07e7cd-558a-41ac-b066-b4f234522a96	X	113512475	113513053	5	-1.4573
5d07e7cd-558a-41ac-b066-b4f234522a96	X	113513258	125012148	6711	0.0981
5d07e7cd-558a-41ac-b066-b4f234522a96	X	125014952	125015165	2	-3.4155
5d07e7cd-558a-41ac-b066-b4f234522a96	X	125015318	131489529	3600	0.1063
5d07e7cd-558a-41ac-b066-b4f234522a96	X	131492396	131585041	36	-0.2636
5d07e7cd-558a-41ac-b066-b4f234522a96	X	131585103	135162742	1812	0.0828
5d07e7cd-558a-41ac-b066-b4f234522a96	X	135163229	136003964	407	0.2012
5d07e7cd-558a-41ac-b066-b4f234522a96	X	136004057	137966939	1126	0.0899
5d07e7cd-558a-41ac-b066-b4f234522a96	X	137968518	137969511	2	-1.648
5d07e7cd-558a-41ac-b066-b4f234522a96	X	137977232	145651435	4979	0.0869
5d07e7cd-558a-41ac-b066-b4f234522a96	X	145651759	145652074	2	-2.3239
5d07e7cd-558a-41ac-b066-b4f234522a96	X	145652137	152802078	4689	0.1045
5d07e7cd-558a-41ac-b066-b4f234522a96	X	152802214	155239456	1155	0.1825
5d07e7cd-558a-41ac-b066-b4f234522a96	X	155244980	155952689	193	0.1083
5d07e7cd-558a-41ac-b066-b4f234522a96	Y	2782397	6867396	904	-1.2311
5d07e7cd-558a-41ac-b066-b4f234522a96	Y	6869128	8175133	732	-1.0113
5d07e7cd-558a-41ac-b066-b4f234522a96	Y	8177607	22370828	4789	-1.0827
5d07e7cd-558a-41ac-b066-b4f234522a96	Y	22390215	22737592	4	-1.6055
5d07e7cd-558a-41ac-b066-b4f234522a96	Y	22743060	22804854	4	-3.4005
5d07e7cd-558a-41ac-b066-b4f234522a96	Y	22913244	56872112	202	-1.086
