GDC_Aliquot	Chromosome	Start	End	Num_Probes	Segment_Mean
649f01d6-19bc-427b-b061-a59f3672943c	1	62920	16641879	8668	0.012
649f01d6-19bc-427b-b061-a59f3672943c	1	16641978	16855942	34	0.3614
649f01d6-19bc-427b-b061-a59f3672943c	1	16863509	25003261	5121	0.0088
649f01d6-19bc-427b-b061-a59f3672943c	1	25003287	25003500	2	-1.5099
649f01d6-19bc-427b-b061-a59f3672943c	1	25005094	25256850	191	0.0351
649f01d6-19bc-427b-b061-a59f3672943c	1	25266637	25284961	14	0.891
649f01d6-19bc-427b-b061-a59f3672943c	1	25289805	72284165	28740	0.0039
649f01d6-19bc-427b-b061-a59f3672943c	1	72284670	72318265	26	0.3552
649f01d6-19bc-427b-b061-a59f3672943c	1	72318471	74725098	1478	0.0137
649f01d6-19bc-427b-b061-a59f3672943c	1	74727351	74733606	3	-0.8782
649f01d6-19bc-427b-b061-a59f3672943c	1	74734100	75585159	481	-0.0064
649f01d6-19bc-427b-b061-a59f3672943c	1	75589078	75589169	2	-1.8712
649f01d6-19bc-427b-b061-a59f3672943c	1	75593824	109684893	21674	0.0059
649f01d6-19bc-427b-b061-a59f3672943c	1	109690352	109697556	13	-1.0368
649f01d6-19bc-427b-b061-a59f3672943c	1	109702376	112147704	1951	0.0037
649f01d6-19bc-427b-b061-a59f3672943c	1	112153343	112154754	24	0.3655
649f01d6-19bc-427b-b061-a59f3672943c	1	112154768	121581632	5155	0.0017
649f01d6-19bc-427b-b061-a59f3672943c	1	121593055	143751765	118	0.3215
649f01d6-19bc-427b-b061-a59f3672943c	1	143754062	152787202	2532	0.0267
649f01d6-19bc-427b-b061-a59f3672943c	1	152789447	152796224	37	0.4354
649f01d6-19bc-427b-b061-a59f3672943c	1	152801429	158896783	3613	0.0026
649f01d6-19bc-427b-b061-a59f3672943c	1	158898711	158899969	2	2.2129
649f01d6-19bc-427b-b061-a59f3672943c	1	158905028	196745743	25847	0.0059
649f01d6-19bc-427b-b061-a59f3672943c	1	196758720	196843377	59	0.4526
649f01d6-19bc-427b-b061-a59f3672943c	1	196843400	196846661	2	3.1016
649f01d6-19bc-427b-b061-a59f3672943c	1	196847600	240546781	30231	0.0046
649f01d6-19bc-427b-b061-a59f3672943c	1	240548395	240720064	100	0.5179
649f01d6-19bc-427b-b061-a59f3672943c	1	240722905	241571821	683	-0.0045
649f01d6-19bc-427b-b061-a59f3672943c	1	241572562	241572846	2	-1.7963
649f01d6-19bc-427b-b061-a59f3672943c	1	241573330	242108454	370	0.0081
649f01d6-19bc-427b-b061-a59f3672943c	1	242109094	242466605	287	0.5079
649f01d6-19bc-427b-b061-a59f3672943c	1	242472380	248930189	4135	0.0258
649f01d6-19bc-427b-b061-a59f3672943c	2	12784	4166274	2988	0.0146
649f01d6-19bc-427b-b061-a59f3672943c	2	4166610	4176429	41	0.3338
649f01d6-19bc-427b-b061-a59f3672943c	2	4182472	34295406	20961	0.0036
649f01d6-19bc-427b-b061-a59f3672943c	2	34298911	34300513	2	-2.1251
649f01d6-19bc-427b-b061-a59f3672943c	2	34300900	35750907	1013	0.003
649f01d6-19bc-427b-b061-a59f3672943c	2	35752724	35762850	6	-1.5817
649f01d6-19bc-427b-b061-a59f3672943c	2	35762881	242147305	124511	0.0027
649f01d6-19bc-427b-b061-a59f3672943c	3	20930	26015836	19650	0.0156
649f01d6-19bc-427b-b061-a59f3672943c	3	26015985	26016308	2	-1.645
649f01d6-19bc-427b-b061-a59f3672943c	3	26018803	68697013	28129	0.0129
649f01d6-19bc-427b-b061-a59f3672943c	3	68697108	68698262	14	-1.0585
649f01d6-19bc-427b-b061-a59f3672943c	3	68699607	75338404	4856	0.0036
649f01d6-19bc-427b-b061-a59f3672943c	3	75342398	75519398	72	0.2119
649f01d6-19bc-427b-b061-a59f3672943c	3	75523398	75537654	6	1.1088
649f01d6-19bc-427b-b061-a59f3672943c	3	75546030	95737262	9126	0.0055
649f01d6-19bc-427b-b061-a59f3672943c	3	95748036	95749266	2	-2.526
649f01d6-19bc-427b-b061-a59f3672943c	3	95749836	99205642	1843	-0.0004
649f01d6-19bc-427b-b061-a59f3672943c	3	99210576	99230577	44	0.3314
649f01d6-19bc-427b-b061-a59f3672943c	3	99232120	121561944	13629	0.0056
649f01d6-19bc-427b-b061-a59f3672943c	3	121570652	121609953	47	0.2597
649f01d6-19bc-427b-b061-a59f3672943c	3	121610525	130027784	5027	0.0069
649f01d6-19bc-427b-b061-a59f3672943c	3	130028313	130137637	67	0.4941
649f01d6-19bc-427b-b061-a59f3672943c	3	130137903	149245160	11881	0.0083
649f01d6-19bc-427b-b061-a59f3672943c	3	149245176	149250334	27	-0.798
649f01d6-19bc-427b-b061-a59f3672943c	3	149253293	157000594	4774	0.0098
649f01d6-19bc-427b-b061-a59f3672943c	3	157000645	157001768	2	-1.6673
649f01d6-19bc-427b-b061-a59f3672943c	3	157001905	162815162	3577	0.0095
649f01d6-19bc-427b-b061-a59f3672943c	3	162816942	162822702	6	-1.3373
649f01d6-19bc-427b-b061-a59f3672943c	3	162827928	162908207	48	0.264
649f01d6-19bc-427b-b061-a59f3672943c	3	162908784	193156958	19166	0.0116
649f01d6-19bc-427b-b061-a59f3672943c	3	193160113	193164968	16	0.551
649f01d6-19bc-427b-b061-a59f3672943c	3	193164983	198169247	2696	0.0274
649f01d6-19bc-427b-b061-a59f3672943c	4	68929	3877891	1568	0.0139
649f01d6-19bc-427b-b061-a59f3672943c	4	3884081	4151033	65	0.2716
649f01d6-19bc-427b-b061-a59f3672943c	4	4158336	8720526	3463	-0.0056
649f01d6-19bc-427b-b061-a59f3672943c	4	8722817	9617513	104	0.2242
649f01d6-19bc-427b-b061-a59f3672943c	4	9624789	9630824	3	-0.9499
649f01d6-19bc-427b-b061-a59f3672943c	4	9631635	10208766	497	0.0102
649f01d6-19bc-427b-b061-a59f3672943c	4	10221792	10233644	35	1.2539
649f01d6-19bc-427b-b061-a59f3672943c	4	10234518	10270469	42	0.0152
649f01d6-19bc-427b-b061-a59f3672943c	4	10271164	10273370	11	-0.8772
649f01d6-19bc-427b-b061-a59f3672943c	4	10274358	68478894	36422	0.0038
649f01d6-19bc-427b-b061-a59f3672943c	4	68494770	68623617	69	-1.514
649f01d6-19bc-427b-b061-a59f3672943c	4	68639397	69523998	478	0.066
649f01d6-19bc-427b-b061-a59f3672943c	4	69524143	69525061	2	-2.1668
649f01d6-19bc-427b-b061-a59f3672943c	4	69526170	107130169	22776	0.0065
649f01d6-19bc-427b-b061-a59f3672943c	4	107130343	107155376	39	-0.5526
649f01d6-19bc-427b-b061-a59f3672943c	4	107156277	115244948	5039	0.0065
649f01d6-19bc-427b-b061-a59f3672943c	4	115251455	115254789	20	-0.7056
649f01d6-19bc-427b-b061-a59f3672943c	4	115254798	151868634	21450	0.0025
649f01d6-19bc-427b-b061-a59f3672943c	4	151870381	151871415	12	-0.9201
649f01d6-19bc-427b-b061-a59f3672943c	4	151871739	171448195	12554	0.0089
649f01d6-19bc-427b-b061-a59f3672943c	4	171453733	171456559	10	1.136
649f01d6-19bc-427b-b061-a59f3672943c	4	171456573	172068073	402	-0.0014
649f01d6-19bc-427b-b061-a59f3672943c	4	172068149	172068382	9	-1.3686
649f01d6-19bc-427b-b061-a59f3672943c	4	172074828	179272277	4454	0.0109
649f01d6-19bc-427b-b061-a59f3672943c	4	179275408	179277506	3	-1.8134
649f01d6-19bc-427b-b061-a59f3672943c	4	179281228	190106768	7624	0.0249
649f01d6-19bc-427b-b061-a59f3672943c	5	15532	12998813	10256	0.0099
649f01d6-19bc-427b-b061-a59f3672943c	5	13005102	13014395	3	-1.3911
649f01d6-19bc-427b-b061-a59f3672943c	5	13014933	15719113	1914	0.0097
649f01d6-19bc-427b-b061-a59f3672943c	5	15719241	15720488	10	-0.8104
649f01d6-19bc-427b-b061-a59f3672943c	5	15723237	21376735	3481	0.0103
649f01d6-19bc-427b-b061-a59f3672943c	5	21377730	21377744	2	-1.3328
649f01d6-19bc-427b-b061-a59f3672943c	5	21385957	21451168	46	-0.0616
649f01d6-19bc-427b-b061-a59f3672943c	5	21451855	21451889	2	-2.9189
649f01d6-19bc-427b-b061-a59f3672943c	5	21452329	27524345	3530	-0.0061
649f01d6-19bc-427b-b061-a59f3672943c	5	27525800	27525880	7	-1.3392
649f01d6-19bc-427b-b061-a59f3672943c	5	27525913	46271006	11416	0.0048
649f01d6-19bc-427b-b061-a59f3672943c	5	46271828	46273400	6	-2.3172
649f01d6-19bc-427b-b061-a59f3672943c	5	46278110	57620609	4768	0.0041
649f01d6-19bc-427b-b061-a59f3672943c	5	57621050	57621558	2	-1.5006
649f01d6-19bc-427b-b061-a59f3672943c	5	57621571	58025819	302	0.0104
649f01d6-19bc-427b-b061-a59f3672943c	5	58030200	58037706	32	1.3654
649f01d6-19bc-427b-b061-a59f3672943c	5	58042530	104515520	26834	0.0065
649f01d6-19bc-427b-b061-a59f3672943c	5	104524672	104524903	4	-1.1463
649f01d6-19bc-427b-b061-a59f3672943c	5	104525348	121793804	11843	0.0086
649f01d6-19bc-427b-b061-a59f3672943c	5	121797242	121797263	2	-1.2992
649f01d6-19bc-427b-b061-a59f3672943c	5	121799781	122585932	502	0.0044
649f01d6-19bc-427b-b061-a59f3672943c	5	122588886	122591623	5	-1.0554
649f01d6-19bc-427b-b061-a59f3672943c	5	122600492	156049762	21092	0.0051
649f01d6-19bc-427b-b061-a59f3672943c	5	156049910	156055719	13	-0.7184
649f01d6-19bc-427b-b061-a59f3672943c	5	156068240	180947523	16605	0.0035
649f01d6-19bc-427b-b061-a59f3672943c	5	180951710	180991103	19	-0.3787
649f01d6-19bc-427b-b061-a59f3672943c	5	181006225	181363319	170	0.0241
649f01d6-19bc-427b-b061-a59f3672943c	6	149661	260376	104	0.0079
649f01d6-19bc-427b-b061-a59f3672943c	6	264756	382559	99	0.2706
649f01d6-19bc-427b-b061-a59f3672943c	6	382897	29869295	21451	0.012
649f01d6-19bc-427b-b061-a59f3672943c	6	29869410	29881490	16	-0.9643
649f01d6-19bc-427b-b061-a59f3672943c	6	29882419	31313046	663	0.0366
649f01d6-19bc-427b-b061-a59f3672943c	6	31318499	31327629	7	-1.9133
649f01d6-19bc-427b-b061-a59f3672943c	6	31328176	73882142	24655	0.0125
649f01d6-19bc-427b-b061-a59f3672943c	6	73882509	73891694	10	0.9235
649f01d6-19bc-427b-b061-a59f3672943c	6	73893839	76726442	1770	0.0089
649f01d6-19bc-427b-b061-a59f3672943c	6	76726815	76751356	23	0.3967
649f01d6-19bc-427b-b061-a59f3672943c	6	76758214	78253157	975	-0.0133
649f01d6-19bc-427b-b061-a59f3672943c	6	78253172	78343128	127	0.2349
649f01d6-19bc-427b-b061-a59f3672943c	6	78343294	103286954	15457	0.0097
649f01d6-19bc-427b-b061-a59f3672943c	6	103290101	103314186	46	0.4472
649f01d6-19bc-427b-b061-a59f3672943c	6	103317795	115047731	7312	0.01
649f01d6-19bc-427b-b061-a59f3672943c	6	115057911	115086809	4	-1.1606
649f01d6-19bc-427b-b061-a59f3672943c	6	115087407	163971936	32251	0.0074
649f01d6-19bc-427b-b061-a59f3672943c	6	163972212	164074105	117	0.1617
649f01d6-19bc-427b-b061-a59f3672943c	6	164074410	167992526	2662	0.0126
649f01d6-19bc-427b-b061-a59f3672943c	6	167992606	169095239	857	0.0672
649f01d6-19bc-427b-b061-a59f3672943c	6	169095447	170741917	965	0.01
649f01d6-19bc-427b-b061-a59f3672943c	7	43355	15097772	10149	0.0233
649f01d6-19bc-427b-b061-a59f3672943c	7	15099844	15123385	23	-0.9449
649f01d6-19bc-427b-b061-a59f3672943c	7	15127545	41871298	19646	0.0077
649f01d6-19bc-427b-b061-a59f3672943c	7	41873600	41875586	4	-1.0326
649f01d6-19bc-427b-b061-a59f3672943c	7	41875627	48315223	4224	0.0058
649f01d6-19bc-427b-b061-a59f3672943c	7	48315238	48319997	3	-1.2146
649f01d6-19bc-427b-b061-a59f3672943c	7	48320740	53412041	3788	0.0045
649f01d6-19bc-427b-b061-a59f3672943c	7	53412985	53527922	67	0.2079
649f01d6-19bc-427b-b061-a59f3672943c	7	53533905	54305455	573	0.0052
649f01d6-19bc-427b-b061-a59f3672943c	7	54318812	54318824	6	0.9653
649f01d6-19bc-427b-b061-a59f3672943c	7	54325795	56714614	1568	-0.0045
649f01d6-19bc-427b-b061-a59f3672943c	7	56714729	63023317	644	0.1009
649f01d6-19bc-427b-b061-a59f3672943c	7	63024513	88442451	13596	0.0049
649f01d6-19bc-427b-b061-a59f3672943c	7	88445197	90214246	1195	0.0644
649f01d6-19bc-427b-b061-a59f3672943c	7	90216589	109801187	11463	0.0051
649f01d6-19bc-427b-b061-a59f3672943c	7	109801572	109813853	10	0.7167
649f01d6-19bc-427b-b061-a59f3672943c	7	109813925	125906325	9685	0.0073
649f01d6-19bc-427b-b061-a59f3672943c	7	125909474	125921925	2	-2.5298
649f01d6-19bc-427b-b061-a59f3672943c	7	125924880	126405597	346	0.0333
649f01d6-19bc-427b-b061-a59f3672943c	7	126405632	126406561	9	-0.9994
649f01d6-19bc-427b-b061-a59f3672943c	7	126406822	140349228	8759	0.004
649f01d6-19bc-427b-b061-a59f3672943c	7	140350218	140351281	4	-1.135
649f01d6-19bc-427b-b061-a59f3672943c	7	140354370	154598185	8820	0.0122
649f01d6-19bc-427b-b061-a59f3672943c	7	154601461	154607903	4	1.0771
649f01d6-19bc-427b-b061-a59f3672943c	7	154609120	159334314	3236	0.0086
649f01d6-19bc-427b-b061-a59f3672943c	8	81254	221626	13	0.2049
649f01d6-19bc-427b-b061-a59f3672943c	8	223223	237639	6	-1.1944
649f01d6-19bc-427b-b061-a59f3672943c	8	237866	645875	310	0.013
649f01d6-19bc-427b-b061-a59f3672943c	8	645892	645908	2	-1.9628
649f01d6-19bc-427b-b061-a59f3672943c	8	656117	12177488	10690	0.0175
649f01d6-19bc-427b-b061-a59f3672943c	8	12323772	12376891	11	-1.5826
649f01d6-19bc-427b-b061-a59f3672943c	8	12382326	12387683	12	0.0727
649f01d6-19bc-427b-b061-a59f3672943c	8	12387748	12389977	6	-0.7581
649f01d6-19bc-427b-b061-a59f3672943c	8	12418301	15435453	2660	0.0318
649f01d6-19bc-427b-b061-a59f3672943c	8	15436422	15437936	2	-1.4031
649f01d6-19bc-427b-b061-a59f3672943c	8	15439194	16028400	569	0.0127
649f01d6-19bc-427b-b061-a59f3672943c	8	16029179	16156464	115	0.2235
649f01d6-19bc-427b-b061-a59f3672943c	8	16156540	25116961	7073	0.0083
649f01d6-19bc-427b-b061-a59f3672943c	8	25117007	25126735	24	-0.4701
649f01d6-19bc-427b-b061-a59f3672943c	8	25126818	111282065	51075	0.0072
649f01d6-19bc-427b-b061-a59f3672943c	8	111282237	111283031	8	1.3952
649f01d6-19bc-427b-b061-a59f3672943c	8	111288052	145072769	22918	0.0055
649f01d6-19bc-427b-b061-a59f3672943c	9	46587	564836	446	0.0075
649f01d6-19bc-427b-b061-a59f3672943c	9	565028	602857	61	0.1326
649f01d6-19bc-427b-b061-a59f3672943c	9	602903	606893	4	1.0739
649f01d6-19bc-427b-b061-a59f3672943c	9	606961	706277	186	0.1387
649f01d6-19bc-427b-b061-a59f3672943c	9	706516	42711956	30635	0.0129
649f01d6-19bc-427b-b061-a59f3672943c	9	42715233	42715632	2	1.8123
649f01d6-19bc-427b-b061-a59f3672943c	9	42719891	101227193	23174	0.0023
649f01d6-19bc-427b-b061-a59f3672943c	9	101228134	101231217	2	-1.6561
649f01d6-19bc-427b-b061-a59f3672943c	9	101232756	138200944	24979	0.0063
649f01d6-19bc-427b-b061-a59f3672943c	10	45792	24086334	19198	0.0046
649f01d6-19bc-427b-b061-a59f3672943c	10	24088745	24089125	11	-1.9529
649f01d6-19bc-427b-b061-a59f3672943c	10	24089979	46093430	12284	0.0034
649f01d6-19bc-427b-b061-a59f3672943c	10	46093658	46281263	114	0.5199
649f01d6-19bc-427b-b061-a59f3672943c	10	46286440	46792344	123	-0.082
649f01d6-19bc-427b-b061-a59f3672943c	10	46804606	46810571	2	-1.8597
649f01d6-19bc-427b-b061-a59f3672943c	10	46836986	133654968	58937	0.0056
649f01d6-19bc-427b-b061-a59f3672943c	11	198510	5762693	3228	0.0199
649f01d6-19bc-427b-b061-a59f3672943c	11	5766175	5787818	32	-0.5014
649f01d6-19bc-427b-b061-a59f3672943c	11	5787909	48702884	30085	0.001
649f01d6-19bc-427b-b061-a59f3672943c	11	48712073	48712933	5	-1.0628
649f01d6-19bc-427b-b061-a59f3672943c	11	48720621	49737304	393	0.0206
649f01d6-19bc-427b-b061-a59f3672943c	11	49737435	49739136	7	-0.9952
649f01d6-19bc-427b-b061-a59f3672943c	11	49744609	55198132	517	0.0451
649f01d6-19bc-427b-b061-a59f3672943c	11	55202385	55268996	13	-0.5382
649f01d6-19bc-427b-b061-a59f3672943c	11	55271781	55608804	201	0.0545
649f01d6-19bc-427b-b061-a59f3672943c	11	55609022	55685533	51	-0.4493
649f01d6-19bc-427b-b061-a59f3672943c	11	55686100	134593517	51882	0.0049
649f01d6-19bc-427b-b061-a59f3672943c	11	134594021	134594120	2	-2.9028
649f01d6-19bc-427b-b061-a59f3672943c	11	134594559	135074876	402	0.0278
649f01d6-19bc-427b-b061-a59f3672943c	12	51460	9477960	6174	0.0154
649f01d6-19bc-427b-b061-a59f3672943c	12	9481274	9575696	24	-1.4368
649f01d6-19bc-427b-b061-a59f3672943c	12	9582373	11068125	1037	0.0075
649f01d6-19bc-427b-b061-a59f3672943c	12	11070111	11088933	9	0.8105
649f01d6-19bc-427b-b061-a59f3672943c	12	11099275	11134870	17	0.0457
649f01d6-19bc-427b-b061-a59f3672943c	12	11140532	11152738	6	0.8764
649f01d6-19bc-427b-b061-a59f3672943c	12	11155575	33141726	15517	0.0095
649f01d6-19bc-427b-b061-a59f3672943c	12	33148472	33154440	27	-2.592
649f01d6-19bc-427b-b061-a59f3672943c	12	33155426	38679529	1261	0.0592
649f01d6-19bc-427b-b061-a59f3672943c	12	38680507	126462719	55683	0.0053
649f01d6-19bc-427b-b061-a59f3672943c	12	126462884	133201603	5083	0.0307
649f01d6-19bc-427b-b061-a59f3672943c	13	18452809	20281289	891	0.0335
649f01d6-19bc-427b-b061-a59f3672943c	13	20281649	20282026	2	-1.4181
649f01d6-19bc-427b-b061-a59f3672943c	13	20284636	23055071	1963	0.0092
649f01d6-19bc-427b-b061-a59f3672943c	13	23058539	23059376	12	-0.5757
649f01d6-19bc-427b-b061-a59f3672943c	13	23064056	114342922	61273	0.0056
649f01d6-19bc-427b-b061-a59f3672943c	14	18239283	19294475	47	0.0128
649f01d6-19bc-427b-b061-a59f3672943c	14	19298389	19924455	101	0.2737
649f01d6-19bc-427b-b061-a59f3672943c	14	19924627	41141487	13619	0.0111
649f01d6-19bc-427b-b061-a59f3672943c	14	41145917	41168612	10	-0.5936
649f01d6-19bc-427b-b061-a59f3672943c	14	41184774	53341110	7378	0.0117
649f01d6-19bc-427b-b061-a59f3672943c	14	53341126	53345341	5	-0.9967
649f01d6-19bc-427b-b061-a59f3672943c	14	53345534	60589222	4873	0.0051
649f01d6-19bc-427b-b061-a59f3672943c	14	60591424	60592418	2	-2.2926
649f01d6-19bc-427b-b061-a59f3672943c	14	60599500	106407609	29117	0.0049
649f01d6-19bc-427b-b061-a59f3672943c	14	106407612	106462169	52	-0.5466
649f01d6-19bc-427b-b061-a59f3672943c	14	106462183	106877229	196	0.0373
649f01d6-19bc-427b-b061-a59f3672943c	15	19811075	20001686	45	0.0679
649f01d6-19bc-427b-b061-a59f3672943c	15	20011702	20187568	10	-1.0343
649f01d6-19bc-427b-b061-a59f3672943c	15	20190276	21975606	121	-0.3737
649f01d6-19bc-427b-b061-a59f3672943c	15	21997003	22385639	31	-0.903
649f01d6-19bc-427b-b061-a59f3672943c	15	22395047	32179735	5703	0.0235
649f01d6-19bc-427b-b061-a59f3672943c	15	32212063	32339520	18	-0.6903
649f01d6-19bc-427b-b061-a59f3672943c	15	32355957	101738615	45550	0.0082
649f01d6-19bc-427b-b061-a59f3672943c	15	101748403	101827025	42	0.4267
649f01d6-19bc-427b-b061-a59f3672943c	15	101829176	101928837	31	0.0196
649f01d6-19bc-427b-b061-a59f3672943c	16	10777	22430699	14773	0.018
649f01d6-19bc-427b-b061-a59f3672943c	16	22546611	22692541	71	-0.3436
649f01d6-19bc-427b-b061-a59f3672943c	16	22693199	55764867	12098	0.0088
649f01d6-19bc-427b-b061-a59f3672943c	16	55770436	55788532	15	-0.8373
649f01d6-19bc-427b-b061-a59f3672943c	16	55808442	55836505	15	0.3718
649f01d6-19bc-427b-b061-a59f3672943c	16	55839497	78335535	14262	0.006
649f01d6-19bc-427b-b061-a59f3672943c	16	78335549	78337711	4	0.4673
649f01d6-19bc-427b-b061-a59f3672943c	16	78338543	78350868	16	-1.9913
649f01d6-19bc-427b-b061-a59f3672943c	16	78351104	90096867	10614	0.0093
649f01d6-19bc-427b-b061-a59f3672943c	17	150733	36109735	18255	0.0128
649f01d6-19bc-427b-b061-a59f3672943c	17	36112585	36208249	36	0.9193
649f01d6-19bc-427b-b061-a59f3672943c	17	36460442	41273697	2542	-0.0025
649f01d6-19bc-427b-b061-a59f3672943c	17	41273905	41274198	4	-1.3219
649f01d6-19bc-427b-b061-a59f3672943c	17	41274279	73841419	19452	0.0068
649f01d6-19bc-427b-b061-a59f3672943c	17	73842080	74660489	536	0.0877
649f01d6-19bc-427b-b061-a59f3672943c	17	74661358	78285287	1890	-0.0002
649f01d6-19bc-427b-b061-a59f3672943c	17	78286051	78286887	2	1.444
649f01d6-19bc-427b-b061-a59f3672943c	17	78290662	83091923	2318	0.0164
649f01d6-19bc-427b-b061-a59f3672943c	18	48133	66239629	40459	0.0051
649f01d6-19bc-427b-b061-a59f3672943c	18	66240197	66244639	11	-0.7203
649f01d6-19bc-427b-b061-a59f3672943c	18	66244905	80257174	10270	0.019
649f01d6-19bc-427b-b061-a59f3672943c	19	90910	14901914	6073	0.0108
649f01d6-19bc-427b-b061-a59f3672943c	19	14902796	14905818	3	-1.5316
649f01d6-19bc-427b-b061-a59f3672943c	19	14905848	20034887	2624	0.0039
649f01d6-19bc-427b-b061-a59f3672943c	19	20039647	20041979	2	-2.6035
649f01d6-19bc-427b-b061-a59f3672943c	19	20042954	35358420	8004	0.0109
649f01d6-19bc-427b-b061-a59f3672943c	19	35364451	35370268	17	-0.5755
649f01d6-19bc-427b-b061-a59f3672943c	19	35370747	42786621	3691	0.0116
649f01d6-19bc-427b-b061-a59f3672943c	19	42790238	43099219	132	0.6547
649f01d6-19bc-427b-b061-a59f3672943c	19	43103053	50829011	3659	0.014
649f01d6-19bc-427b-b061-a59f3672943c	19	50829130	50829982	5	-1.2581
649f01d6-19bc-427b-b061-a59f3672943c	19	50835951	51628560	549	0.0081
649f01d6-19bc-427b-b061-a59f3672943c	19	51639099	51644944	11	-0.7685
649f01d6-19bc-427b-b061-a59f3672943c	19	51651652	51846443	146	0.0381
649f01d6-19bc-427b-b061-a59f3672943c	19	51846801	51846997	2	-1.2479
649f01d6-19bc-427b-b061-a59f3672943c	19	51847419	53013829	790	0.0474
649f01d6-19bc-427b-b061-a59f3672943c	19	53015494	53048976	22	0.9782
649f01d6-19bc-427b-b061-a59f3672943c	19	53050987	53551532	398	0.0321
649f01d6-19bc-427b-b061-a59f3672943c	19	53551606	53836093	185	0.184
649f01d6-19bc-427b-b061-a59f3672943c	19	53838324	54812586	493	-0.0104
649f01d6-19bc-427b-b061-a59f3672943c	19	54815158	54866892	24	0.3623
649f01d6-19bc-427b-b061-a59f3672943c	19	54866994	55771003	434	0.0115
649f01d6-19bc-427b-b061-a59f3672943c	19	55771169	55771701	3	-1.4377
649f01d6-19bc-427b-b061-a59f3672943c	19	55774927	58586487	1839	0.0196
649f01d6-19bc-427b-b061-a59f3672943c	20	80664	1571528	1180	0.0274
649f01d6-19bc-427b-b061-a59f3672943c	20	1571784	1580353	23	-0.6077
649f01d6-19bc-427b-b061-a59f3672943c	20	1580934	64324800	41164	0.0091
649f01d6-19bc-427b-b061-a59f3672943c	21	10354168	13277949	132	0.1523
649f01d6-19bc-427b-b061-a59f3672943c	21	13278352	46256565	23446	0.0067
649f01d6-19bc-427b-b061-a59f3672943c	21	46258259	46677045	284	0.1125
649f01d6-19bc-427b-b061-a59f3672943c	22	15294547	18154096	1123	0.0365
649f01d6-19bc-427b-b061-a59f3672943c	22	18154191	18822597	16	0.635
649f01d6-19bc-427b-b061-a59f3672943c	22	18917479	23987520	3253	0.0269
649f01d6-19bc-427b-b061-a59f3672943c	22	23988078	23989773	2	-3.2227
649f01d6-19bc-427b-b061-a59f3672943c	22	23990431	28191146	3609	0.0156
649f01d6-19bc-427b-b061-a59f3672943c	22	28197467	28204340	5	-0.9214
649f01d6-19bc-427b-b061-a59f3672943c	22	28215453	42518968	9147	0.0032
649f01d6-19bc-427b-b061-a59f3672943c	22	42522346	42538456	12	0.6127
649f01d6-19bc-427b-b061-a59f3672943c	22	42546956	49015783	4980	0.0039
649f01d6-19bc-427b-b061-a59f3672943c	22	49015886	50796027	1121	0.07
649f01d6-19bc-427b-b061-a59f3672943c	X	251810	4454198	1258	0.0322
649f01d6-19bc-427b-b061-a59f3672943c	X	4456735	4456806	2	-2.8114
649f01d6-19bc-427b-b061-a59f3672943c	X	4458307	4646806	141	0.0345
649f01d6-19bc-427b-b061-a59f3672943c	X	4648916	4648969	3	-3.6929
649f01d6-19bc-427b-b061-a59f3672943c	X	4650135	155952689	81946	0.0116
649f01d6-19bc-427b-b061-a59f3672943c	Y	2782397	13868975	3430	-0.9809
649f01d6-19bc-427b-b061-a59f3672943c	Y	13869407	13869666	2	-2.7835
649f01d6-19bc-427b-b061-a59f3672943c	Y	13870383	56872112	3207	-0.9904
