GDC_Aliquot	Chromosome	Start	End	Num_Probes	Segment_Mean
e620f891-cb6a-4974-bc00-4b43b116b689	1	62920	7215868	3446	0.0205
e620f891-cb6a-4974-bc00-4b43b116b689	1	7218716	7221432	2	-2.0661
e620f891-cb6a-4974-bc00-4b43b116b689	1	7223988	16855942	5245	0.0188
e620f891-cb6a-4974-bc00-4b43b116b689	1	16863509	16935737	54	-0.4156
e620f891-cb6a-4974-bc00-4b43b116b689	1	16935752	42152238	14450	0.0172
e620f891-cb6a-4974-bc00-4b43b116b689	1	42154483	72297687	19508	-0.0582
e620f891-cb6a-4974-bc00-4b43b116b689	1	72302735	72345393	45	-0.57
e620f891-cb6a-4974-bc00-4b43b116b689	1	72345450	88923261	10830	-0.0635
e620f891-cb6a-4974-bc00-4b43b116b689	1	88923652	112147704	14666	0.0242
e620f891-cb6a-4974-bc00-4b43b116b689	1	112153343	112163506	31	0.5026
e620f891-cb6a-4974-bc00-4b43b116b689	1	112163518	152787202	7778	0.0267
e620f891-cb6a-4974-bc00-4b43b116b689	1	152789447	152796224	37	-1.5551
e620f891-cb6a-4974-bc00-4b43b116b689	1	152801429	164826762	7726	0.0176
e620f891-cb6a-4974-bc00-4b43b116b689	1	164827125	195272551	20709	-0.0142
e620f891-cb6a-4974-bc00-4b43b116b689	1	195272936	212831670	11733	0.0239
e620f891-cb6a-4974-bc00-4b43b116b689	1	212831776	212833055	5	-1.2633
e620f891-cb6a-4974-bc00-4b43b116b689	1	212837094	248930189	25007	0.0222
e620f891-cb6a-4974-bc00-4b43b116b689	2	12784	1773672	1151	0.0833
e620f891-cb6a-4974-bc00-4b43b116b689	2	1774078	62502539	42553	0.0299
e620f891-cb6a-4974-bc00-4b43b116b689	2	62514032	65369542	1548	0.0665
e620f891-cb6a-4974-bc00-4b43b116b689	2	65370266	106231760	21182	-0.01
e620f891-cb6a-4974-bc00-4b43b116b689	2	106232926	146104517	23814	0.0258
e620f891-cb6a-4974-bc00-4b43b116b689	2	146106836	146109366	24	0.766
e620f891-cb6a-4974-bc00-4b43b116b689	2	146120238	153085383	4288	0.0275
e620f891-cb6a-4974-bc00-4b43b116b689	2	153088925	153093172	2	-1.6865
e620f891-cb6a-4974-bc00-4b43b116b689	2	153093907	159102108	3487	0.0173
e620f891-cb6a-4974-bc00-4b43b116b689	2	159103831	159104461	2	-2.6848
e620f891-cb6a-4974-bc00-4b43b116b689	2	159106775	242147305	51172	0.0227
e620f891-cb6a-4974-bc00-4b43b116b689	3	20930	17554031	13748	0.035
e620f891-cb6a-4974-bc00-4b43b116b689	3	17556611	21212793	2092	-0.0448
e620f891-cb6a-4974-bc00-4b43b116b689	3	21213208	21302104	77	0.605
e620f891-cb6a-4974-bc00-4b43b116b689	3	21309842	33868777	8954	-0.0586
e620f891-cb6a-4974-bc00-4b43b116b689	3	33874018	46008216	7765	0.028
e620f891-cb6a-4974-bc00-4b43b116b689	3	46008344	46010221	2	-2.0205
e620f891-cb6a-4974-bc00-4b43b116b689	3	46010251	52988908	3010	0.0182
e620f891-cb6a-4974-bc00-4b43b116b689	3	52988933	53004928	37	-0.667
e620f891-cb6a-4974-bc00-4b43b116b689	3	53005084	64139963	8482	0.0298
e620f891-cb6a-4974-bc00-4b43b116b689	3	64140764	64141336	3	1.5033
e620f891-cb6a-4974-bc00-4b43b116b689	3	64141412	65845332	1619	0.0083
e620f891-cb6a-4974-bc00-4b43b116b689	3	65846134	65848809	2	-2.0792
e620f891-cb6a-4974-bc00-4b43b116b689	3	65852214	68697013	1899	0.0162
e620f891-cb6a-4974-bc00-4b43b116b689	3	68697108	68698262	14	2.0711
e620f891-cb6a-4974-bc00-4b43b116b689	3	68699607	70279503	1291	0.0328
e620f891-cb6a-4974-bc00-4b43b116b689	3	70280387	72452843	1583	-0.0661
e620f891-cb6a-4974-bc00-4b43b116b689	3	72455503	99218940	13000	0.0209
e620f891-cb6a-4974-bc00-4b43b116b689	3	99225614	99230212	27	-0.801
e620f891-cb6a-4974-bc00-4b43b116b689	3	99230225	162822702	38958	0.0291
e620f891-cb6a-4974-bc00-4b43b116b689	3	162827928	162908207	48	0.5634
e620f891-cb6a-4974-bc00-4b43b116b689	3	162908784	176165961	8137	0.03
e620f891-cb6a-4974-bc00-4b43b116b689	3	176170271	176196691	34	-0.8047
e620f891-cb6a-4974-bc00-4b43b116b689	3	176198433	193160113	10957	0.0283
e620f891-cb6a-4974-bc00-4b43b116b689	3	193160173	193165114	19	1.3397
e620f891-cb6a-4974-bc00-4b43b116b689	3	193168646	198169247	2690	0.0284
e620f891-cb6a-4974-bc00-4b43b116b689	4	68929	10208766	5694	-0.0196
e620f891-cb6a-4974-bc00-4b43b116b689	4	10212536	10229874	29	-1.7043
e620f891-cb6a-4974-bc00-4b43b116b689	4	10232590	62802116	32947	-0.011
e620f891-cb6a-4974-bc00-4b43b116b689	4	62804218	62805944	8	-1.5664
e620f891-cb6a-4974-bc00-4b43b116b689	4	62813912	63823000	549	-0.0175
e620f891-cb6a-4974-bc00-4b43b116b689	4	63825160	63842540	33	-0.4072
e620f891-cb6a-4974-bc00-4b43b116b689	4	63850713	68418873	2855	-0.008
e620f891-cb6a-4974-bc00-4b43b116b689	4	68422420	68422424	3	-1.8536
e620f891-cb6a-4974-bc00-4b43b116b689	4	68429081	68506285	12	0.2634
e620f891-cb6a-4974-bc00-4b43b116b689	4	68509223	68686026	73	0.9243
e620f891-cb6a-4974-bc00-4b43b116b689	4	68725894	114254167	27619	-0.0104
e620f891-cb6a-4974-bc00-4b43b116b689	4	114254188	114263096	24	0.5834
e620f891-cb6a-4974-bc00-4b43b116b689	4	114263110	146058834	18706	-0.0098
e620f891-cb6a-4974-bc00-4b43b116b689	4	146059084	146060216	3	-1.882
e620f891-cb6a-4974-bc00-4b43b116b689	4	146062088	167691880	13402	-0.0148
e620f891-cb6a-4974-bc00-4b43b116b689	4	167693814	167700213	12	-0.9855
e620f891-cb6a-4974-bc00-4b43b116b689	4	167706262	171448195	2413	-0.0129
e620f891-cb6a-4974-bc00-4b43b116b689	4	171453733	171456573	11	1.1202
e620f891-cb6a-4974-bc00-4b43b116b689	4	171456625	188300104	11311	-0.0006
e620f891-cb6a-4974-bc00-4b43b116b689	4	188300206	188300221	2	-2.9719
e620f891-cb6a-4974-bc00-4b43b116b689	4	188300270	190106768	1140	0.0231
e620f891-cb6a-4974-bc00-4b43b116b689	5	15532	46271006	30601	0.0333
e620f891-cb6a-4974-bc00-4b43b116b689	5	46271828	46273400	6	-2.094
e620f891-cb6a-4974-bc00-4b43b116b689	5	46278110	52411374	1149	0.0404
e620f891-cb6a-4974-bc00-4b43b116b689	5	52414834	82122944	18112	-0.0629
e620f891-cb6a-4974-bc00-4b43b116b689	5	82123459	82131663	3	-2.0298
e620f891-cb6a-4974-bc00-4b43b116b689	5	82132219	90851630	4850	-0.0602
e620f891-cb6a-4974-bc00-4b43b116b689	5	90852193	176616332	55420	0.0299
e620f891-cb6a-4974-bc00-4b43b116b689	5	176617903	176618014	2	-1.8726
e620f891-cb6a-4974-bc00-4b43b116b689	5	176622621	178680821	936	0.0133
e620f891-cb6a-4974-bc00-4b43b116b689	5	178682974	178686162	3	-1.7349
e620f891-cb6a-4974-bc00-4b43b116b689	5	178691854	181363319	1532	0.0329
e620f891-cb6a-4974-bc00-4b43b116b689	6	149661	265143	107	0.0467
e620f891-cb6a-4974-bc00-4b43b116b689	6	267622	381149	95	-0.2743
e620f891-cb6a-4974-bc00-4b43b116b689	6	382559	6025978	4632	0.0136
e620f891-cb6a-4974-bc00-4b43b116b689	6	6033698	6034203	3	-3.3815
e620f891-cb6a-4974-bc00-4b43b116b689	6	6036812	23060763	12837	0.004
e620f891-cb6a-4974-bc00-4b43b116b689	6	23060767	23064026	3	-1.4379
e620f891-cb6a-4974-bc00-4b43b116b689	6	23067417	29869295	3932	0.0067
e620f891-cb6a-4974-bc00-4b43b116b689	6	29869410	29881490	16	-0.8921
e620f891-cb6a-4974-bc00-4b43b116b689	6	29882419	32461866	1160	0.0332
e620f891-cb6a-4974-bc00-4b43b116b689	6	32461942	32707332	96	-0.2606
e620f891-cb6a-4974-bc00-4b43b116b689	6	32707693	54066286	13656	0.0056
e620f891-cb6a-4974-bc00-4b43b116b689	6	54066353	54067057	7	-1.2504
e620f891-cb6a-4974-bc00-4b43b116b689	6	54070550	64627049	4216	0
e620f891-cb6a-4974-bc00-4b43b116b689	6	64637651	64639099	2	-2.1193
e620f891-cb6a-4974-bc00-4b43b116b689	6	64640883	65683455	695	0.0062
e620f891-cb6a-4974-bc00-4b43b116b689	6	65689589	65693959	23	-0.6032
e620f891-cb6a-4974-bc00-4b43b116b689	6	65697234	78253172	8189	0.0032
e620f891-cb6a-4974-bc00-4b43b116b689	6	78259348	78325223	108	-0.6141
e620f891-cb6a-4974-bc00-4b43b116b689	6	78325310	103286954	15445	0.0105
e620f891-cb6a-4974-bc00-4b43b116b689	6	103290101	103317795	47	-1.1191
e620f891-cb6a-4974-bc00-4b43b116b689	6	103317836	133945130	19021	0.0082
e620f891-cb6a-4974-bc00-4b43b116b689	6	133947933	133948494	2	-2.1395
e620f891-cb6a-4974-bc00-4b43b116b689	6	133950934	147449818	8617	0.0159
e620f891-cb6a-4974-bc00-4b43b116b689	6	147451489	150217776	1940	-0.0739
e620f891-cb6a-4974-bc00-4b43b116b689	6	150220348	170741917	14471	0.0083
e620f891-cb6a-4974-bc00-4b43b116b689	7	43355	22395161	16019	0.0266
e620f891-cb6a-4974-bc00-4b43b116b689	7	22395853	22396868	2	-1.9383
e620f891-cb6a-4974-bc00-4b43b116b689	7	22399135	38251092	11280	0.0233
e620f891-cb6a-4974-bc00-4b43b116b689	7	38251113	38263543	7	0.8398
e620f891-cb6a-4974-bc00-4b43b116b689	7	38263833	38312559	81	0.262
e620f891-cb6a-4974-bc00-4b43b116b689	7	38312638	54305455	11002	0.0184
e620f891-cb6a-4974-bc00-4b43b116b689	7	54318812	54318824	6	1.5761
e620f891-cb6a-4974-bc00-4b43b116b689	7	54325795	126405632	38441	0.0267
e620f891-cb6a-4974-bc00-4b43b116b689	7	126405690	126406561	8	-1.3488
e620f891-cb6a-4974-bc00-4b43b116b689	7	126406822	153445978	16694	0.0292
e620f891-cb6a-4974-bc00-4b43b116b689	7	153449557	153449694	2	-2.0794
e620f891-cb6a-4974-bc00-4b43b116b689	7	153449796	159334314	4094	0.0264
e620f891-cb6a-4974-bc00-4b43b116b689	8	81254	644973	324	0.0274
e620f891-cb6a-4974-bc00-4b43b116b689	8	645220	645908	8	-1.2123
e620f891-cb6a-4974-bc00-4b43b116b689	8	656117	2844412	1705	-0.0119
e620f891-cb6a-4974-bc00-4b43b116b689	8	2846011	2846377	7	-1.2346
e620f891-cb6a-4974-bc00-4b43b116b689	8	2849649	3707280	980	-0.0179
e620f891-cb6a-4974-bc00-4b43b116b689	8	3707351	3707367	2	-1.9887
e620f891-cb6a-4974-bc00-4b43b116b689	8	3707546	5741264	2971	-0.0036
e620f891-cb6a-4974-bc00-4b43b116b689	8	5741274	5746805	21	-0.7082
e620f891-cb6a-4974-bc00-4b43b116b689	8	5746973	7886542	1740	0.0227
e620f891-cb6a-4974-bc00-4b43b116b689	8	7888457	8132772	21	-0.5279
e620f891-cb6a-4974-bc00-4b43b116b689	8	8139659	12025748	3216	-0.0094
e620f891-cb6a-4974-bc00-4b43b116b689	8	12035719	12177488	11	0.1542
e620f891-cb6a-4974-bc00-4b43b116b689	8	12323772	12389977	29	-1.4027
e620f891-cb6a-4974-bc00-4b43b116b689	8	12418301	18413610	5323	-0.0169
e620f891-cb6a-4974-bc00-4b43b116b689	8	18413675	18413877	2	-3.3831
e620f891-cb6a-4974-bc00-4b43b116b689	8	18414438	25113004	5062	-0.0198
e620f891-cb6a-4974-bc00-4b43b116b689	8	25113035	25133589	34	-0.3832
e620f891-cb6a-4974-bc00-4b43b116b689	8	25133612	35729403	7073	-0.0175
e620f891-cb6a-4974-bc00-4b43b116b689	8	35733630	39393968	1928	0.0199
e620f891-cb6a-4974-bc00-4b43b116b689	8	39398542	39505410	42	0.5492
e620f891-cb6a-4974-bc00-4b43b116b689	8	39505427	43306501	2444	0.0291
e620f891-cb6a-4974-bc00-4b43b116b689	8	43306789	43398122	31	0.4194
e620f891-cb6a-4974-bc00-4b43b116b689	8	43398655	59129451	8122	0.0165
e620f891-cb6a-4974-bc00-4b43b116b689	8	59129601	59129852	3	-1.8003
e620f891-cb6a-4974-bc00-4b43b116b689	8	59130571	111282237	31332	0.023
e620f891-cb6a-4974-bc00-4b43b116b689	8	111282417	111283031	7	-2.2782
e620f891-cb6a-4974-bc00-4b43b116b689	8	111288052	124008244	8186	0.0162
e620f891-cb6a-4974-bc00-4b43b116b689	8	124011875	124011941	2	-1.6896
e620f891-cb6a-4974-bc00-4b43b116b689	8	124012464	124979041	672	0.0197
e620f891-cb6a-4974-bc00-4b43b116b689	8	124980327	128589516	2686	-0.0702
e620f891-cb6a-4974-bc00-4b43b116b689	8	128589613	145072769	11329	0.026
e620f891-cb6a-4974-bc00-4b43b116b689	9	46587	5079156	5228	0.0384
e620f891-cb6a-4974-bc00-4b43b116b689	9	5081416	5082995	11	-0.7168
e620f891-cb6a-4974-bc00-4b43b116b689	9	5083003	24500842	15926	0.0396
e620f891-cb6a-4974-bc00-4b43b116b689	9	24503818	24517684	20	-0.7978
e620f891-cb6a-4974-bc00-4b43b116b689	9	24519686	138200944	58129	0.0252
e620f891-cb6a-4974-bc00-4b43b116b689	10	45792	7973687	6854	-0.0415
e620f891-cb6a-4974-bc00-4b43b116b689	10	7981433	11259923	2785	0.0345
e620f891-cb6a-4974-bc00-4b43b116b689	10	11260200	24086334	9507	-0.014
e620f891-cb6a-4974-bc00-4b43b116b689	10	24088745	24089125	11	-2.4582
e620f891-cb6a-4974-bc00-4b43b116b689	10	24089979	50070600	14181	-0.0106
e620f891-cb6a-4974-bc00-4b43b116b689	10	50081224	50132160	4	-2.2201
e620f891-cb6a-4974-bc00-4b43b116b689	10	50144008	54920517	3631	-0.0017
e620f891-cb6a-4974-bc00-4b43b116b689	10	54923330	54924277	2	-2.6712
e620f891-cb6a-4974-bc00-4b43b116b689	10	54927534	65546321	7342	-0.0141
e620f891-cb6a-4974-bc00-4b43b116b689	10	65546400	65554688	30	0.5777
e620f891-cb6a-4974-bc00-4b43b116b689	10	65563037	133654968	46137	-0.0145
e620f891-cb6a-4974-bc00-4b43b116b689	11	198510	4213452	1728	0.0144
e620f891-cb6a-4974-bc00-4b43b116b689	11	4213497	4314837	32	0.5256
e620f891-cb6a-4974-bc00-4b43b116b689	11	4325579	5755393	1447	0.0193
e620f891-cb6a-4974-bc00-4b43b116b689	11	5755762	5794956	52	0.3467
e620f891-cb6a-4974-bc00-4b43b116b689	11	5795002	6086560	234	0.0595
e620f891-cb6a-4974-bc00-4b43b116b689	11	6087039	6100864	8	1.0067
e620f891-cb6a-4974-bc00-4b43b116b689	11	6101273	18916085	9141	0.0218
e620f891-cb6a-4974-bc00-4b43b116b689	11	18917623	18940469	51	0.3796
e620f891-cb6a-4974-bc00-4b43b116b689	11	18940586	50229292	21191	0.0314
e620f891-cb6a-4974-bc00-4b43b116b689	11	50231313	55480959	424	0.1202
e620f891-cb6a-4974-bc00-4b43b116b689	11	55482305	55494429	12	-0.6161
e620f891-cb6a-4974-bc00-4b43b116b689	11	55497932	55835699	242	0.1593
e620f891-cb6a-4974-bc00-4b43b116b689	11	55835764	89813759	19707	0.0279
e620f891-cb6a-4974-bc00-4b43b116b689	11	89814936	89847184	5	1.2653
e620f891-cb6a-4974-bc00-4b43b116b689	11	89878176	93201167	2286	0.0373
e620f891-cb6a-4974-bc00-4b43b116b689	11	93202996	93205318	3	-3.0942
e620f891-cb6a-4974-bc00-4b43b116b689	11	93208587	93486776	153	0.0663
e620f891-cb6a-4974-bc00-4b43b116b689	11	93488931	93491739	2	-2.0357
e620f891-cb6a-4974-bc00-4b43b116b689	11	93493618	99968957	4775	0.019
e620f891-cb6a-4974-bc00-4b43b116b689	11	99972614	99972870	3	-1.7011
e620f891-cb6a-4974-bc00-4b43b116b689	11	99974970	127709776	19484	0.0198
e620f891-cb6a-4974-bc00-4b43b116b689	11	127711756	130014510	1730	0.0989
e620f891-cb6a-4974-bc00-4b43b116b689	11	130026680	135074876	3913	0.0363
e620f891-cb6a-4974-bc00-4b43b116b689	12	51460	9477960	6164	0.023
e620f891-cb6a-4974-bc00-4b43b116b689	12	9481274	9575696	24	0.8425
e620f891-cb6a-4974-bc00-4b43b116b689	12	9582373	12383285	2027	0.0193
e620f891-cb6a-4974-bc00-4b43b116b689	12	12383363	12388935	16	-0.5926
e620f891-cb6a-4974-bc00-4b43b116b689	12	12389946	26602613	9765	0.0284
e620f891-cb6a-4974-bc00-4b43b116b689	12	26602870	26603660	2	-2.0626
e620f891-cb6a-4974-bc00-4b43b116b689	12	26603673	27493059	568	0.0511
e620f891-cb6a-4974-bc00-4b43b116b689	12	27494808	27498429	28	-0.6201
e620f891-cb6a-4974-bc00-4b43b116b689	12	27504228	133201603	66066	0.0259
e620f891-cb6a-4974-bc00-4b43b116b689	13	18452809	36369640	12662	0.0266
e620f891-cb6a-4974-bc00-4b43b116b689	13	36370595	37496998	787	-0.0546
e620f891-cb6a-4974-bc00-4b43b116b689	13	37497899	37510620	16	-2.0301
e620f891-cb6a-4974-bc00-4b43b116b689	13	37514193	44051799	4673	-0.0689
e620f891-cb6a-4974-bc00-4b43b116b689	13	44052613	44053021	3	-2.1286
e620f891-cb6a-4974-bc00-4b43b116b689	13	44053092	70160420	15716	-0.0505
e620f891-cb6a-4974-bc00-4b43b116b689	13	70161932	70198763	48	-0.92
e620f891-cb6a-4974-bc00-4b43b116b689	13	70201639	71902850	1062	-0.0728
e620f891-cb6a-4974-bc00-4b43b116b689	13	71903417	71906418	4	-2.9975
e620f891-cb6a-4974-bc00-4b43b116b689	13	71906467	113786131	28811	-0.0646
e620f891-cb6a-4974-bc00-4b43b116b689	13	113789240	114342922	202	0.0077
e620f891-cb6a-4974-bc00-4b43b116b689	14	18239283	19675350	63	0.0924
e620f891-cb6a-4974-bc00-4b43b116b689	14	19689684	19957701	107	0.5782
e620f891-cb6a-4974-bc00-4b43b116b689	14	19957752	21928968	1356	0.043
e620f891-cb6a-4974-bc00-4b43b116b689	14	21929841	22324711	341	0.1851
e620f891-cb6a-4974-bc00-4b43b116b689	14	22325865	22329312	6	-1.0504
e620f891-cb6a-4974-bc00-4b43b116b689	14	22332503	22501067	129	0.2169
e620f891-cb6a-4974-bc00-4b43b116b689	14	22501252	39810900	10823	0.0209
e620f891-cb6a-4974-bc00-4b43b116b689	14	39811019	105612353	41950	-0.0555
e620f891-cb6a-4974-bc00-4b43b116b689	14	105612687	106877229	506	0.0571
e620f891-cb6a-4974-bc00-4b43b116b689	15	19811075	20376311	95	-0.0824
e620f891-cb6a-4974-bc00-4b43b116b689	15	20380735	20625071	41	-0.5099
e620f891-cb6a-4974-bc00-4b43b116b689	15	20625279	25174845	1552	0.017
e620f891-cb6a-4974-bc00-4b43b116b689	15	25176460	25185096	7	-1.1052
e620f891-cb6a-4974-bc00-4b43b116b689	15	25188158	43600643	11451	0.0147
e620f891-cb6a-4974-bc00-4b43b116b689	15	43601620	43692744	21	-0.711
e620f891-cb6a-4974-bc00-4b43b116b689	15	43698230	47454287	2081	0.0028
e620f891-cb6a-4974-bc00-4b43b116b689	15	47454577	101928837	36195	0.0486
e620f891-cb6a-4974-bc00-4b43b116b689	16	10777	77312177	40039	-0.0121
e620f891-cb6a-4974-bc00-4b43b116b689	16	77312191	77312537	2	-2.0404
e620f891-cb6a-4974-bc00-4b43b116b689	16	77313632	90096867	11710	-0.0114
e620f891-cb6a-4974-bc00-4b43b116b689	17	150733	8339592	4531	0.0158
e620f891-cb6a-4974-bc00-4b43b116b689	17	8344229	8344415	2	-2.26
e620f891-cb6a-4974-bc00-4b43b116b689	17	8346140	18414080	6842	0.0114
e620f891-cb6a-4974-bc00-4b43b116b689	17	18452078	18550123	25	-0.6177
e620f891-cb6a-4974-bc00-4b43b116b689	17	18561272	46286804	12028	0.016
e620f891-cb6a-4974-bc00-4b43b116b689	17	46323701	46571001	6	-1.5659
e620f891-cb6a-4974-bc00-4b43b116b689	17	46664059	63876752	10050	-0.0134
e620f891-cb6a-4974-bc00-4b43b116b689	17	63876795	66101654	1214	-0.1181
e620f891-cb6a-4974-bc00-4b43b116b689	17	66104076	83091923	10264	-0.0133
e620f891-cb6a-4974-bc00-4b43b116b689	18	48133	40680516	22741	0.0235
e620f891-cb6a-4974-bc00-4b43b116b689	18	40680526	40685425	14	-1.9195
e620f891-cb6a-4974-bc00-4b43b116b689	18	40688060	80257174	27860	0.0264
e620f891-cb6a-4974-bc00-4b43b116b689	19	90910	20403612	8905	-0.0169
e620f891-cb6a-4974-bc00-4b43b116b689	19	20405326	20541093	81	-0.4868
e620f891-cb6a-4974-bc00-4b43b116b689	19	20542173	42782612	11389	0.0077
e620f891-cb6a-4974-bc00-4b43b116b689	19	42783304	43033226	113	-0.7524
e620f891-cb6a-4974-bc00-4b43b116b689	19	43034626	51639677	4237	0.0179
e620f891-cb6a-4974-bc00-4b43b116b689	19	51641117	51644944	8	1.0514
e620f891-cb6a-4974-bc00-4b43b116b689	19	51651652	58586487	4334	0.0351
e620f891-cb6a-4974-bc00-4b43b116b689	20	80664	1580305	1199	0.0208
e620f891-cb6a-4974-bc00-4b43b116b689	20	1580353	1617460	44	-0.5613
e620f891-cb6a-4974-bc00-4b43b116b689	20	1617690	54028329	33569	0.0219
e620f891-cb6a-4974-bc00-4b43b116b689	20	54031269	54042112	36	-0.6391
e620f891-cb6a-4974-bc00-4b43b116b689	20	54046035	64324800	7449	0.0144
e620f891-cb6a-4974-bc00-4b43b116b689	21	10354168	46677045	23807	-0.0162
e620f891-cb6a-4974-bc00-4b43b116b689	22	15294547	19887899	1740	0.0383
e620f891-cb6a-4974-bc00-4b43b116b689	22	19891497	19892415	2	-2.5152
e620f891-cb6a-4974-bc00-4b43b116b689	22	19893902	33777419	9885	0.0281
e620f891-cb6a-4974-bc00-4b43b116b689	22	33778960	33778998	4	-2.1381
e620f891-cb6a-4974-bc00-4b43b116b689	22	33785435	42829186	5651	0.024
e620f891-cb6a-4974-bc00-4b43b116b689	22	42830593	50796027	5963	-0.0656
e620f891-cb6a-4974-bc00-4b43b116b689	X	251810	28821786	17491	0.0096
e620f891-cb6a-4974-bc00-4b43b116b689	X	28821928	28824985	7	-2.7692
e620f891-cb6a-4974-bc00-4b43b116b689	X	28832106	32530331	2498	0.0181
e620f891-cb6a-4974-bc00-4b43b116b689	X	32530849	32534001	4	-2.5431
e620f891-cb6a-4974-bc00-4b43b116b689	X	32535245	38438347	3603	0.0094
e620f891-cb6a-4974-bc00-4b43b116b689	X	38438583	38438756	2	-4.1138
e620f891-cb6a-4974-bc00-4b43b116b689	X	38438789	75378625	15123	0.0057
e620f891-cb6a-4974-bc00-4b43b116b689	X	75378852	75380962	3	-3.4082
e620f891-cb6a-4974-bc00-4b43b116b689	X	75381349	87859559	6554	0.0049
e620f891-cb6a-4974-bc00-4b43b116b689	X	87861079	87867658	4	-3.7228
e620f891-cb6a-4974-bc00-4b43b116b689	X	87870539	155952689	37908	0.0125
e620f891-cb6a-4974-bc00-4b43b116b689	Y	2782397	56872112	6636	-1.0705
