GDC_Aliquot	Chromosome	Start	End	Num_Probes	Segment_Mean
30a3a2af-9c10-406c-abcb-fa98ff0a6f91	1	62920	34626073	18985	0.0045
30a3a2af-9c10-406c-abcb-fa98ff0a6f91	1	34637053	34638890	20	-0.55
30a3a2af-9c10-406c-abcb-fa98ff0a6f91	1	34648667	72284165	23754	0.0058
30a3a2af-9c10-406c-abcb-fa98ff0a6f91	1	72284670	72297687	10	0.8195
30a3a2af-9c10-406c-abcb-fa98ff0a6f91	1	72302735	72303233	3	-0.8632
30a3a2af-9c10-406c-abcb-fa98ff0a6f91	1	72303253	72345465	45	-1.8138
30a3a2af-9c10-406c-abcb-fa98ff0a6f91	1	72346221	99358069	17384	0.003
30a3a2af-9c10-406c-abcb-fa98ff0a6f91	1	99358177	99359630	2	-2.0046
30a3a2af-9c10-406c-abcb-fa98ff0a6f91	1	99361917	105478759	3574	0.0112
30a3a2af-9c10-406c-abcb-fa98ff0a6f91	1	105479005	105479753	9	1.1712
30a3a2af-9c10-406c-abcb-fa98ff0a6f91	1	105481433	112147704	4597	0.011
30a3a2af-9c10-406c-abcb-fa98ff0a6f91	1	112153343	112154390	18	-0.6026
30a3a2af-9c10-406c-abcb-fa98ff0a6f91	1	112154552	112546239	323	-0.0473
30a3a2af-9c10-406c-abcb-fa98ff0a6f91	1	112546384	112557392	6	-1.1973
30a3a2af-9c10-406c-abcb-fa98ff0a6f91	1	112558546	145716786	5002	0.0047
30a3a2af-9c10-406c-abcb-fa98ff0a6f91	1	145716953	150590838	1157	0.0792
30a3a2af-9c10-406c-abcb-fa98ff0a6f91	1	150593647	152582700	1120	0.0003
30a3a2af-9c10-406c-abcb-fa98ff0a6f91	1	152583051	152614064	33	-0.6968
30a3a2af-9c10-406c-abcb-fa98ff0a6f91	1	152614100	152787202	169	0.0273
30a3a2af-9c10-406c-abcb-fa98ff0a6f91	1	152789447	152796224	37	-1.8236
30a3a2af-9c10-406c-abcb-fa98ff0a6f91	1	152801429	169247699	11272	0.0076
30a3a2af-9c10-406c-abcb-fa98ff0a6f91	1	169264736	169272528	7	0.9579
30a3a2af-9c10-406c-abcb-fa98ff0a6f91	1	169273163	189679027	13442	0.0103
30a3a2af-9c10-406c-abcb-fa98ff0a6f91	1	189679353	189679397	2	1.8301
30a3a2af-9c10-406c-abcb-fa98ff0a6f91	1	189682917	193186325	2334	0.0073
30a3a2af-9c10-406c-abcb-fa98ff0a6f91	1	193186382	193187218	7	-0.6451
30a3a2af-9c10-406c-abcb-fa98ff0a6f91	1	193190593	193244080	101	0.0058
30a3a2af-9c10-406c-abcb-fa98ff0a6f91	1	193244261	193244344	4	1.2688
30a3a2af-9c10-406c-abcb-fa98ff0a6f91	1	193252785	196758720	2292	0.0034
30a3a2af-9c10-406c-abcb-fa98ff0a6f91	1	196761905	196843377	58	0.7418
30a3a2af-9c10-406c-abcb-fa98ff0a6f91	1	196843400	196846661	2	5.9129
30a3a2af-9c10-406c-abcb-fa98ff0a6f91	1	196847600	209897717	8782	0.0044
30a3a2af-9c10-406c-abcb-fa98ff0a6f91	1	209908268	209910639	3	-1.9098
30a3a2af-9c10-406c-abcb-fa98ff0a6f91	1	209913207	225486571	10592	0.0066
30a3a2af-9c10-406c-abcb-fa98ff0a6f91	1	225486599	225496309	16	-0.4985
30a3a2af-9c10-406c-abcb-fa98ff0a6f91	1	225496430	246101396	14735	0.0089
30a3a2af-9c10-406c-abcb-fa98ff0a6f91	1	246102300	248930189	1682	0.0585
30a3a2af-9c10-406c-abcb-fa98ff0a6f91	2	12784	6289559	4856	-0.0291
30a3a2af-9c10-406c-abcb-fa98ff0a6f91	2	6293041	6295056	5	-1.6087
30a3a2af-9c10-406c-abcb-fa98ff0a6f91	2	6301099	14563570	6172	-0.0324
30a3a2af-9c10-406c-abcb-fa98ff0a6f91	2	14564825	14569968	12	-1.4375
30a3a2af-9c10-406c-abcb-fa98ff0a6f91	2	14570240	34295406	12934	-0.0107
30a3a2af-9c10-406c-abcb-fa98ff0a6f91	2	34298911	34300513	2	-3.1777
30a3a2af-9c10-406c-abcb-fa98ff0a6f91	2	34300900	89305244	35938	-0.0157
30a3a2af-9c10-406c-abcb-fa98ff0a6f91	2	89896149	90235899	130	-1.2681
30a3a2af-9c10-406c-abcb-fa98ff0a6f91	2	90262403	115082753	11218	-0.0174
30a3a2af-9c10-406c-abcb-fa98ff0a6f91	2	115083818	115084301	2	-2.0806
30a3a2af-9c10-406c-abcb-fa98ff0a6f91	2	115085849	121817275	4181	-0.0213
30a3a2af-9c10-406c-abcb-fa98ff0a6f91	2	121819002	121819211	2	-1.7823
30a3a2af-9c10-406c-abcb-fa98ff0a6f91	2	121820716	146104517	14936	-0.0202
30a3a2af-9c10-406c-abcb-fa98ff0a6f91	2	146106836	146109366	24	1.0703
30a3a2af-9c10-406c-abcb-fa98ff0a6f91	2	146120238	207490231	36963	-0.0177
30a3a2af-9c10-406c-abcb-fa98ff0a6f91	2	207490454	207494612	16	0.9346
30a3a2af-9c10-406c-abcb-fa98ff0a6f91	2	207494752	212316597	3038	-0.0133
30a3a2af-9c10-406c-abcb-fa98ff0a6f91	2	212321824	212327101	25	-1.0386
30a3a2af-9c10-406c-abcb-fa98ff0a6f91	2	212327402	236894941	15949	-0.0192
30a3a2af-9c10-406c-abcb-fa98ff0a6f91	2	236895235	236895291	2	-3.225
30a3a2af-9c10-406c-abcb-fa98ff0a6f91	2	236895339	241841244	2935	-0.0186
30a3a2af-9c10-406c-abcb-fa98ff0a6f91	2	241973315	241976006	6	-1.3547
30a3a2af-9c10-406c-abcb-fa98ff0a6f91	2	241976372	242011715	27	-4.6437
30a3a2af-9c10-406c-abcb-fa98ff0a6f91	2	242015916	242030085	20	-0.5176
30a3a2af-9c10-406c-abcb-fa98ff0a6f91	2	242030144	242095460	52	-1.3391
30a3a2af-9c10-406c-abcb-fa98ff0a6f91	2	242095518	242147305	23	-0.0718
30a3a2af-9c10-406c-abcb-fa98ff0a6f91	3	20930	9318037	8207	0.0053
30a3a2af-9c10-406c-abcb-fa98ff0a6f91	3	9318527	9322320	6	-1.8606
30a3a2af-9c10-406c-abcb-fa98ff0a6f91	3	9325341	26570158	11798	0.0078
30a3a2af-9c10-406c-abcb-fa98ff0a6f91	3	26570176	26570394	4	1.1609
30a3a2af-9c10-406c-abcb-fa98ff0a6f91	3	26570407	37935926	7616	-0.0009
30a3a2af-9c10-406c-abcb-fa98ff0a6f91	3	37940617	37945615	19	-0.9171
30a3a2af-9c10-406c-abcb-fa98ff0a6f91	3	37945651	46751887	5542	0.0146
30a3a2af-9c10-406c-abcb-fa98ff0a6f91	3	46760327	46806126	38	-0.8224
30a3a2af-9c10-406c-abcb-fa98ff0a6f91	3	46807689	52987994	2489	0.0106
30a3a2af-9c10-406c-abcb-fa98ff0a6f91	3	52988392	53005263	46	0.3939
30a3a2af-9c10-406c-abcb-fa98ff0a6f91	3	53005439	60792199	5781	0.0089
30a3a2af-9c10-406c-abcb-fa98ff0a6f91	3	60794907	60795294	4	-1.0525
30a3a2af-9c10-406c-abcb-fa98ff0a6f91	3	60798502	75519398	11190	0.0062
30a3a2af-9c10-406c-abcb-fa98ff0a6f91	3	75523398	75537654	6	-2.0043
30a3a2af-9c10-406c-abcb-fa98ff0a6f91	3	75546030	130044016	29728	0.0026
30a3a2af-9c10-406c-abcb-fa98ff0a6f91	3	130044855	130087393	38	0.7784
30a3a2af-9c10-406c-abcb-fa98ff0a6f91	3	130088081	162419812	19997	0.0125
30a3a2af-9c10-406c-abcb-fa98ff0a6f91	3	162419865	162424788	10	-0.8423
30a3a2af-9c10-406c-abcb-fa98ff0a6f91	3	162424805	162795304	264	0.0224
30a3a2af-9c10-406c-abcb-fa98ff0a6f91	3	162795361	162898127	61	0.8018
30a3a2af-9c10-406c-abcb-fa98ff0a6f91	3	162906054	183577506	12575	0.0087
30a3a2af-9c10-406c-abcb-fa98ff0a6f91	3	183578755	184129491	286	0.1344
30a3a2af-9c10-406c-abcb-fa98ff0a6f91	3	184131265	190081915	4168	0.0077
30a3a2af-9c10-406c-abcb-fa98ff0a6f91	3	190083768	190089887	8	-1.6569
30a3a2af-9c10-406c-abcb-fa98ff0a6f91	3	190096550	193160173	2146	-0.0044
30a3a2af-9c10-406c-abcb-fa98ff0a6f91	3	193160256	193165114	18	1.7892
30a3a2af-9c10-406c-abcb-fa98ff0a6f91	3	193168646	195559056	1483	-0.0053
30a3a2af-9c10-406c-abcb-fa98ff0a6f91	3	195656271	195720051	25	0.9606
30a3a2af-9c10-406c-abcb-fa98ff0a6f91	3	195728637	198106927	1150	0.0602
30a3a2af-9c10-406c-abcb-fa98ff0a6f91	3	198106942	198169247	35	-0.3979
30a3a2af-9c10-406c-abcb-fa98ff0a6f91	4	68929	4133273	1630	0.0201
30a3a2af-9c10-406c-abcb-fa98ff0a6f91	4	4133604	4151033	3	-1.9779
30a3a2af-9c10-406c-abcb-fa98ff0a6f91	4	4158336	10208766	4072	0.0031
30a3a2af-9c10-406c-abcb-fa98ff0a6f91	4	10212536	10233644	36	1.44
30a3a2af-9c10-406c-abcb-fa98ff0a6f91	4	10234518	10389091	170	0.0121
30a3a2af-9c10-406c-abcb-fa98ff0a6f91	4	10390730	10399044	16	-2.2598
30a3a2af-9c10-406c-abcb-fa98ff0a6f91	4	10401094	22187138	8670	0.005
30a3a2af-9c10-406c-abcb-fa98ff0a6f91	4	22187551	22187554	2	-1.5812
30a3a2af-9c10-406c-abcb-fa98ff0a6f91	4	22187684	27677152	3729	0.0001
30a3a2af-9c10-406c-abcb-fa98ff0a6f91	4	27678861	27679125	2	-1.6193
30a3a2af-9c10-406c-abcb-fa98ff0a6f91	4	27679812	34777432	4379	0.0037
30a3a2af-9c10-406c-abcb-fa98ff0a6f91	4	34784878	34823103	38	-2.4835
30a3a2af-9c10-406c-abcb-fa98ff0a6f91	4	34828250	63828222	16561	0.0152
30a3a2af-9c10-406c-abcb-fa98ff0a6f91	4	63831751	63842540	28	-0.6596
30a3a2af-9c10-406c-abcb-fa98ff0a6f91	4	63850713	68378716	2852	0.0138
30a3a2af-9c10-406c-abcb-fa98ff0a6f91	4	68389352	68623617	88	0.3742
30a3a2af-9c10-406c-abcb-fa98ff0a6f91	4	68639397	69261926	315	-0.0157
30a3a2af-9c10-406c-abcb-fa98ff0a6f91	4	69261934	69366406	55	-0.833
30a3a2af-9c10-406c-abcb-fa98ff0a6f91	4	69370433	85176068	9790	0.0005
30a3a2af-9c10-406c-abcb-fa98ff0a6f91	4	85179743	85195135	14	-0.734
30a3a2af-9c10-406c-abcb-fa98ff0a6f91	4	85199291	85722704	386	0.0188
30a3a2af-9c10-406c-abcb-fa98ff0a6f91	4	85722755	85722949	2	1.7451
30a3a2af-9c10-406c-abcb-fa98ff0a6f91	4	85722977	129141596	25873	0.0093
30a3a2af-9c10-406c-abcb-fa98ff0a6f91	4	129146391	129147005	2	-2.9122
30a3a2af-9c10-406c-abcb-fa98ff0a6f91	4	129151408	129755920	453	0.0161
30a3a2af-9c10-406c-abcb-fa98ff0a6f91	4	129756237	129756248	2	-2.0534
30a3a2af-9c10-406c-abcb-fa98ff0a6f91	4	129758438	137258291	4160	0.0175
30a3a2af-9c10-406c-abcb-fa98ff0a6f91	4	137261279	137270870	52	-0.8003
30a3a2af-9c10-406c-abcb-fa98ff0a6f91	4	137271024	139677176	1596	0.0002
30a3a2af-9c10-406c-abcb-fa98ff0a6f91	4	139677899	139679283	4	-1.232
30a3a2af-9c10-406c-abcb-fa98ff0a6f91	4	139680637	160952848	12980	0.0066
30a3a2af-9c10-406c-abcb-fa98ff0a6f91	4	160958866	160963767	22	-0.8009
30a3a2af-9c10-406c-abcb-fa98ff0a6f91	4	160963806	187807750	17726	0.0119
30a3a2af-9c10-406c-abcb-fa98ff0a6f91	4	187808095	188510674	475	0.1224
30a3a2af-9c10-406c-abcb-fa98ff0a6f91	4	188510765	188511153	2	1.7969
30a3a2af-9c10-406c-abcb-fa98ff0a6f91	4	188511217	188623226	133	0.1486
30a3a2af-9c10-406c-abcb-fa98ff0a6f91	4	188623384	190106768	828	0.0348
30a3a2af-9c10-406c-abcb-fa98ff0a6f91	5	15532	12800777	10187	0.0089
30a3a2af-9c10-406c-abcb-fa98ff0a6f91	5	12815668	12826538	11	1.1477
30a3a2af-9c10-406c-abcb-fa98ff0a6f91	5	12833745	16517021	2518	0.0036
30a3a2af-9c10-406c-abcb-fa98ff0a6f91	5	16517258	16517630	2	-2.179
30a3a2af-9c10-406c-abcb-fa98ff0a6f91	5	16520270	45888562	17880	0.0069
30a3a2af-9c10-406c-abcb-fa98ff0a6f91	5	45892447	46271006	74	0.2863
30a3a2af-9c10-406c-abcb-fa98ff0a6f91	5	46271828	46273400	6	-2.9177
30a3a2af-9c10-406c-abcb-fa98ff0a6f91	5	46278110	50405157	94	0.1931
30a3a2af-9c10-406c-abcb-fa98ff0a6f91	5	50405725	56357443	3759	0.007
30a3a2af-9c10-406c-abcb-fa98ff0a6f91	5	56357680	56357894	3	-1.4049
30a3a2af-9c10-406c-abcb-fa98ff0a6f91	5	56358031	58025819	1216	0.0111
30a3a2af-9c10-406c-abcb-fa98ff0a6f91	5	58030200	58037688	31	-0.5579
30a3a2af-9c10-406c-abcb-fa98ff0a6f91	5	58037706	69550476	7296	0.008
30a3a2af-9c10-406c-abcb-fa98ff0a6f91	5	69571467	69822308	5	-0.9569
30a3a2af-9c10-406c-abcb-fa98ff0a6f91	5	69937600	71707127	220	0.0167
30a3a2af-9c10-406c-abcb-fa98ff0a6f91	5	71707696	71708750	3	-1.334
30a3a2af-9c10-406c-abcb-fa98ff0a6f91	5	71711932	104515520	19308	0.0076
30a3a2af-9c10-406c-abcb-fa98ff0a6f91	5	104524672	104524903	4	1.4963
30a3a2af-9c10-406c-abcb-fa98ff0a6f91	5	104525348	119618000	10417	0.0059
30a3a2af-9c10-406c-abcb-fa98ff0a6f91	5	119624251	119625679	4	-1.137
30a3a2af-9c10-406c-abcb-fa98ff0a6f91	5	119625926	132272598	7781	0.0042
30a3a2af-9c10-406c-abcb-fa98ff0a6f91	5	132274539	132274546	2	-2.1501
30a3a2af-9c10-406c-abcb-fa98ff0a6f91	5	132276863	181363319	32053	0.0034
30a3a2af-9c10-406c-abcb-fa98ff0a6f91	6	149661	267693	109	0.0875
30a3a2af-9c10-406c-abcb-fa98ff0a6f91	6	271773	381149	93	0.2786
30a3a2af-9c10-406c-abcb-fa98ff0a6f91	6	382559	6025978	4644	0.0003
30a3a2af-9c10-406c-abcb-fa98ff0a6f91	6	6033698	6034203	3	-4.3644
30a3a2af-9c10-406c-abcb-fa98ff0a6f91	6	6036812	14838212	6809	-0.002
30a3a2af-9c10-406c-abcb-fa98ff0a6f91	6	14839819	14841727	3	-1.6791
30a3a2af-9c10-406c-abcb-fa98ff0a6f91	6	14843529	29869295	9992	0.0091
30a3a2af-9c10-406c-abcb-fa98ff0a6f91	6	29869410	29913481	27	0.5898
30a3a2af-9c10-406c-abcb-fa98ff0a6f91	6	29913570	31318528	652	0.0074
30a3a2af-9c10-406c-abcb-fa98ff0a6f91	6	31318754	31328674	9	-1.6728
30a3a2af-9c10-406c-abcb-fa98ff0a6f91	6	31342147	32614112	542	0.0668
30a3a2af-9c10-406c-abcb-fa98ff0a6f91	6	32614426	32634330	9	-1.1313
30a3a2af-9c10-406c-abcb-fa98ff0a6f91	6	32634492	32813777	130	-0.0477
30a3a2af-9c10-406c-abcb-fa98ff0a6f91	6	32814241	32814372	2	-2.3133
30a3a2af-9c10-406c-abcb-fa98ff0a6f91	6	32814610	41651023	5787	-0.0003
30a3a2af-9c10-406c-abcb-fa98ff0a6f91	6	41651312	41651509	2	-2.2402
30a3a2af-9c10-406c-abcb-fa98ff0a6f91	6	41651951	42021980	211	0.04
30a3a2af-9c10-406c-abcb-fa98ff0a6f91	6	42022251	42023063	2	-1.5625
30a3a2af-9c10-406c-abcb-fa98ff0a6f91	6	42023203	45570538	1983	-0.0023
30a3a2af-9c10-406c-abcb-fa98ff0a6f91	6	45571242	45571242	2	-2.4497
30a3a2af-9c10-406c-abcb-fa98ff0a6f91	6	45572870	54066477	5593	0.0047
30a3a2af-9c10-406c-abcb-fa98ff0a6f91	6	54066582	54067005	3	2.1827
30a3a2af-9c10-406c-abcb-fa98ff0a6f91	6	54067057	73882142	10390	0.0093
30a3a2af-9c10-406c-abcb-fa98ff0a6f91	6	73882509	73891694	10	0.8952
30a3a2af-9c10-406c-abcb-fa98ff0a6f91	6	73893839	76719978	1766	0.0111
30a3a2af-9c10-406c-abcb-fa98ff0a6f91	6	76720013	76742972	23	-0.5515
30a3a2af-9c10-406c-abcb-fa98ff0a6f91	6	76743040	78261995	982	-0.0115
30a3a2af-9c10-406c-abcb-fa98ff0a6f91	6	78262064	78317798	102	0.5796
30a3a2af-9c10-406c-abcb-fa98ff0a6f91	6	78318053	80575042	1442	0.0133
30a3a2af-9c10-406c-abcb-fa98ff0a6f91	6	80575241	80579817	27	-1.1449
30a3a2af-9c10-406c-abcb-fa98ff0a6f91	6	80584624	124110629	26757	0.0075
30a3a2af-9c10-406c-abcb-fa98ff0a6f91	6	124114796	124149220	20	0.638
30a3a2af-9c10-406c-abcb-fa98ff0a6f91	6	124149616	125861617	1180	-0.0029
30a3a2af-9c10-406c-abcb-fa98ff0a6f91	6	125862546	125865630	3	-2.8428
30a3a2af-9c10-406c-abcb-fa98ff0a6f91	6	125867747	170741917	30282	0.0028
30a3a2af-9c10-406c-abcb-fa98ff0a6f91	7	43355	859643	204	-0.0496
30a3a2af-9c10-406c-abcb-fa98ff0a6f91	7	860398	861746	2	-2.4178
30a3a2af-9c10-406c-abcb-fa98ff0a6f91	7	862757	4634827	2313	0.0323
30a3a2af-9c10-406c-abcb-fa98ff0a6f91	7	4644145	4644243	3	-1.9289
30a3a2af-9c10-406c-abcb-fa98ff0a6f91	7	4645497	5746368	466	0.0283
30a3a2af-9c10-406c-abcb-fa98ff0a6f91	7	5746614	5831395	44	0.3406
30a3a2af-9c10-406c-abcb-fa98ff0a6f91	7	5831785	5879409	25	-0.0609
30a3a2af-9c10-406c-abcb-fa98ff0a6f91	7	5879479	6012479	29	0.5625
30a3a2af-9c10-406c-abcb-fa98ff0a6f91	7	6012925	6791305	333	0.0143
30a3a2af-9c10-406c-abcb-fa98ff0a6f91	7	6797375	6799093	3	-1.8925
30a3a2af-9c10-406c-abcb-fa98ff0a6f91	7	6814479	22395161	12636	0.0071
30a3a2af-9c10-406c-abcb-fa98ff0a6f91	7	22395853	22396868	2	-2.7694
30a3a2af-9c10-406c-abcb-fa98ff0a6f91	7	22399135	38271765	11317	0.0048
30a3a2af-9c10-406c-abcb-fa98ff0a6f91	7	38277969	38317558	87	-0.4808
30a3a2af-9c10-406c-abcb-fa98ff0a6f91	7	38317577	109793741	39461	0.0147
30a3a2af-9c10-406c-abcb-fa98ff0a6f91	7	109797035	109801155	24	-1.0642
30a3a2af-9c10-406c-abcb-fa98ff0a6f91	7	109801187	109813853	11	-2.6106
30a3a2af-9c10-406c-abcb-fa98ff0a6f91	7	109813925	142069880	19968	0.0164
30a3a2af-9c10-406c-abcb-fa98ff0a6f91	7	142069891	142105742	35	-0.8332
30a3a2af-9c10-406c-abcb-fa98ff0a6f91	7	142108086	142491573	310	-0.0319
30a3a2af-9c10-406c-abcb-fa98ff0a6f91	7	142493216	142767091	121	-0.2881
30a3a2af-9c10-406c-abcb-fa98ff0a6f91	7	142768623	153449557	6329	0.0101
30a3a2af-9c10-406c-abcb-fa98ff0a6f91	7	153449694	153450630	12	-0.6323
30a3a2af-9c10-406c-abcb-fa98ff0a6f91	7	153452036	154221793	515	0.0274
30a3a2af-9c10-406c-abcb-fa98ff0a6f91	7	154223036	154223216	3	-1.7412
30a3a2af-9c10-406c-abcb-fa98ff0a6f91	7	154225769	154595415	332	-0.0157
30a3a2af-9c10-406c-abcb-fa98ff0a6f91	7	154598185	154607903	5	-1.5397
30a3a2af-9c10-406c-abcb-fa98ff0a6f91	7	154609120	159334314	3234	0.0051
30a3a2af-9c10-406c-abcb-fa98ff0a6f91	8	81254	208062	4	1.3472
30a3a2af-9c10-406c-abcb-fa98ff0a6f91	8	212672	1414637	880	0.0073
30a3a2af-9c10-406c-abcb-fa98ff0a6f91	8	1414680	1414696	2	-2.3418
30a3a2af-9c10-406c-abcb-fa98ff0a6f91	8	1415048	1460420	51	-0.0565
30a3a2af-9c10-406c-abcb-fa98ff0a6f91	8	1463357	1463595	3	-1.5858
30a3a2af-9c10-406c-abcb-fa98ff0a6f91	8	1466055	2844412	1099	0.0082
30a3a2af-9c10-406c-abcb-fa98ff0a6f91	8	2846011	2846295	6	1.5678
30a3a2af-9c10-406c-abcb-fa98ff0a6f91	8	2846377	4144670	1654	-0.001
30a3a2af-9c10-406c-abcb-fa98ff0a6f91	8	4144685	4144794	3	-1.7891
30a3a2af-9c10-406c-abcb-fa98ff0a6f91	8	4145131	4145783	10	0.0171
30a3a2af-9c10-406c-abcb-fa98ff0a6f91	8	4145941	4145956	2	-5.2274
30a3a2af-9c10-406c-abcb-fa98ff0a6f91	8	4146039	6969240	3917	0.0055
30a3a2af-9c10-406c-abcb-fa98ff0a6f91	8	6969479	6969664	5	-1.9212
30a3a2af-9c10-406c-abcb-fa98ff0a6f91	8	6969677	7329110	95	-0.0233
30a3a2af-9c10-406c-abcb-fa98ff0a6f91	8	7329124	7368914	19	-0.89
30a3a2af-9c10-406c-abcb-fa98ff0a6f91	8	7380381	7886542	24	0.2046
30a3a2af-9c10-406c-abcb-fa98ff0a6f91	8	7888457	7890177	4	-1.877
30a3a2af-9c10-406c-abcb-fa98ff0a6f91	8	7919608	12177488	3250	0.0205
30a3a2af-9c10-406c-abcb-fa98ff0a6f91	8	12323772	12376891	11	-2.1651
30a3a2af-9c10-406c-abcb-fa98ff0a6f91	8	12382326	16339682	3501	0.0071
30a3a2af-9c10-406c-abcb-fa98ff0a6f91	8	16349445	16354608	10	-0.6868
30a3a2af-9c10-406c-abcb-fa98ff0a6f91	8	16354925	16402103	45	-0.0087
30a3a2af-9c10-406c-abcb-fa98ff0a6f91	8	16404726	16417152	28	-0.7769
30a3a2af-9c10-406c-abcb-fa98ff0a6f91	8	16421186	39373140	15902	0.01
30a3a2af-9c10-406c-abcb-fa98ff0a6f91	8	39378084	39529446	59	1.4421
30a3a2af-9c10-406c-abcb-fa98ff0a6f91	8	39530780	40326425	593	0.0366
30a3a2af-9c10-406c-abcb-fa98ff0a6f91	8	40326629	40331992	30	-0.9348
30a3a2af-9c10-406c-abcb-fa98ff0a6f91	8	40335391	43561596	1899	0.0197
30a3a2af-9c10-406c-abcb-fa98ff0a6f91	8	43565674	46089809	98	0.2403
30a3a2af-9c10-406c-abcb-fa98ff0a6f91	8	46090027	71303129	15282	0.0116
30a3a2af-9c10-406c-abcb-fa98ff0a6f91	8	71303791	71304364	6	-1.0202
30a3a2af-9c10-406c-abcb-fa98ff0a6f91	8	71307628	94545374	13826	0.0129
30a3a2af-9c10-406c-abcb-fa98ff0a6f91	8	94545481	94545764	5	1.4335
30a3a2af-9c10-406c-abcb-fa98ff0a6f91	8	94545887	111282237	10270	0.0109
30a3a2af-9c10-406c-abcb-fa98ff0a6f91	8	111282417	111283031	7	1.4422
30a3a2af-9c10-406c-abcb-fa98ff0a6f91	8	111288052	128744020	11664	0.0076
30a3a2af-9c10-406c-abcb-fa98ff0a6f91	8	128750889	128751839	2	-3.0302
30a3a2af-9c10-406c-abcb-fa98ff0a6f91	8	128765208	133573987	3631	-0.0034
30a3a2af-9c10-406c-abcb-fa98ff0a6f91	8	133574394	133574612	3	-1.3468
30a3a2af-9c10-406c-abcb-fa98ff0a6f91	8	133577197	141700022	6262	0.007
30a3a2af-9c10-406c-abcb-fa98ff0a6f91	8	141702688	141703615	2	-1.7772
30a3a2af-9c10-406c-abcb-fa98ff0a6f91	8	141708506	145072769	1347	0.0611
30a3a2af-9c10-406c-abcb-fa98ff0a6f91	9	46587	6288764	6073	0.0169
30a3a2af-9c10-406c-abcb-fa98ff0a6f91	9	6294824	7006784	555	0.1174
30a3a2af-9c10-406c-abcb-fa98ff0a6f91	9	7006800	39214987	24517	0.0145
30a3a2af-9c10-406c-abcb-fa98ff0a6f91	9	39242280	42524983	174	-0.2987
30a3a2af-9c10-406c-abcb-fa98ff0a6f91	9	42546668	61405110	58	-0.0159
30a3a2af-9c10-406c-abcb-fa98ff0a6f91	9	61520021	61647899	30	-1.3438
30a3a2af-9c10-406c-abcb-fa98ff0a6f91	9	61665362	66189025	138	-0.1825
30a3a2af-9c10-406c-abcb-fa98ff0a6f91	9	66880844	67832599	27	-0.8619
30a3a2af-9c10-406c-abcb-fa98ff0a6f91	9	67915741	138200944	47923	0.0109
30a3a2af-9c10-406c-abcb-fa98ff0a6f91	10	45792	1878846	1323	0.0102
30a3a2af-9c10-406c-abcb-fa98ff0a6f91	10	1879212	1879226	2	-2.2725
30a3a2af-9c10-406c-abcb-fa98ff0a6f91	10	1880102	4405595	2471	-0.0045
30a3a2af-9c10-406c-abcb-fa98ff0a6f91	10	4412920	4413030	4	1.3947
30a3a2af-9c10-406c-abcb-fa98ff0a6f91	10	4413126	23728853	15127	0.0082
30a3a2af-9c10-406c-abcb-fa98ff0a6f91	10	23730385	23730396	2	-1.7377
30a3a2af-9c10-406c-abcb-fa98ff0a6f91	10	23731219	26933028	2261	0.0125
30a3a2af-9c10-406c-abcb-fa98ff0a6f91	10	26933116	26939544	15	0.93
30a3a2af-9c10-406c-abcb-fa98ff0a6f91	10	26941064	65548259	23217	0.0105
30a3a2af-9c10-406c-abcb-fa98ff0a6f91	10	65548272	65554688	24	-0.7572
30a3a2af-9c10-406c-abcb-fa98ff0a6f91	10	65563037	70720823	3514	0.0144
30a3a2af-9c10-406c-abcb-fa98ff0a6f91	10	70721964	70722088	2	-2.0331
30a3a2af-9c10-406c-abcb-fa98ff0a6f91	10	70722700	92184288	14308	0.001
30a3a2af-9c10-406c-abcb-fa98ff0a6f91	10	92184882	92684663	205	0.1629
30a3a2af-9c10-406c-abcb-fa98ff0a6f91	10	92686366	119711355	17814	0.005
30a3a2af-9c10-406c-abcb-fa98ff0a6f91	10	119717819	119718633	2	-2.011
30a3a2af-9c10-406c-abcb-fa98ff0a6f91	10	119732337	122584593	2471	-0.0033
30a3a2af-9c10-406c-abcb-fa98ff0a6f91	10	122584707	122591497	5	-1.518
30a3a2af-9c10-406c-abcb-fa98ff0a6f91	10	122597296	133654968	7898	0.0003
30a3a2af-9c10-406c-abcb-fa98ff0a6f91	11	198510	18931581	12695	0.0062
30a3a2af-9c10-406c-abcb-fa98ff0a6f91	11	18933261	18937120	5	-1.3688
30a3a2af-9c10-406c-abcb-fa98ff0a6f91	11	18937343	20843285	1708	-0.0022
30a3a2af-9c10-406c-abcb-fa98ff0a6f91	11	20843941	20848781	7	-0.8519
30a3a2af-9c10-406c-abcb-fa98ff0a6f91	11	20849190	31371747	7389	0.0124
30a3a2af-9c10-406c-abcb-fa98ff0a6f91	11	31372721	31375533	2	-2.6482
30a3a2af-9c10-406c-abcb-fa98ff0a6f91	11	31376660	55593934	12679	0.0079
30a3a2af-9c10-406c-abcb-fa98ff0a6f91	11	55593955	55676735	51	-0.3087
30a3a2af-9c10-406c-abcb-fa98ff0a6f91	11	55677392	80256460	13270	0.0132
30a3a2af-9c10-406c-abcb-fa98ff0a6f91	11	80256469	80256520	3	1.5983
30a3a2af-9c10-406c-abcb-fa98ff0a6f91	11	80256642	89765194	6596	0.0061
30a3a2af-9c10-406c-abcb-fa98ff0a6f91	11	89768798	89813759	6	1.4203
30a3a2af-9c10-406c-abcb-fa98ff0a6f91	11	89814936	107359993	12497	0.01
30a3a2af-9c10-406c-abcb-fa98ff0a6f91	11	107367930	107381636	8	-1.457
30a3a2af-9c10-406c-abcb-fa98ff0a6f91	11	107386439	135074876	19920	-0.0011
30a3a2af-9c10-406c-abcb-fa98ff0a6f91	12	51460	151868	57	-0.0414
30a3a2af-9c10-406c-abcb-fa98ff0a6f91	12	151920	1680869	906	0.0865
30a3a2af-9c10-406c-abcb-fa98ff0a6f91	12	1681035	4878315	2428	-0.0039
30a3a2af-9c10-406c-abcb-fa98ff0a6f91	12	4880656	4881673	5	0.948
30a3a2af-9c10-406c-abcb-fa98ff0a6f91	12	4881695	9307938	2699	0.0008
30a3a2af-9c10-406c-abcb-fa98ff0a6f91	12	9308632	9315213	2	-1.8805
30a3a2af-9c10-406c-abcb-fa98ff0a6f91	12	9320561	11358643	1279	0.0154
30a3a2af-9c10-406c-abcb-fa98ff0a6f91	12	11358644	11390472	30	0.7606
30a3a2af-9c10-406c-abcb-fa98ff0a6f91	12	11399258	33148472	15375	0.0067
30a3a2af-9c10-406c-abcb-fa98ff0a6f91	12	33148492	33154144	25	0.6747
30a3a2af-9c10-406c-abcb-fa98ff0a6f91	12	33154440	61394262	14791	0.0098
30a3a2af-9c10-406c-abcb-fa98ff0a6f91	12	61394362	61394393	2	-1.9452
30a3a2af-9c10-406c-abcb-fa98ff0a6f91	12	61394553	63650268	1460	0.0184
30a3a2af-9c10-406c-abcb-fa98ff0a6f91	12	63651892	63652845	3	1.4779
30a3a2af-9c10-406c-abcb-fa98ff0a6f91	12	63656406	63716253	27	-0.012
30a3a2af-9c10-406c-abcb-fa98ff0a6f91	12	63717757	63723488	2	-2.2481
30a3a2af-9c10-406c-abcb-fa98ff0a6f91	12	63724069	70478078	4479	0.0062
30a3a2af-9c10-406c-abcb-fa98ff0a6f91	12	70478895	70484203	8	-2.2249
30a3a2af-9c10-406c-abcb-fa98ff0a6f91	12	70484247	133201603	41268	0.0074
30a3a2af-9c10-406c-abcb-fa98ff0a6f91	13	18452809	19523804	511	-0.0082
30a3a2af-9c10-406c-abcb-fa98ff0a6f91	13	19526387	19944120	209	0.1791
30a3a2af-9c10-406c-abcb-fa98ff0a6f91	13	19951054	23058865	2138	0.0034
30a3a2af-9c10-406c-abcb-fa98ff0a6f91	13	23058992	23059376	6	-1.0047
30a3a2af-9c10-406c-abcb-fa98ff0a6f91	13	23064056	37498087	10612	0.0027
30a3a2af-9c10-406c-abcb-fa98ff0a6f91	13	37501767	37516703	21	0.4546
30a3a2af-9c10-406c-abcb-fa98ff0a6f91	13	37516721	63650072	16353	0.0056
30a3a2af-9c10-406c-abcb-fa98ff0a6f91	13	63650659	63662559	9	-0.937
30a3a2af-9c10-406c-abcb-fa98ff0a6f91	13	63665430	71902850	5183	0.0117
30a3a2af-9c10-406c-abcb-fa98ff0a6f91	13	71903417	71906418	3	3.6375
30a3a2af-9c10-406c-abcb-fa98ff0a6f91	13	71906467	103972151	21578	0.0043
30a3a2af-9c10-406c-abcb-fa98ff0a6f91	13	103972302	103976291	7	-1.4768
30a3a2af-9c10-406c-abcb-fa98ff0a6f91	13	103982087	114342922	7509	0.0009
30a3a2af-9c10-406c-abcb-fa98ff0a6f91	14	18239283	19256296	43	0.1941
30a3a2af-9c10-406c-abcb-fa98ff0a6f91	14	19280948	19367655	7	-0.9108
30a3a2af-9c10-406c-abcb-fa98ff0a6f91	14	19380699	21998645	1528	0.0006
30a3a2af-9c10-406c-abcb-fa98ff0a6f91	14	22004955	22519044	459	-0.4496
30a3a2af-9c10-406c-abcb-fa98ff0a6f91	14	22519593	62860066	25452	0.0121
30a3a2af-9c10-406c-abcb-fa98ff0a6f91	14	62861807	62862091	2	-1.9793
30a3a2af-9c10-406c-abcb-fa98ff0a6f91	14	62865365	73529070	6738	0.0058
30a3a2af-9c10-406c-abcb-fa98ff0a6f91	14	73534419	73563196	10	1.9658
30a3a2af-9c10-406c-abcb-fa98ff0a6f91	14	73563211	105542308	20643	-0.0004
30a3a2af-9c10-406c-abcb-fa98ff0a6f91	14	105544971	105632424	10	0.73
30a3a2af-9c10-406c-abcb-fa98ff0a6f91	14	105632998	106253393	183	0.0749
30a3a2af-9c10-406c-abcb-fa98ff0a6f91	14	106257142	106266923	10	0.868
30a3a2af-9c10-406c-abcb-fa98ff0a6f91	14	106271566	106416146	64	-0.0189
30a3a2af-9c10-406c-abcb-fa98ff0a6f91	14	106418444	106462183	49	0.5185
30a3a2af-9c10-406c-abcb-fa98ff0a6f91	14	106462724	106877229	195	-0.0103
30a3a2af-9c10-406c-abcb-fa98ff0a6f91	15	19811075	20041902	49	0.0088
30a3a2af-9c10-406c-abcb-fa98ff0a6f91	15	20056983	22385639	158	0.5394
30a3a2af-9c10-406c-abcb-fa98ff0a6f91	15	22395047	23081624	275	0.1301
30a3a2af-9c10-406c-abcb-fa98ff0a6f91	15	23081637	29112738	3676	0.0273
30a3a2af-9c10-406c-abcb-fa98ff0a6f91	15	29113172	30252720	678	0.1106
30a3a2af-9c10-406c-abcb-fa98ff0a6f91	15	30253290	30269364	4	1.4464
30a3a2af-9c10-406c-abcb-fa98ff0a6f91	15	30281107	30777490	70	0.1263
30a3a2af-9c10-406c-abcb-fa98ff0a6f91	15	30781479	83871986	33428	0.0042
30a3a2af-9c10-406c-abcb-fa98ff0a6f91	15	83874133	83874673	4	-1.6277
30a3a2af-9c10-406c-abcb-fa98ff0a6f91	15	83874798	99823993	11577	0.0023
30a3a2af-9c10-406c-abcb-fa98ff0a6f91	15	99824641	101928837	1617	0.0537
30a3a2af-9c10-406c-abcb-fa98ff0a6f91	16	10777	603459	284	0.1296
30a3a2af-9c10-406c-abcb-fa98ff0a6f91	16	603503	2537170	589	-0.0101
30a3a2af-9c10-406c-abcb-fa98ff0a6f91	16	2540023	2655981	17	0.2008
30a3a2af-9c10-406c-abcb-fa98ff0a6f91	16	2656794	2679700	13	0.7507
30a3a2af-9c10-406c-abcb-fa98ff0a6f91	16	2688178	5094017	1293	0.0238
30a3a2af-9c10-406c-abcb-fa98ff0a6f91	16	5095715	5144930	18	0.5592
30a3a2af-9c10-406c-abcb-fa98ff0a6f91	16	5144954	8936074	4265	0.0355
30a3a2af-9c10-406c-abcb-fa98ff0a6f91	16	8937059	9190133	144	0.2416
30a3a2af-9c10-406c-abcb-fa98ff0a6f91	16	9191103	10073258	908	0.0083
30a3a2af-9c10-406c-abcb-fa98ff0a6f91	16	10073577	10076656	2	-1.6761
30a3a2af-9c10-406c-abcb-fa98ff0a6f91	16	10076752	15450424	3714	0.0133
30a3a2af-9c10-406c-abcb-fa98ff0a6f91	16	15450831	16574061	525	0.171
30a3a2af-9c10-406c-abcb-fa98ff0a6f91	16	16574666	21352084	2612	0.0238
30a3a2af-9c10-406c-abcb-fa98ff0a6f91	16	21352501	21590407	33	0.4965
30a3a2af-9c10-406c-abcb-fa98ff0a6f91	16	21591309	22401034	345	0.1221
30a3a2af-9c10-406c-abcb-fa98ff0a6f91	16	22406996	22693199	83	0.3998
30a3a2af-9c10-406c-abcb-fa98ff0a6f91	16	22699421	35232200	5324	0.0328
30a3a2af-9c10-406c-abcb-fa98ff0a6f91	16	35236333	35521195	166	0.7366
30a3a2af-9c10-406c-abcb-fa98ff0a6f91	16	35522700	55762682	6603	0.0116
30a3a2af-9c10-406c-abcb-fa98ff0a6f91	16	55764310	55775312	9	2.7931
30a3a2af-9c10-406c-abcb-fa98ff0a6f91	16	55775554	55788532	9	0.5305
30a3a2af-9c10-406c-abcb-fa98ff0a6f91	16	55808442	66017015	6760	0.0128
30a3a2af-9c10-406c-abcb-fa98ff0a6f91	16	66019327	66019498	2	-2.0605
30a3a2af-9c10-406c-abcb-fa98ff0a6f91	16	66020304	70117657	1991	0.0115
30a3a2af-9c10-406c-abcb-fa98ff0a6f91	16	70118419	70145666	4	1.4886
30a3a2af-9c10-406c-abcb-fa98ff0a6f91	16	70146223	84166011	11989	0.0131
30a3a2af-9c10-406c-abcb-fa98ff0a6f91	16	84170006	84893373	691	0.1168
30a3a2af-9c10-406c-abcb-fa98ff0a6f91	16	84900412	90096867	3473	0.0305
30a3a2af-9c10-406c-abcb-fa98ff0a6f91	17	150733	1250730	557	0.1436
30a3a2af-9c10-406c-abcb-fa98ff0a6f91	17	1262192	16750987	9912	0.0264
30a3a2af-9c10-406c-abcb-fa98ff0a6f91	17	16754017	16819487	10	1.1
30a3a2af-9c10-406c-abcb-fa98ff0a6f91	17	16834846	18455635	912	-0.0215
30a3a2af-9c10-406c-abcb-fa98ff0a6f91	17	18458372	18561907	24	-2.0197
30a3a2af-9c10-406c-abcb-fa98ff0a6f91	17	18565883	41265456	9396	0.0177
30a3a2af-9c10-406c-abcb-fa98ff0a6f91	17	41266762	41274279	24	-0.455
30a3a2af-9c10-406c-abcb-fa98ff0a6f91	17	41276472	41282110	16	0.2769
30a3a2af-9c10-406c-abcb-fa98ff0a6f91	17	41284649	46088437	2482	-0.0051
30a3a2af-9c10-406c-abcb-fa98ff0a6f91	17	46089055	46234609	109	0.2083
30a3a2af-9c10-406c-abcb-fa98ff0a6f91	17	46248188	46351954	15	0.8041
30a3a2af-9c10-406c-abcb-fa98ff0a6f91	17	46446345	46446360	2	3.8717
30a3a2af-9c10-406c-abcb-fa98ff0a6f91	17	46569894	74122263	17029	0.0082
30a3a2af-9c10-406c-abcb-fa98ff0a6f91	17	74123676	74668676	337	0.1377
30a3a2af-9c10-406c-abcb-fa98ff0a6f91	17	74669347	79245867	2460	0.0177
30a3a2af-9c10-406c-abcb-fa98ff0a6f91	17	79245925	79246197	2	2.1688
30a3a2af-9c10-406c-abcb-fa98ff0a6f91	17	79246409	81154966	1022	-0.0007
30a3a2af-9c10-406c-abcb-fa98ff0a6f91	17	81154985	81155301	4	-1.5268
30a3a2af-9c10-406c-abcb-fa98ff0a6f91	17	81158113	83091923	715	0.0002
30a3a2af-9c10-406c-abcb-fa98ff0a6f91	18	48133	66054343	40301	0.0018
30a3a2af-9c10-406c-abcb-fa98ff0a6f91	18	66060256	66061104	12	-1.7238
30a3a2af-9c10-406c-abcb-fa98ff0a6f91	18	66065502	80257174	10422	0.0105
30a3a2af-9c10-406c-abcb-fa98ff0a6f91	19	90910	18650140	8046	0.0288
30a3a2af-9c10-406c-abcb-fa98ff0a6f91	19	18650466	18661763	2	-1.7123
30a3a2af-9c10-406c-abcb-fa98ff0a6f91	19	18661846	52828786	17524	0.0238
30a3a2af-9c10-406c-abcb-fa98ff0a6f91	19	52829675	52830635	3	1.8421
30a3a2af-9c10-406c-abcb-fa98ff0a6f91	19	52830650	53540983	544	0.0675
30a3a2af-9c10-406c-abcb-fa98ff0a6f91	19	53541471	53877979	213	0.2512
30a3a2af-9c10-406c-abcb-fa98ff0a6f91	19	53885091	54215136	170	0.0141
30a3a2af-9c10-406c-abcb-fa98ff0a6f91	19	54226329	54237443	16	-1.1938
30a3a2af-9c10-406c-abcb-fa98ff0a6f91	19	54249482	58586487	2586	0.0245
30a3a2af-9c10-406c-abcb-fa98ff0a6f91	20	80664	1580353	1203	0.0364
30a3a2af-9c10-406c-abcb-fa98ff0a6f91	20	1580934	1613247	41	1.6515
30a3a2af-9c10-406c-abcb-fa98ff0a6f91	20	1617300	5495882	2838	0.0108
30a3a2af-9c10-406c-abcb-fa98ff0a6f91	20	5496689	5737363	153	0.1912
30a3a2af-9c10-406c-abcb-fa98ff0a6f91	20	5737384	14812166	6938	0.0073
30a3a2af-9c10-406c-abcb-fa98ff0a6f91	20	14812188	14812192	2	-3.4622
30a3a2af-9c10-406c-abcb-fa98ff0a6f91	20	14812769	64324800	31202	0.0095
30a3a2af-9c10-406c-abcb-fa98ff0a6f91	21	10354168	18683769	3547	0.0114
30a3a2af-9c10-406c-abcb-fa98ff0a6f91	21	18685360	18685601	2	1.237
30a3a2af-9c10-406c-abcb-fa98ff0a6f91	21	18685889	18699399	16	0.3926
30a3a2af-9c10-406c-abcb-fa98ff0a6f91	21	18700568	18708616	9	0.8921
30a3a2af-9c10-406c-abcb-fa98ff0a6f91	21	18709557	46253333	20001	0.0092
30a3a2af-9c10-406c-abcb-fa98ff0a6f91	21	46254546	46677045	287	0.1342
30a3a2af-9c10-406c-abcb-fa98ff0a6f91	22	15294547	18918093	1144	0.0676
30a3a2af-9c10-406c-abcb-fa98ff0a6f91	22	18947964	19019471	49	0.922
30a3a2af-9c10-406c-abcb-fa98ff0a6f91	22	19037293	22688887	2399	0.0869
30a3a2af-9c10-406c-abcb-fa98ff0a6f91	22	22689044	42441667	13524	0.0129
30a3a2af-9c10-406c-abcb-fa98ff0a6f91	22	42442117	42559782	60	0.2893
30a3a2af-9c10-406c-abcb-fa98ff0a6f91	22	42561282	44760403	1636	-0.0083
30a3a2af-9c10-406c-abcb-fa98ff0a6f91	22	44760418	44760580	3	-1.5955
30a3a2af-9c10-406c-abcb-fa98ff0a6f91	22	44762148	49814891	4048	0.0193
30a3a2af-9c10-406c-abcb-fa98ff0a6f91	22	49817660	50796027	410	0.1103
30a3a2af-9c10-406c-abcb-fa98ff0a6f91	X	251810	147424692	78775	0.0064
30a3a2af-9c10-406c-abcb-fa98ff0a6f91	X	147430097	147430419	2	-4.6287
30a3a2af-9c10-406c-abcb-fa98ff0a6f91	X	147430440	152947680	3525	-0.0205
30a3a2af-9c10-406c-abcb-fa98ff0a6f91	X	152948397	152949221	2	-4.3955
30a3a2af-9c10-406c-abcb-fa98ff0a6f91	X	152949755	152963989	14	0.0106
30a3a2af-9c10-406c-abcb-fa98ff0a6f91	X	152965809	152990912	23	-0.646
30a3a2af-9c10-406c-abcb-fa98ff0a6f91	X	152994408	155952689	1175	0.0051
30a3a2af-9c10-406c-abcb-fa98ff0a6f91	Y	2782397	15585442	4356	-0.9569
30a3a2af-9c10-406c-abcb-fa98ff0a6f91	Y	15585929	15593595	2	-2.4995
30a3a2af-9c10-406c-abcb-fa98ff0a6f91	Y	15595538	22159306	1983	-0.9604
30a3a2af-9c10-406c-abcb-fa98ff0a6f91	Y	22169533	22197200	4	-2.2901
30a3a2af-9c10-406c-abcb-fa98ff0a6f91	Y	22213784	56872112	294	-0.9717
