GDC_Aliquot	Chromosome	Start	End	Num_Probes	Segment_Mean
67966819-2f15-43f9-bd57-3da6fba07454	1	62920	988299	71	-0.0152
67966819-2f15-43f9-bd57-3da6fba07454	1	991051	3221349	633	0.0927
67966819-2f15-43f9-bd57-3da6fba07454	1	3221392	12779433	5788	0.0221
67966819-2f15-43f9-bd57-3da6fba07454	1	12792599	12799264	6	-0.8044
67966819-2f15-43f9-bd57-3da6fba07454	1	12802105	12806954	6	0.1906
67966819-2f15-43f9-bd57-3da6fba07454	1	12807204	13012913	22	-0.673
67966819-2f15-43f9-bd57-3da6fba07454	1	13110913	16679483	2156	0.0278
67966819-2f15-43f9-bd57-3da6fba07454	1	16685961	16976074	94	0.374
67966819-2f15-43f9-bd57-3da6fba07454	1	16977349	25256850	5246	0.0168
67966819-2f15-43f9-bd57-3da6fba07454	1	25266637	25319693	21	-2.0954
67966819-2f15-43f9-bd57-3da6fba07454	1	25320198	30264526	2388	0.0215
67966819-2f15-43f9-bd57-3da6fba07454	1	30265508	30266949	7	-0.8612
67966819-2f15-43f9-bd57-3da6fba07454	1	30268649	109678117	50005	0.0159
67966819-2f15-43f9-bd57-3da6fba07454	1	109679105	109691933	12	0.7139
67966819-2f15-43f9-bd57-3da6fba07454	1	109692006	121347642	7063	0.0182
67966819-2f15-43f9-bd57-3da6fba07454	1	121386039	121389102	2	-1.1562
67966819-2f15-43f9-bd57-3da6fba07454	1	121413668	121705338	77	-0.0181
67966819-2f15-43f9-bd57-3da6fba07454	1	143459641	143734438	97	-0.6932
67966819-2f15-43f9-bd57-3da6fba07454	1	143748012	143751380	9	0.5924
67966819-2f15-43f9-bd57-3da6fba07454	1	143751625	143760271	12	0.296
67966819-2f15-43f9-bd57-3da6fba07454	1	143762042	143927887	8	-0.5818
67966819-2f15-43f9-bd57-3da6fba07454	1	143928045	152583051	2318	0.0289
67966819-2f15-43f9-bd57-3da6fba07454	1	152583230	152613762	31	-2.1598
67966819-2f15-43f9-bd57-3da6fba07454	1	152613802	152614118	4	-1.0002
67966819-2f15-43f9-bd57-3da6fba07454	1	152618018	152784330	165	0.0398
67966819-2f15-43f9-bd57-3da6fba07454	1	152785214	152795198	27	-0.3766
67966819-2f15-43f9-bd57-3da6fba07454	1	152795277	169234328	11292	0.014
67966819-2f15-43f9-bd57-3da6fba07454	1	169236425	169272528	14	0.4149
67966819-2f15-43f9-bd57-3da6fba07454	1	169273163	174827267	3521	0.0161
67966819-2f15-43f9-bd57-3da6fba07454	1	174827418	174828549	14	-0.5733
67966819-2f15-43f9-bd57-3da6fba07454	1	174832599	248930189	50534	0.0192
67966819-2f15-43f9-bd57-3da6fba07454	2	12784	7499242	5924	0.0135
67966819-2f15-43f9-bd57-3da6fba07454	2	7502934	7506841	2	1.2357
67966819-2f15-43f9-bd57-3da6fba07454	2	7506876	34466002	18171	0.0147
67966819-2f15-43f9-bd57-3da6fba07454	2	34474248	34512096	47	0.5312
67966819-2f15-43f9-bd57-3da6fba07454	2	34512489	146103878	66310	0.0125
67966819-2f15-43f9-bd57-3da6fba07454	2	146104517	146109366	25	0.6017
67966819-2f15-43f9-bd57-3da6fba07454	2	146120238	207490614	36982	0.0126
67966819-2f15-43f9-bd57-3da6fba07454	2	207490972	207494612	14	-0.5806
67966819-2f15-43f9-bd57-3da6fba07454	2	207494752	212504894	3193	0.0225
67966819-2f15-43f9-bd57-3da6fba07454	2	212505638	212505978	2	-3.0331
67966819-2f15-43f9-bd57-3da6fba07454	2	212508264	212521351	9	-0.432
67966819-2f15-43f9-bd57-3da6fba07454	2	212522839	223997186	7489	0.0132
67966819-2f15-43f9-bd57-3da6fba07454	2	223997240	223999723	5	-0.8027
67966819-2f15-43f9-bd57-3da6fba07454	2	223999835	230393900	4174	0.0201
67966819-2f15-43f9-bd57-3da6fba07454	2	230400636	230401563	2	1.3327
67966819-2f15-43f9-bd57-3da6fba07454	2	230402928	237161588	4360	0.0149
67966819-2f15-43f9-bd57-3da6fba07454	2	237161661	237168100	3	-0.9
67966819-2f15-43f9-bd57-3da6fba07454	2	237169270	242147305	2851	0.0216
67966819-2f15-43f9-bd57-3da6fba07454	3	20930	20266298	15261	0.0175
67966819-2f15-43f9-bd57-3da6fba07454	3	20271633	20274591	3	-0.9955
67966819-2f15-43f9-bd57-3da6fba07454	3	20286589	26392633	4630	0.0139
67966819-2f15-43f9-bd57-3da6fba07454	3	26392804	26397852	4	-1.2112
67966819-2f15-43f9-bd57-3da6fba07454	3	26404482	26541729	107	0.0118
67966819-2f15-43f9-bd57-3da6fba07454	3	26546950	26547166	2	-1.3941
67966819-2f15-43f9-bd57-3da6fba07454	3	26547373	26570116	9	0.0077
67966819-2f15-43f9-bd57-3da6fba07454	3	26570158	26574458	17	0.3572
67966819-2f15-43f9-bd57-3da6fba07454	3	26574479	33005364	4454	0.025
67966819-2f15-43f9-bd57-3da6fba07454	3	33005858	33007329	2	-1.1835
67966819-2f15-43f9-bd57-3da6fba07454	3	33009209	46790347	8731	0.0253
67966819-2f15-43f9-bd57-3da6fba07454	3	46790471	46790486	2	-1.1182
67966819-2f15-43f9-bd57-3da6fba07454	3	46790521	47358421	256	0.0039
67966819-2f15-43f9-bd57-3da6fba07454	3	47358841	47363961	3	-1.2876
67966819-2f15-43f9-bd57-3da6fba07454	3	47367722	65207706	11861	0.0173
67966819-2f15-43f9-bd57-3da6fba07454	3	65210570	65224624	39	0.2774
67966819-2f15-43f9-bd57-3da6fba07454	3	65224640	68045679	1974	0.0153
67966819-2f15-43f9-bd57-3da6fba07454	3	68046104	68046119	2	0.9986
67966819-2f15-43f9-bd57-3da6fba07454	3	68046173	68697013	451	0.028
67966819-2f15-43f9-bd57-3da6fba07454	3	68697108	68698262	14	-1.417
67966819-2f15-43f9-bd57-3da6fba07454	3	68699607	146756356	45142	0.0201
67966819-2f15-43f9-bd57-3da6fba07454	3	146756536	146758696	3	-2.3128
67966819-2f15-43f9-bd57-3da6fba07454	3	146759265	162405578	9556	0.0189
67966819-2f15-43f9-bd57-3da6fba07454	3	162419812	162426460	15	-0.9125
67966819-2f15-43f9-bd57-3da6fba07454	3	162426600	162794951	259	0.0151
67966819-2f15-43f9-bd57-3da6fba07454	3	162795304	162908815	70	0.428
67966819-2f15-43f9-bd57-3da6fba07454	3	162910826	162996729	70	-0.0672
67966819-2f15-43f9-bd57-3da6fba07454	3	162999939	163001774	2	1.2939
67966819-2f15-43f9-bd57-3da6fba07454	3	163008371	169631156	3835	0.0129
67966819-2f15-43f9-bd57-3da6fba07454	3	169632074	169632816	2	-1.3245
67966819-2f15-43f9-bd57-3da6fba07454	3	169634670	193160113	15262	0.0146
67966819-2f15-43f9-bd57-3da6fba07454	3	193160173	193165114	19	-0.6391
67966819-2f15-43f9-bd57-3da6fba07454	3	193168646	194913859	1159	0.0182
67966819-2f15-43f9-bd57-3da6fba07454	3	194920587	194921116	5	-1.0398
67966819-2f15-43f9-bd57-3da6fba07454	3	194921751	195656271	320	0.0192
67966819-2f15-43f9-bd57-3da6fba07454	3	195663809	195720051	24	-0.8567
67966819-2f15-43f9-bd57-3da6fba07454	3	195728637	195737444	14	-0.1557
67966819-2f15-43f9-bd57-3da6fba07454	3	195737636	195747892	5	-0.6725
67966819-2f15-43f9-bd57-3da6fba07454	3	195751823	198169247	1166	-0.0004
67966819-2f15-43f9-bd57-3da6fba07454	4	68929	5160662	2429	0.0172
67966819-2f15-43f9-bd57-3da6fba07454	4	5160764	5180010	14	0.4572
67966819-2f15-43f9-bd57-3da6fba07454	4	5183722	10208766	3264	0.027
67966819-2f15-43f9-bd57-3da6fba07454	4	10212536	10232642	31	1.8387
67966819-2f15-43f9-bd57-3da6fba07454	4	10232984	10233644	5	0.4469
67966819-2f15-43f9-bd57-3da6fba07454	4	10234518	10390730	172	0.0226
67966819-2f15-43f9-bd57-3da6fba07454	4	10391530	10399044	15	-0.733
67966819-2f15-43f9-bd57-3da6fba07454	4	10401094	30005170	13956	0.02
67966819-2f15-43f9-bd57-3da6fba07454	4	30010330	30011303	2	-1.2012
67966819-2f15-43f9-bd57-3da6fba07454	4	30011970	34784878	2836	0.0131
67966819-2f15-43f9-bd57-3da6fba07454	4	34785333	34823103	37	0.5951
67966819-2f15-43f9-bd57-3da6fba07454	4	34828250	37757992	2040	0.0177
67966819-2f15-43f9-bd57-3da6fba07454	4	37758322	37761264	13	-0.2213
67966819-2f15-43f9-bd57-3da6fba07454	4	37761392	37762300	3	-1.5082
67966819-2f15-43f9-bd57-3da6fba07454	4	37762373	49648089	6935	0.015
67966819-2f15-43f9-bd57-3da6fba07454	4	49653346	49654578	3	-1.1307
67966819-2f15-43f9-bd57-3da6fba07454	4	49656206	63828222	7568	0.0197
67966819-2f15-43f9-bd57-3da6fba07454	4	63831751	63840033	19	-0.7575
67966819-2f15-43f9-bd57-3da6fba07454	4	63841863	63842505	7	-2.7045
67966819-2f15-43f9-bd57-3da6fba07454	4	63842540	68506285	2875	0.009
67966819-2f15-43f9-bd57-3da6fba07454	4	68509223	68623617	66	0.5512
67966819-2f15-43f9-bd57-3da6fba07454	4	68639397	69206549	290	-0.0148
67966819-2f15-43f9-bd57-3da6fba07454	4	69208316	69377178	85	0.2063
67966819-2f15-43f9-bd57-3da6fba07454	4	69378363	73791151	2634	0.0164
67966819-2f15-43f9-bd57-3da6fba07454	4	73791538	73792435	2	-1.313
67966819-2f15-43f9-bd57-3da6fba07454	4	73794688	86053362	7796	0.0184
67966819-2f15-43f9-bd57-3da6fba07454	4	86053909	86058791	22	-0.6393
67966819-2f15-43f9-bd57-3da6fba07454	4	86058936	103824414	10569	0.0136
67966819-2f15-43f9-bd57-3da6fba07454	4	103830473	103830480	5	0.7362
67966819-2f15-43f9-bd57-3da6fba07454	4	103830487	107352408	2043	0.0181
67966819-2f15-43f9-bd57-3da6fba07454	4	107358064	107358586	2	-1.6095
67966819-2f15-43f9-bd57-3da6fba07454	4	107358937	114252544	4257	0.0174
67966819-2f15-43f9-bd57-3da6fba07454	4	114254167	114263110	26	0.4435
67966819-2f15-43f9-bd57-3da6fba07454	4	114263154	154881396	24048	0.0172
67966819-2f15-43f9-bd57-3da6fba07454	4	154881853	154881926	3	-1.3227
67966819-2f15-43f9-bd57-3da6fba07454	4	154882047	171448195	10609	0.0199
67966819-2f15-43f9-bd57-3da6fba07454	4	171453733	171456559	10	1.6955
67966819-2f15-43f9-bd57-3da6fba07454	4	171456573	172066777	399	0.0131
67966819-2f15-43f9-bd57-3da6fba07454	4	172067997	172068382	12	0.8896
67966819-2f15-43f9-bd57-3da6fba07454	4	172074828	188300104	10941	0.0135
67966819-2f15-43f9-bd57-3da6fba07454	4	188300206	188300221	2	-1.6358
67966819-2f15-43f9-bd57-3da6fba07454	4	188300270	190106768	1143	0.0231
67966819-2f15-43f9-bd57-3da6fba07454	5	15532	5680888	4415	0.0258
67966819-2f15-43f9-bd57-3da6fba07454	5	5680920	5713946	30	0.5522
67966819-2f15-43f9-bd57-3da6fba07454	5	5713974	12819201	5750	0.0144
67966819-2f15-43f9-bd57-3da6fba07454	5	12819263	12819964	6	-2.4117
67966819-2f15-43f9-bd57-3da6fba07454	5	12824299	12838421	5	-0.8176
67966819-2f15-43f9-bd57-3da6fba07454	5	12849089	17470007	3150	0.0167
67966819-2f15-43f9-bd57-3da6fba07454	5	17472794	17515692	24	0.3539
67966819-2f15-43f9-bd57-3da6fba07454	5	17601444	46196012	17285	0.0138
67966819-2f15-43f9-bd57-3da6fba07454	5	46199332	46199333	2	-1.3288
67966819-2f15-43f9-bd57-3da6fba07454	5	46209197	46271006	15	0.0455
67966819-2f15-43f9-bd57-3da6fba07454	5	46271828	46273400	6	0.99
67966819-2f15-43f9-bd57-3da6fba07454	5	46278110	62277545	7944	0.0177
67966819-2f15-43f9-bd57-3da6fba07454	5	62279164	62280446	3	-1.0229
67966819-2f15-43f9-bd57-3da6fba07454	5	62286365	74885384	6827	0.014
67966819-2f15-43f9-bd57-3da6fba07454	5	74888038	74890248	3	-0.8896
67966819-2f15-43f9-bd57-3da6fba07454	5	74896300	82122944	4534	0.0199
67966819-2f15-43f9-bd57-3da6fba07454	5	82123459	82131663	3	-3.1694
67966819-2f15-43f9-bd57-3da6fba07454	5	82132219	104515520	12633	0.0154
67966819-2f15-43f9-bd57-3da6fba07454	5	104524672	104524903	4	-1.7208
67966819-2f15-43f9-bd57-3da6fba07454	5	104525348	118050922	9386	0.0117
67966819-2f15-43f9-bd57-3da6fba07454	5	118052727	118068645	12	-0.6976
67966819-2f15-43f9-bd57-3da6fba07454	5	118071110	119694730	1081	0.0136
67966819-2f15-43f9-bd57-3da6fba07454	5	119704243	119705629	2	-1.1746
67966819-2f15-43f9-bd57-3da6fba07454	5	119712096	123167817	2214	0.0251
67966819-2f15-43f9-bd57-3da6fba07454	5	123168540	123168714	2	-1.1659
67966819-2f15-43f9-bd57-3da6fba07454	5	123170543	156048095	20750	0.0209
67966819-2f15-43f9-bd57-3da6fba07454	5	156049762	156055719	14	-0.7768
67966819-2f15-43f9-bd57-3da6fba07454	5	156068240	177771448	14807	0.0166
67966819-2f15-43f9-bd57-3da6fba07454	5	177800550	177805604	3	2.5903
67966819-2f15-43f9-bd57-3da6fba07454	5	177827964	181363319	1984	0.0282
67966819-2f15-43f9-bd57-3da6fba07454	6	149661	17101433	13404	0.0175
67966819-2f15-43f9-bd57-3da6fba07454	6	17102527	17102627	2	-3.1904
67966819-2f15-43f9-bd57-3da6fba07454	6	17102766	32486498	9447	0.0169
67966819-2f15-43f9-bd57-3da6fba07454	6	32486746	32533522	14	1.2645
67966819-2f15-43f9-bd57-3da6fba07454	6	32540699	33970222	848	0.0095
67966819-2f15-43f9-bd57-3da6fba07454	6	33970966	33974928	7	-0.9132
67966819-2f15-43f9-bd57-3da6fba07454	6	33976809	35785015	947	0.0063
67966819-2f15-43f9-bd57-3da6fba07454	6	35789073	35789301	3	-0.9159
67966819-2f15-43f9-bd57-3da6fba07454	6	35789522	41650440	4150	0.0201
67966819-2f15-43f9-bd57-3da6fba07454	6	41651023	41651951	4	-0.8441
67966819-2f15-43f9-bd57-3da6fba07454	6	41652139	66323855	13162	0.0106
67966819-2f15-43f9-bd57-3da6fba07454	6	66323874	66333342	13	0.474
67966819-2f15-43f9-bd57-3da6fba07454	6	66333465	72153222	3926	0.0177
67966819-2f15-43f9-bd57-3da6fba07454	6	72156821	72157169	2	-3.0003
67966819-2f15-43f9-bd57-3da6fba07454	6	72158860	73882142	1087	0.0247
67966819-2f15-43f9-bd57-3da6fba07454	6	73882509	73891694	10	0.8573
67966819-2f15-43f9-bd57-3da6fba07454	6	73893839	76726442	1770	0.0194
67966819-2f15-43f9-bd57-3da6fba07454	6	76726815	76743040	22	-0.4272
67966819-2f15-43f9-bd57-3da6fba07454	6	76751356	78253172	977	0.0247
67966819-2f15-43f9-bd57-3da6fba07454	6	78259348	78317642	105	-0.3443
67966819-2f15-43f9-bd57-3da6fba07454	6	78317798	84879335	4168	0.0145
67966819-2f15-43f9-bd57-3da6fba07454	6	84881547	84884933	2	1.5241
67966819-2f15-43f9-bd57-3da6fba07454	6	84885106	86696948	1047	0.0176
67966819-2f15-43f9-bd57-3da6fba07454	6	86699924	86701040	15	-1.039
67966819-2f15-43f9-bd57-3da6fba07454	6	86701394	86712270	11	-0.5318
67966819-2f15-43f9-bd57-3da6fba07454	6	86712345	86857771	96	-0.9994
67966819-2f15-43f9-bd57-3da6fba07454	6	86880213	103290101	10152	0.0153
67966819-2f15-43f9-bd57-3da6fba07454	6	103290164	103314186	45	0.7004
67966819-2f15-43f9-bd57-3da6fba07454	6	103317795	133945130	19084	0.0189
67966819-2f15-43f9-bd57-3da6fba07454	6	133947933	133948494	2	-2.2443
67966819-2f15-43f9-bd57-3da6fba07454	6	133950934	139279894	3689	0.0111
67966819-2f15-43f9-bd57-3da6fba07454	6	139284190	139284620	2	-1.2478
67966819-2f15-43f9-bd57-3da6fba07454	6	139287466	148180808	5532	0.0188
67966819-2f15-43f9-bd57-3da6fba07454	6	148185476	148185808	2	1.1968
67966819-2f15-43f9-bd57-3da6fba07454	6	148186119	162594326	10234	0.0186
67966819-2f15-43f9-bd57-3da6fba07454	6	162594629	162594687	2	-1.2098
67966819-2f15-43f9-bd57-3da6fba07454	6	162598431	170741917	5635	0.0242
67966819-2f15-43f9-bd57-3da6fba07454	7	43355	4634827	2520	0.0327
67966819-2f15-43f9-bd57-3da6fba07454	7	4644145	4644243	3	-1.9628
67966819-2f15-43f9-bd57-3da6fba07454	7	4645497	23995508	14612	0.0097
67966819-2f15-43f9-bd57-3da6fba07454	7	24000259	24000764	2	2.0543
67966819-2f15-43f9-bd57-3da6fba07454	7	24001198	48541346	17095	0.0158
67966819-2f15-43f9-bd57-3da6fba07454	7	48542256	48552289	7	-0.802
67966819-2f15-43f9-bd57-3da6fba07454	7	48552429	54305455	4246	0.0159
67966819-2f15-43f9-bd57-3da6fba07454	7	54318812	54318824	6	-2.3337
67966819-2f15-43f9-bd57-3da6fba07454	7	54325795	88597851	15919	0.0179
67966819-2f15-43f9-bd57-3da6fba07454	7	88598103	90139872	1039	-0.0523
67966819-2f15-43f9-bd57-3da6fba07454	7	90146435	97766197	4875	0.0203
67966819-2f15-43f9-bd57-3da6fba07454	7	97772620	97773163	8	-0.6412
67966819-2f15-43f9-bd57-3da6fba07454	7	97774928	126405502	16669	0.0155
67966819-2f15-43f9-bd57-3da6fba07454	7	126405597	126406546	9	-1.6407
67966819-2f15-43f9-bd57-3da6fba07454	7	126406561	134093899	4701	0.022
67966819-2f15-43f9-bd57-3da6fba07454	7	134100424	134110951	28	0.4958
67966819-2f15-43f9-bd57-3da6fba07454	7	134111088	135451971	1012	0.0252
67966819-2f15-43f9-bd57-3da6fba07454	7	135457003	135458334	5	-1.0563
67966819-2f15-43f9-bd57-3da6fba07454	7	135462677	144176859	5420	0.018
67966819-2f15-43f9-bd57-3da6fba07454	7	144199159	144295437	10	1.0504
67966819-2f15-43f9-bd57-3da6fba07454	7	144306653	159334314	9654	0.0211
67966819-2f15-43f9-bd57-3da6fba07454	8	81254	644973	324	0.0517
67966819-2f15-43f9-bd57-3da6fba07454	8	645220	645908	8	0.8813
67966819-2f15-43f9-bd57-3da6fba07454	8	656117	3929538	3024	0.0251
67966819-2f15-43f9-bd57-3da6fba07454	8	3929561	3932584	23	-0.8177
67966819-2f15-43f9-bd57-3da6fba07454	8	3933696	25116928	18109	0.0217
67966819-2f15-43f9-bd57-3da6fba07454	8	25116961	25122039	13	0.8809
67966819-2f15-43f9-bd57-3da6fba07454	8	25122389	25122457	6	-0.1175
67966819-2f15-43f9-bd57-3da6fba07454	8	25122472	25126735	6	1.0385
67966819-2f15-43f9-bd57-3da6fba07454	8	25126818	27538691	1867	0.011
67966819-2f15-43f9-bd57-3da6fba07454	8	27539030	27539570	3	1.0146
67966819-2f15-43f9-bd57-3da6fba07454	8	27542001	39356427	7144	0.0177
67966819-2f15-43f9-bd57-3da6fba07454	8	39357136	39529446	69	-0.2224
67966819-2f15-43f9-bd57-3da6fba07454	8	39530780	58702853	10273	0.0152
67966819-2f15-43f9-bd57-3da6fba07454	8	58703486	58703493	2	-1.1993
67966819-2f15-43f9-bd57-3da6fba07454	8	58703753	63936340	3374	0.0221
67966819-2f15-43f9-bd57-3da6fba07454	8	63936355	63936561	5	1.1199
67966819-2f15-43f9-bd57-3da6fba07454	8	63936953	94545374	18088	0.0158
67966819-2f15-43f9-bd57-3da6fba07454	8	94545481	94545764	5	1.1221
67966819-2f15-43f9-bd57-3da6fba07454	8	94545887	111279265	10269	0.0148
67966819-2f15-43f9-bd57-3da6fba07454	8	111282050	111283031	10	1.4139
67966819-2f15-43f9-bd57-3da6fba07454	8	111288052	114619814	1823	0.021
67966819-2f15-43f9-bd57-3da6fba07454	8	114622258	114629340	32	-0.6152
67966819-2f15-43f9-bd57-3da6fba07454	8	114629356	141016278	19304	0.0161
67966819-2f15-43f9-bd57-3da6fba07454	8	141019563	142423309	823	0.0792
67966819-2f15-43f9-bd57-3da6fba07454	8	142423653	145072769	946	0.0162
67966819-2f15-43f9-bd57-3da6fba07454	9	46587	40832327	31212	0.0151
67966819-2f15-43f9-bd57-3da6fba07454	9	40887290	41741096	85	0.3307
67966819-2f15-43f9-bd57-3da6fba07454	9	41741113	42308537	34	-0.5024
67966819-2f15-43f9-bd57-3da6fba07454	9	42501791	138200944	48186	0.0178
67966819-2f15-43f9-bd57-3da6fba07454	10	45792	8594218	7431	0.0177
67966819-2f15-43f9-bd57-3da6fba07454	10	8594938	8595127	2	-1.4796
67966819-2f15-43f9-bd57-3da6fba07454	10	8595459	13676623	4059	0.0202
67966819-2f15-43f9-bd57-3da6fba07454	10	13678390	13682331	3	-0.8862
67966819-2f15-43f9-bd57-3da6fba07454	10	13682349	17885034	3362	0.0162
67966819-2f15-43f9-bd57-3da6fba07454	10	17896194	17910884	3	-2.4685
67966819-2f15-43f9-bd57-3da6fba07454	10	17929793	24086334	4342	0.0206
67966819-2f15-43f9-bd57-3da6fba07454	10	24088745	24088753	7	-1.7122
67966819-2f15-43f9-bd57-3da6fba07454	10	24088989	26939510	2000	0.0167
67966819-2f15-43f9-bd57-3da6fba07454	10	26939523	26939544	2	-1.2301
67966819-2f15-43f9-bd57-3da6fba07454	10	26941064	46333369	10469	0.0221
67966819-2f15-43f9-bd57-3da6fba07454	10	46370859	46836986	62	0.4024
67966819-2f15-43f9-bd57-3da6fba07454	10	46898735	47680298	292	0.011
67966819-2f15-43f9-bd57-3da6fba07454	10	47680348	48084420	10	0.6113
67966819-2f15-43f9-bd57-3da6fba07454	10	48084439	48523157	260	0.0275
67966819-2f15-43f9-bd57-3da6fba07454	10	48524930	48524943	2	-1.6949
67966819-2f15-43f9-bd57-3da6fba07454	10	48525216	65546400	12127	0.0183
67966819-2f15-43f9-bd57-3da6fba07454	10	65546518	65554672	28	-0.562
67966819-2f15-43f9-bd57-3da6fba07454	10	65554688	79754434	9248	0.0177
67966819-2f15-43f9-bd57-3da6fba07454	10	79763550	79837384	18	-0.8109
67966819-2f15-43f9-bd57-3da6fba07454	10	79838023	89178916	6561	0.0204
67966819-2f15-43f9-bd57-3da6fba07454	10	89183210	89188333	12	-0.8647
67966819-2f15-43f9-bd57-3da6fba07454	10	89190337	106221017	10517	0.0152
67966819-2f15-43f9-bd57-3da6fba07454	10	106224562	106256612	29	-0.9351
67966819-2f15-43f9-bd57-3da6fba07454	10	106259466	133654968	19860	0.0203
67966819-2f15-43f9-bd57-3da6fba07454	11	198510	4946420	2419	0.0275
67966819-2f15-43f9-bd57-3da6fba07454	11	4947280	4954475	28	0.3976
67966819-2f15-43f9-bd57-3da6fba07454	11	4955027	5498454	538	-0.0016
67966819-2f15-43f9-bd57-3da6fba07454	11	5498832	5502363	10	-0.672
67966819-2f15-43f9-bd57-3da6fba07454	11	5503234	5766175	239	-0.0178
67966819-2f15-43f9-bd57-3da6fba07454	11	5766850	5787909	32	-2.9148
67966819-2f15-43f9-bd57-3da6fba07454	11	5788108	7847983	1533	0.0214
67966819-2f15-43f9-bd57-3da6fba07454	11	7848201	7848373	2	-1.106
67966819-2f15-43f9-bd57-3da6fba07454	11	7857629	12308374	3426	0.0143
67966819-2f15-43f9-bd57-3da6fba07454	11	12315765	12315776	2	-1.1476
67966819-2f15-43f9-bd57-3da6fba07454	11	12317262	18919323	4450	0.0221
67966819-2f15-43f9-bd57-3da6fba07454	11	18927525	18939631	35	-1.2494
67966819-2f15-43f9-bd57-3da6fba07454	11	18939734	48751110	20669	0.0148
67966819-2f15-43f9-bd57-3da6fba07454	11	48751124	48761945	6	-0.9267
67966819-2f15-43f9-bd57-3da6fba07454	11	48762166	49737435	377	0.0263
67966819-2f15-43f9-bd57-3da6fba07454	11	49738003	49739136	6	-1.2279
67966819-2f15-43f9-bd57-3da6fba07454	11	49744609	55198132	517	0.0005
67966819-2f15-43f9-bd57-3da6fba07454	11	55202385	55214735	5	-1.0004
67966819-2f15-43f9-bd57-3da6fba07454	11	55241999	55608804	209	0.0151
67966819-2f15-43f9-bd57-3da6fba07454	11	55609022	55685058	49	-0.5394
67966819-2f15-43f9-bd57-3da6fba07454	11	55685501	56081445	298	-0.0298
67966819-2f15-43f9-bd57-3da6fba07454	11	56081502	56199970	72	-0.1593
67966819-2f15-43f9-bd57-3da6fba07454	11	56200301	80256460	12891	0.0168
67966819-2f15-43f9-bd57-3da6fba07454	11	80256469	80256520	3	1.1155
67966819-2f15-43f9-bd57-3da6fba07454	11	80256642	101723653	15299	0.0174
67966819-2f15-43f9-bd57-3da6fba07454	11	101727129	101727233	4	2.1376
67966819-2f15-43f9-bd57-3da6fba07454	11	101727481	133898991	22861	0.0175
67966819-2f15-43f9-bd57-3da6fba07454	11	133902940	133902943	2	-1.248
67966819-2f15-43f9-bd57-3da6fba07454	11	133904600	135074876	871	0.0694
67966819-2f15-43f9-bd57-3da6fba07454	12	51460	4276294	2879	0.0358
67966819-2f15-43f9-bd57-3da6fba07454	12	4276414	4276884	5	1.0561
67966819-2f15-43f9-bd57-3da6fba07454	12	4277067	11055849	4349	0.0205
67966819-2f15-43f9-bd57-3da6fba07454	12	11060192	11088933	15	0.5781
67966819-2f15-43f9-bd57-3da6fba07454	12	11099275	34530413	16322	0.0209
67966819-2f15-43f9-bd57-3da6fba07454	12	34544311	34544327	2	-1.3128
67966819-2f15-43f9-bd57-3da6fba07454	12	34544372	45510655	4837	0.0237
67966819-2f15-43f9-bd57-3da6fba07454	12	45512057	45515754	3	-2.3424
67966819-2f15-43f9-bd57-3da6fba07454	12	45519509	99398036	33708	0.0202
67966819-2f15-43f9-bd57-3da6fba07454	12	99401515	99409315	32	-0.5864
67966819-2f15-43f9-bd57-3da6fba07454	12	99409340	111684066	7877	0.0224
67966819-2f15-43f9-bd57-3da6fba07454	12	111685480	111685760	2	-1.333
67966819-2f15-43f9-bd57-3da6fba07454	12	111687600	119546020	5775	0.0256
67966819-2f15-43f9-bd57-3da6fba07454	12	119551082	119552956	16	-0.8691
67966819-2f15-43f9-bd57-3da6fba07454	12	119556236	133201603	9042	0.0267
67966819-2f15-43f9-bd57-3da6fba07454	13	18452809	18744498	71	0.0391
67966819-2f15-43f9-bd57-3da6fba07454	13	18794552	18795296	6	-0.7246
67966819-2f15-43f9-bd57-3da6fba07454	13	18821498	21321896	1496	0.0086
67966819-2f15-43f9-bd57-3da6fba07454	13	21322180	21322360	2	1.6594
67966819-2f15-43f9-bd57-3da6fba07454	13	21322617	38478674	12633	0.0128
67966819-2f15-43f9-bd57-3da6fba07454	13	38483435	38483919	2	-1.7905
67966819-2f15-43f9-bd57-3da6fba07454	13	38490920	57176962	11825	0.0077
67966819-2f15-43f9-bd57-3da6fba07454	13	57184136	57204246	34	-0.653
67966819-2f15-43f9-bd57-3da6fba07454	13	57215580	71902850	8996	0.0097
67966819-2f15-43f9-bd57-3da6fba07454	13	71903417	71906418	4	-3.0799
67966819-2f15-43f9-bd57-3da6fba07454	13	71906467	76880346	3701	0.0187
67966819-2f15-43f9-bd57-3da6fba07454	13	76881756	76881772	2	-1.1029
67966819-2f15-43f9-bd57-3da6fba07454	13	76882828	105663858	19241	0.012
67966819-2f15-43f9-bd57-3da6fba07454	13	105664476	105664629	4	-0.8934
67966819-2f15-43f9-bd57-3da6fba07454	13	105667023	114342922	6160	0.015
67966819-2f15-43f9-bd57-3da6fba07454	14	18239283	18657897	18	-0.0209
67966819-2f15-43f9-bd57-3da6fba07454	14	18661510	19952080	147	-0.3203
67966819-2f15-43f9-bd57-3da6fba07454	14	19954424	21840190	1250	0.0253
67966819-2f15-43f9-bd57-3da6fba07454	14	21840629	22395207	506	-0.0519
67966819-2f15-43f9-bd57-3da6fba07454	14	22395910	22560442	154	0.0736
67966819-2f15-43f9-bd57-3da6fba07454	14	22560612	22560975	7	-0.7297
67966819-2f15-43f9-bd57-3da6fba07454	14	22563170	30341822	4751	0.0201
67966819-2f15-43f9-bd57-3da6fba07454	14	30348971	30350167	3	-1.2065
67966819-2f15-43f9-bd57-3da6fba07454	14	30352716	47227057	10474	0.0149
67966819-2f15-43f9-bd57-3da6fba07454	14	47238133	47247780	8	-0.9998
67966819-2f15-43f9-bd57-3da6fba07454	14	47248244	73953773	17136	0.0155
67966819-2f15-43f9-bd57-3da6fba07454	14	73957074	73957079	2	-1.3705
67966819-2f15-43f9-bd57-3da6fba07454	14	73958353	85098746	7402	0.0225
67966819-2f15-43f9-bd57-3da6fba07454	14	85098811	85098951	3	-1.0841
67966819-2f15-43f9-bd57-3da6fba07454	14	85099082	106294689	13266	0.024
67966819-2f15-43f9-bd57-3da6fba07454	14	106297265	106297273	3	1.163
67966819-2f15-43f9-bd57-3da6fba07454	14	106297409	106696326	216	0.0076
67966819-2f15-43f9-bd57-3da6fba07454	14	106696342	106770361	11	-0.5437
67966819-2f15-43f9-bd57-3da6fba07454	14	106775945	106877229	68	-0.0046
67966819-2f15-43f9-bd57-3da6fba07454	15	19811075	20001686	45	-0.018
67966819-2f15-43f9-bd57-3da6fba07454	15	20011702	20056983	5	0.8002
67966819-2f15-43f9-bd57-3da6fba07454	15	20059033	20327364	24	-0.0665
67966819-2f15-43f9-bd57-3da6fba07454	15	20336727	22227530	107	-0.3036
67966819-2f15-43f9-bd57-3da6fba07454	15	22228782	22385639	26	-0.8263
67966819-2f15-43f9-bd57-3da6fba07454	15	22395047	24424598	992	0.0191
67966819-2f15-43f9-bd57-3da6fba07454	15	24429604	24473026	33	-0.5553
67966819-2f15-43f9-bd57-3da6fba07454	15	24473449	30106026	3598	0.0281
67966819-2f15-43f9-bd57-3da6fba07454	15	30152073	30297594	20	0.4256
67966819-2f15-43f9-bd57-3da6fba07454	15	30300815	30488460	11	-0.0615
67966819-2f15-43f9-bd57-3da6fba07454	15	30500366	30633402	8	0.9644
67966819-2f15-43f9-bd57-3da6fba07454	15	30638297	38944046	5703	0.0159
67966819-2f15-43f9-bd57-3da6fba07454	15	38944169	38944967	3	-0.9755
67966819-2f15-43f9-bd57-3da6fba07454	15	38946618	51328786	7087	0.0181
67966819-2f15-43f9-bd57-3da6fba07454	15	51329831	51329931	2	-1.1536
67966819-2f15-43f9-bd57-3da6fba07454	15	51334335	53492691	1448	0.0187
67966819-2f15-43f9-bd57-3da6fba07454	15	53492794	53493082	6	-0.77
67966819-2f15-43f9-bd57-3da6fba07454	15	53498050	53902792	310	0.0309
67966819-2f15-43f9-bd57-3da6fba07454	15	53908153	53909163	2	-1.1449
67966819-2f15-43f9-bd57-3da6fba07454	15	53910302	56497449	1712	0.0204
67966819-2f15-43f9-bd57-3da6fba07454	15	56498505	56508779	25	-0.599
67966819-2f15-43f9-bd57-3da6fba07454	15	56509425	101928837	30395	0.0169
67966819-2f15-43f9-bd57-3da6fba07454	16	10777	12555002	9417	0.0287
67966819-2f15-43f9-bd57-3da6fba07454	16	12555121	12555138	2	-1.4861
67966819-2f15-43f9-bd57-3da6fba07454	16	12556390	16498856	2346	0.0268
67966819-2f15-43f9-bd57-3da6fba07454	16	16534205	16558842	7	0.7153
67966819-2f15-43f9-bd57-3da6fba07454	16	16563118	18335528	1006	0.0228
67966819-2f15-43f9-bd57-3da6fba07454	16	18540265	18545889	3	1.6776
67966819-2f15-43f9-bd57-3da6fba07454	16	18583078	19932678	689	0.0242
67966819-2f15-43f9-bd57-3da6fba07454	16	19933041	19956040	30	-0.772
67966819-2f15-43f9-bd57-3da6fba07454	16	19958932	20473466	392	0.0412
67966819-2f15-43f9-bd57-3da6fba07454	16	20476477	20501459	11	-0.7691
67966819-2f15-43f9-bd57-3da6fba07454	16	20501616	20534515	24	0.0509
67966819-2f15-43f9-bd57-3da6fba07454	16	20534530	20551706	15	0.4983
67966819-2f15-43f9-bd57-3da6fba07454	16	20551873	20586231	13	-0.0518
67966819-2f15-43f9-bd57-3da6fba07454	16	20595007	20604353	6	0.5311
67966819-2f15-43f9-bd57-3da6fba07454	16	20605244	21401082	433	0.0038
67966819-2f15-43f9-bd57-3da6fba07454	16	21503753	21580019	22	-0.8725
67966819-2f15-43f9-bd57-3da6fba07454	16	21582134	22430699	362	0.0116
67966819-2f15-43f9-bd57-3da6fba07454	16	22546611	22699421	71	-1.0849
67966819-2f15-43f9-bd57-3da6fba07454	16	22701658	35232200	5322	0.0256
67966819-2f15-43f9-bd57-3da6fba07454	16	35236333	35521195	166	0.4745
67966819-2f15-43f9-bd57-3da6fba07454	16	35522700	83855218	27149	0.0201
67966819-2f15-43f9-bd57-3da6fba07454	16	83856075	83858164	4	-1.2642
67966819-2f15-43f9-bd57-3da6fba07454	16	83858313	90096867	4383	0.0345
67966819-2f15-43f9-bd57-3da6fba07454	17	150733	18455635	11400	0.0209
67966819-2f15-43f9-bd57-3da6fba07454	17	18458372	18561272	23	0.7331
67966819-2f15-43f9-bd57-3da6fba07454	17	18561907	41265456	9401	0.0202
67966819-2f15-43f9-bd57-3da6fba07454	17	41266762	41274279	24	-1.1373
67966819-2f15-43f9-bd57-3da6fba07454	17	41276472	46085732	2500	0.0298
67966819-2f15-43f9-bd57-3da6fba07454	17	46088437	46286804	124	-0.2486
67966819-2f15-43f9-bd57-3da6fba07454	17	46323701	46446345	3	-1.2064
67966819-2f15-43f9-bd57-3da6fba07454	17	46446360	46713921	14	-0.1554
67966819-2f15-43f9-bd57-3da6fba07454	17	46717218	57610128	6992	0.0197
67966819-2f15-43f9-bd57-3da6fba07454	17	57610972	57611632	2	-1.7758
67966819-2f15-43f9-bd57-3da6fba07454	17	57614632	80655063	13618	0.0217
67966819-2f15-43f9-bd57-3da6fba07454	17	80655993	80660379	2	1.3669
67966819-2f15-43f9-bd57-3da6fba07454	17	80660500	83091923	950	0.0142
67966819-2f15-43f9-bd57-3da6fba07454	18	48133	12192232	8881	0.0167
67966819-2f15-43f9-bd57-3da6fba07454	18	12192656	12228773	11	0.5771
67966819-2f15-43f9-bd57-3da6fba07454	18	12238864	54722849	23487	0.0193
67966819-2f15-43f9-bd57-3da6fba07454	18	54724343	54726513	2	-1.5565
67966819-2f15-43f9-bd57-3da6fba07454	18	54726933	80257174	18381	0.0117
67966819-2f15-43f9-bd57-3da6fba07454	19	90910	277776	22	0.9163
67966819-2f15-43f9-bd57-3da6fba07454	19	283868	27803571	11245	0.0206
67966819-2f15-43f9-bd57-3da6fba07454	19	27805597	27826435	20	-1.1014
67966819-2f15-43f9-bd57-3da6fba07454	19	27828826	35364451	5431	0.0175
67966819-2f15-43f9-bd57-3da6fba07454	19	35364547	35385420	29	0.2853
67966819-2f15-43f9-bd57-3da6fba07454	19	35385973	41551655	3150	0.0136
67966819-2f15-43f9-bd57-3da6fba07454	19	41553480	41555937	6	-0.8806
67966819-2f15-43f9-bd57-3da6fba07454	19	41557305	50824837	4316	0.026
67966819-2f15-43f9-bd57-3da6fba07454	19	50829011	50829982	6	-1.1488
67966819-2f15-43f9-bd57-3da6fba07454	19	50835951	51639362	552	0.0264
67966819-2f15-43f9-bd57-3da6fba07454	19	51639677	51644944	9	-0.9921
67966819-2f15-43f9-bd57-3da6fba07454	19	51651652	55771003	2493	0.0231
67966819-2f15-43f9-bd57-3da6fba07454	19	55771169	55771663	2	-2.3674
67966819-2f15-43f9-bd57-3da6fba07454	19	55771701	58586487	1840	0.0167
67966819-2f15-43f9-bd57-3da6fba07454	20	80664	1579897	1197	0.0303
67966819-2f15-43f9-bd57-3da6fba07454	20	1579916	1601561	42	-0.401
67966819-2f15-43f9-bd57-3da6fba07454	20	1609611	1613247	5	-1.7381
67966819-2f15-43f9-bd57-3da6fba07454	20	1617300	61973114	40163	0.0124
67966819-2f15-43f9-bd57-3da6fba07454	20	61983972	61984028	3	-1.3929
67966819-2f15-43f9-bd57-3da6fba07454	20	61992694	64324800	976	0.0277
67966819-2f15-43f9-bd57-3da6fba07454	21	10354168	15751536	1595	0.0093
67966819-2f15-43f9-bd57-3da6fba07454	21	15751783	15754501	2	1.7506
67966819-2f15-43f9-bd57-3da6fba07454	21	15758051	17853572	1328	0.0206
67966819-2f15-43f9-bd57-3da6fba07454	21	17855861	17855880	2	-1.3576
67966819-2f15-43f9-bd57-3da6fba07454	21	17859381	40750262	17319	0.0154
67966819-2f15-43f9-bd57-3da6fba07454	21	40751528	40752175	3	-1.6673
67966819-2f15-43f9-bd57-3da6fba07454	21	40755795	40812718	49	-0.0663
67966819-2f15-43f9-bd57-3da6fba07454	21	40812761	40821272	3	-2.4916
67966819-2f15-43f9-bd57-3da6fba07454	21	40821496	41496204	624	0.0226
67966819-2f15-43f9-bd57-3da6fba07454	21	41496268	41496286	2	-1.7408
67966819-2f15-43f9-bd57-3da6fba07454	21	41496410	45244616	2120	0.0178
67966819-2f15-43f9-bd57-3da6fba07454	21	45244860	45626706	200	0.1379
67966819-2f15-43f9-bd57-3da6fba07454	21	45629198	45629951	3	0.7812
67966819-2f15-43f9-bd57-3da6fba07454	21	45631922	46677045	616	0.0449
67966819-2f15-43f9-bd57-3da6fba07454	22	15294547	23987520	4395	0.0403
67966819-2f15-43f9-bd57-3da6fba07454	22	23988078	23989773	2	-3.685
67966819-2f15-43f9-bd57-3da6fba07454	22	23990431	23990739	2	-1.3235
67966819-2f15-43f9-bd57-3da6fba07454	22	23995113	24685371	352	0.0003
67966819-2f15-43f9-bd57-3da6fba07454	22	24686148	24686567	3	-1.0431
67966819-2f15-43f9-bd57-3da6fba07454	22	24691707	27011183	2158	0.02
67966819-2f15-43f9-bd57-3da6fba07454	22	27011727	27013892	4	-0.7805
67966819-2f15-43f9-bd57-3da6fba07454	22	27014408	33777419	4731	0.0184
67966819-2f15-43f9-bd57-3da6fba07454	22	33778960	33778998	4	-3.1979
67966819-2f15-43f9-bd57-3da6fba07454	22	33785435	48984516	10484	0.0224
67966819-2f15-43f9-bd57-3da6fba07454	22	48984844	49495310	513	0.1031
67966819-2f15-43f9-bd57-3da6fba07454	22	49497505	50796027	630	0.0373
67966819-2f15-43f9-bd57-3da6fba07454	X	251810	58477524	33415	0.0153
67966819-2f15-43f9-bd57-3da6fba07454	X	58477663	58534658	5	-0.7708
67966819-2f15-43f9-bd57-3da6fba07454	X	58535497	90436695	13372	0.018
67966819-2f15-43f9-bd57-3da6fba07454	X	90438825	90444900	2	-1.2516
67966819-2f15-43f9-bd57-3da6fba07454	X	90445650	155952689	36884	0.0216
67966819-2f15-43f9-bd57-3da6fba07454	Y	2782397	6780720	863	-2.9155
67966819-2f15-43f9-bd57-3da6fba07454	Y	6790428	23586854	5584	-3.3346
67966819-2f15-43f9-bd57-3da6fba07454	Y	23784615	56872112	192	-2.8712
