GDC_Aliquot	Chromosome	Start	End	Num_Probes	Segment_Mean
a0e7baba-2986-4cce-97a0-747c0dba58a2	1	62920	3178267	678	-0.0743
a0e7baba-2986-4cce-97a0-747c0dba58a2	1	3178562	3260916	46	-0.5457
a0e7baba-2986-4cce-97a0-747c0dba58a2	1	3262734	12807820	5787	-0.1155
a0e7baba-2986-4cce-97a0-747c0dba58a2	1	12807830	12855993	11	-0.7095
a0e7baba-2986-4cce-97a0-747c0dba58a2	1	12867264	16679483	2159	-0.1145
a0e7baba-2986-4cce-97a0-747c0dba58a2	1	16685961	16935752	78	0.2991
a0e7baba-2986-4cce-97a0-747c0dba58a2	1	16949746	21298294	2934	-0.1121
a0e7baba-2986-4cce-97a0-747c0dba58a2	1	21304987	21307474	2	-2.6874
a0e7baba-2986-4cce-97a0-747c0dba58a2	1	21310303	25256850	2325	-0.1142
a0e7baba-2986-4cce-97a0-747c0dba58a2	1	25266637	25318693	19	-1.948
a0e7baba-2986-4cce-97a0-747c0dba58a2	1	25319167	25320455	5	-0.8794
a0e7baba-2986-4cce-97a0-747c0dba58a2	1	25336819	30264526	2386	-0.1132
a0e7baba-2986-4cce-97a0-747c0dba58a2	1	30265508	30268809	9	-1.2276
a0e7baba-2986-4cce-97a0-747c0dba58a2	1	30269103	67841964	23629	-0.119
a0e7baba-2986-4cce-97a0-747c0dba58a2	1	67842351	67844721	3	-1.2837
a0e7baba-2986-4cce-97a0-747c0dba58a2	1	67845305	69485326	1003	-0.1188
a0e7baba-2986-4cce-97a0-747c0dba58a2	1	69485782	69486105	2	-1.3068
a0e7baba-2986-4cce-97a0-747c0dba58a2	1	69494453	72290430	1695	-0.1245
a0e7baba-2986-4cce-97a0-747c0dba58a2	1	72290459	72351338	60	0.2804
a0e7baba-2986-4cce-97a0-747c0dba58a2	1	72352916	112147704	25570	-0.1243
a0e7baba-2986-4cce-97a0-747c0dba58a2	1	112153343	112154591	22	0.4415
a0e7baba-2986-4cce-97a0-747c0dba58a2	1	112154619	112163591	15	0.0644
a0e7baba-2986-4cce-97a0-747c0dba58a2	1	112163596	119575681	4723	-0.1262
a0e7baba-2986-4cce-97a0-747c0dba58a2	1	119579180	119579315	2	0.96
a0e7baba-2986-4cce-97a0-747c0dba58a2	1	119579520	121580012	417	-0.0671
a0e7baba-2986-4cce-97a0-747c0dba58a2	1	121580531	143577488	34	0.2498
a0e7baba-2986-4cce-97a0-747c0dba58a2	1	143582192	143748012	72	0.4151
a0e7baba-2986-4cce-97a0-747c0dba58a2	1	143748074	143754062	15	1.1922
a0e7baba-2986-4cce-97a0-747c0dba58a2	1	143754077	149913375	936	0.6135
a0e7baba-2986-4cce-97a0-747c0dba58a2	1	149914031	152583051	1394	0.5385
a0e7baba-2986-4cce-97a0-747c0dba58a2	1	152583230	152614118	35	-1.8615
a0e7baba-2986-4cce-97a0-747c0dba58a2	1	152618018	152687773	80	0.6216
a0e7baba-2986-4cce-97a0-747c0dba58a2	1	152688270	152787202	87	0.4885
a0e7baba-2986-4cce-97a0-747c0dba58a2	1	152789447	152796224	37	-0.4055
a0e7baba-2986-4cce-97a0-747c0dba58a2	1	152801429	156622710	1988	0.5319
a0e7baba-2986-4cce-97a0-747c0dba58a2	1	156626307	158544724	1297	0.6921
a0e7baba-2986-4cce-97a0-747c0dba58a2	1	158544739	158545295	9	0.1049
a0e7baba-2986-4cce-97a0-747c0dba58a2	1	158547206	162129673	2340	0.6973
a0e7baba-2986-4cce-97a0-747c0dba58a2	1	162132039	164510242	1870	0.5564
a0e7baba-2986-4cce-97a0-747c0dba58a2	1	164510508	169247699	3782	0.6947
a0e7baba-2986-4cce-97a0-747c0dba58a2	1	169264736	169272528	7	1.6194
a0e7baba-2986-4cce-97a0-747c0dba58a2	1	169273163	171319538	1435	0.7088
a0e7baba-2986-4cce-97a0-747c0dba58a2	1	171321081	171972568	442	0.639
a0e7baba-2986-4cce-97a0-747c0dba58a2	1	171973348	171973643	2	-0.4389
a0e7baba-2986-4cce-97a0-747c0dba58a2	1	171975278	172389027	266	0.6979
a0e7baba-2986-4cce-97a0-747c0dba58a2	1	172393057	172396016	3	2.7463
a0e7baba-2986-4cce-97a0-747c0dba58a2	1	172396190	244312527	48990	0.7097
a0e7baba-2986-4cce-97a0-747c0dba58a2	1	244312832	244313453	2	-1.2708
a0e7baba-2986-4cce-97a0-747c0dba58a2	1	244314592	248546369	2756	0.7077
a0e7baba-2986-4cce-97a0-747c0dba58a2	1	248550567	248585893	4	-0.4351
a0e7baba-2986-4cce-97a0-747c0dba58a2	1	248585918	248645808	33	1.017
a0e7baba-2986-4cce-97a0-747c0dba58a2	1	248646068	248930189	139	0.7871
a0e7baba-2986-4cce-97a0-747c0dba58a2	2	12784	22688855	16853	-0.1406
a0e7baba-2986-4cce-97a0-747c0dba58a2	2	22689630	22690202	3	-1.5041
a0e7baba-2986-4cce-97a0-747c0dba58a2	2	22697714	34466002	7235	-0.1295
a0e7baba-2986-4cce-97a0-747c0dba58a2	2	34474248	34511990	46	0.4982
a0e7baba-2986-4cce-97a0-747c0dba58a2	2	34512096	44034862	7003	-0.1306
a0e7baba-2986-4cce-97a0-747c0dba58a2	2	44038772	44082570	36	0.3397
a0e7baba-2986-4cce-97a0-747c0dba58a2	2	44083370	50604596	4644	-0.1383
a0e7baba-2986-4cce-97a0-747c0dba58a2	2	50610356	50610570	2	-2.016
a0e7baba-2986-4cce-97a0-747c0dba58a2	2	50612068	52516787	1318	-0.1366
a0e7baba-2986-4cce-97a0-747c0dba58a2	2	52527330	52554404	40	0.2819
a0e7baba-2986-4cce-97a0-747c0dba58a2	2	52560811	52650878	61	-0.1374
a0e7baba-2986-4cce-97a0-747c0dba58a2	2	52653613	52656459	3	-1.2723
a0e7baba-2986-4cce-97a0-747c0dba58a2	2	52656571	68271786	10292	-0.1406
a0e7baba-2986-4cce-97a0-747c0dba58a2	2	68274055	68335048	54	0.3912
a0e7baba-2986-4cce-97a0-747c0dba58a2	2	68337518	69007514	466	-0.1203
a0e7baba-2986-4cce-97a0-747c0dba58a2	2	69007779	114339213	22789	0.1497
a0e7baba-2986-4cce-97a0-747c0dba58a2	2	114339222	116497271	1307	-0.1402
a0e7baba-2986-4cce-97a0-747c0dba58a2	2	116497555	116755919	164	0.166
a0e7baba-2986-4cce-97a0-747c0dba58a2	2	116758058	116780667	10	-0.53
a0e7baba-2986-4cce-97a0-747c0dba58a2	2	116793371	125269998	5490	0.1563
a0e7baba-2986-4cce-97a0-747c0dba58a2	2	125270257	125270457	2	-1.7398
a0e7baba-2986-4cce-97a0-747c0dba58a2	2	125270889	135705261	6068	0.1422
a0e7baba-2986-4cce-97a0-747c0dba58a2	2	135707248	135707572	3	-1.8979
a0e7baba-2986-4cce-97a0-747c0dba58a2	2	135708286	143404165	5024	0.1414
a0e7baba-2986-4cce-97a0-747c0dba58a2	2	143408041	143408358	2	-2.4383
a0e7baba-2986-4cce-97a0-747c0dba58a2	2	143408657	146104517	1528	0.1183
a0e7baba-2986-4cce-97a0-747c0dba58a2	2	146106836	146109366	24	0.7879
a0e7baba-2986-4cce-97a0-747c0dba58a2	2	146120238	153368002	4476	0.1507
a0e7baba-2986-4cce-97a0-747c0dba58a2	2	153368137	153568701	118	-0.1306
a0e7baba-2986-4cce-97a0-747c0dba58a2	2	153568964	155715990	1259	0.162
a0e7baba-2986-4cce-97a0-747c0dba58a2	2	155724196	155724217	2	-1.441
a0e7baba-2986-4cce-97a0-747c0dba58a2	2	155724737	158071694	1284	0.1501
a0e7baba-2986-4cce-97a0-747c0dba58a2	2	158073212	184324040	16438	-0.1521
a0e7baba-2986-4cce-97a0-747c0dba58a2	2	184324724	222201966	22933	0.1352
a0e7baba-2986-4cce-97a0-747c0dba58a2	2	222208049	235369257	8507	-0.1617
a0e7baba-2986-4cce-97a0-747c0dba58a2	2	235375839	235376371	2	-1.8182
a0e7baba-2986-4cce-97a0-747c0dba58a2	2	235376570	235887688	342	-0.178
a0e7baba-2986-4cce-97a0-747c0dba58a2	2	235892779	242147305	3722	0.143
a0e7baba-2986-4cce-97a0-747c0dba58a2	3	20930	734952	609	-0.1434
a0e7baba-2986-4cce-97a0-747c0dba58a2	3	735968	736560	2	-1.7219
a0e7baba-2986-4cce-97a0-747c0dba58a2	3	738461	915277	120	-0.15
a0e7baba-2986-4cce-97a0-747c0dba58a2	3	915718	916413	2	-1.6539
a0e7baba-2986-4cce-97a0-747c0dba58a2	3	916917	5393278	4014	-0.1563
a0e7baba-2986-4cce-97a0-747c0dba58a2	3	5394391	5394603	2	-1.958
a0e7baba-2986-4cce-97a0-747c0dba58a2	3	5398438	20271633	10514	-0.1359
a0e7baba-2986-4cce-97a0-747c0dba58a2	3	20273630	20286589	3	-1.478
a0e7baba-2986-4cce-97a0-747c0dba58a2	3	20294420	26384700	4628	-0.1347
a0e7baba-2986-4cce-97a0-747c0dba58a2	3	26392633	26397852	5	-1.3386
a0e7baba-2986-4cce-97a0-747c0dba58a2	3	26404482	60151828	20973	-0.1314
a0e7baba-2986-4cce-97a0-747c0dba58a2	3	60152164	60719457	605	0.4102
a0e7baba-2986-4cce-97a0-747c0dba58a2	3	60723255	68697013	6329	-0.1274
a0e7baba-2986-4cce-97a0-747c0dba58a2	3	68697108	68698262	14	-1.1552
a0e7baba-2986-4cce-97a0-747c0dba58a2	3	68699607	70937857	1731	-0.1258
a0e7baba-2986-4cce-97a0-747c0dba58a2	3	70939584	70984380	30	-1.1436
a0e7baba-2986-4cce-97a0-747c0dba58a2	3	70992538	131987852	34104	-0.129
a0e7baba-2986-4cce-97a0-747c0dba58a2	3	131989313	131989627	2	-2.844
a0e7baba-2986-4cce-97a0-747c0dba58a2	3	131996155	146756356	9271	-0.1194
a0e7baba-2986-4cce-97a0-747c0dba58a2	3	146756536	146758696	3	-2.0517
a0e7baba-2986-4cce-97a0-747c0dba58a2	3	146759265	162405578	9556	-0.1275
a0e7baba-2986-4cce-97a0-747c0dba58a2	3	162419812	162424917	14	-0.9772
a0e7baba-2986-4cce-97a0-747c0dba58a2	3	162426460	162790480	258	-0.1037
a0e7baba-2986-4cce-97a0-747c0dba58a2	3	162794869	162908207	70	0.424
a0e7baba-2986-4cce-97a0-747c0dba58a2	3	162908784	167941968	2801	-0.1107
a0e7baba-2986-4cce-97a0-747c0dba58a2	3	167942969	167948496	4	-0.9422
a0e7baba-2986-4cce-97a0-747c0dba58a2	3	167948611	169012392	634	-0.1245
a0e7baba-2986-4cce-97a0-747c0dba58a2	3	169015614	169020840	2	-1.783
a0e7baba-2986-4cce-97a0-747c0dba58a2	3	169022039	190036885	13536	-0.1255
a0e7baba-2986-4cce-97a0-747c0dba58a2	3	190041417	190041638	2	-1.3874
a0e7baba-2986-4cce-97a0-747c0dba58a2	3	190042322	193160256	2193	-0.1153
a0e7baba-2986-4cce-97a0-747c0dba58a2	3	193160406	193168971	25	-0.4802
a0e7baba-2986-4cce-97a0-747c0dba58a2	3	193169072	195683075	1478	-0.124
a0e7baba-2986-4cce-97a0-747c0dba58a2	3	195685341	195728637	22	-0.8325
a0e7baba-2986-4cce-97a0-747c0dba58a2	3	195728990	195729040	3	0.4088
a0e7baba-2986-4cce-97a0-747c0dba58a2	3	195729053	195737995	12	-0.2762
a0e7baba-2986-4cce-97a0-747c0dba58a2	3	195746925	195747892	3	-1.2266
a0e7baba-2986-4cce-97a0-747c0dba58a2	3	195751823	198106673	1127	-0.0903
a0e7baba-2986-4cce-97a0-747c0dba58a2	3	198106848	198169247	39	0.2487
a0e7baba-2986-4cce-97a0-747c0dba58a2	4	68929	10208766	5706	-0.1141
a0e7baba-2986-4cce-97a0-747c0dba58a2	4	10212536	10229874	29	2.1862
a0e7baba-2986-4cce-97a0-747c0dba58a2	4	10232590	10233644	7	0.4596
a0e7baba-2986-4cce-97a0-747c0dba58a2	4	10234518	10385331	168	-0.1608
a0e7baba-2986-4cce-97a0-747c0dba58a2	4	10385349	10389091	3	0.1634
a0e7baba-2986-4cce-97a0-747c0dba58a2	4	10390730	10399044	16	-1.0092
a0e7baba-2986-4cce-97a0-747c0dba58a2	4	10401094	13999897	2831	-0.131
a0e7baba-2986-4cce-97a0-747c0dba58a2	4	14000966	14001031	2	-1.4544
a0e7baba-2986-4cce-97a0-747c0dba58a2	4	14006582	32538160	12708	-0.1334
a0e7baba-2986-4cce-97a0-747c0dba58a2	4	32542409	32542776	3	-2.7262
a0e7baba-2986-4cce-97a0-747c0dba58a2	4	32544799	32799851	132	-0.1428
a0e7baba-2986-4cce-97a0-747c0dba58a2	4	32800076	32873246	29	-0.494
a0e7baba-2986-4cce-97a0-747c0dba58a2	4	32874014	34777432	1085	-0.1261
a0e7baba-2986-4cce-97a0-747c0dba58a2	4	34784878	34823103	38	0.6871
a0e7baba-2986-4cce-97a0-747c0dba58a2	4	34828250	37757992	2040	-0.1383
a0e7baba-2986-4cce-97a0-747c0dba58a2	4	37758322	37761264	13	-0.408
a0e7baba-2986-4cce-97a0-747c0dba58a2	4	37761392	37762300	3	-1.9361
a0e7baba-2986-4cce-97a0-747c0dba58a2	4	37762373	38137040	281	-0.1266
a0e7baba-2986-4cce-97a0-747c0dba58a2	4	38137235	38137716	2	-1.8226
a0e7baba-2986-4cce-97a0-747c0dba58a2	4	38143752	43143380	3187	-0.1396
a0e7baba-2986-4cce-97a0-747c0dba58a2	4	43143414	43148055	10	-0.9005
a0e7baba-2986-4cce-97a0-747c0dba58a2	4	43154418	48156770	2880	-0.1308
a0e7baba-2986-4cce-97a0-747c0dba58a2	4	48157197	48324513	230	0.0365
a0e7baba-2986-4cce-97a0-747c0dba58a2	4	48328020	48509549	93	-0.1944
a0e7baba-2986-4cce-97a0-747c0dba58a2	4	48510918	49112078	225	-0.0206
a0e7baba-2986-4cce-97a0-747c0dba58a2	4	49113964	56983085	3409	-0.1398
a0e7baba-2986-4cce-97a0-747c0dba58a2	4	56984491	56984529	2	-1.4813
a0e7baba-2986-4cce-97a0-747c0dba58a2	4	56985804	63828222	4185	-0.1206
a0e7baba-2986-4cce-97a0-747c0dba58a2	4	63831751	63842036	22	-0.9585
a0e7baba-2986-4cce-97a0-747c0dba58a2	4	63842099	63842540	5	-3.311
a0e7baba-2986-4cce-97a0-747c0dba58a2	4	63850713	68509237	2875	-0.1203
a0e7baba-2986-4cce-97a0-747c0dba58a2	4	68509442	68686026	71	0.457
a0e7baba-2986-4cce-97a0-747c0dba58a2	4	68725894	69254981	302	-0.1212
a0e7baba-2986-4cce-97a0-747c0dba58a2	4	69255175	69424538	87	0.0724
a0e7baba-2986-4cce-97a0-747c0dba58a2	4	69424683	71200570	1055	-0.1244
a0e7baba-2986-4cce-97a0-747c0dba58a2	4	71201152	71203796	3	-1.0666
a0e7baba-2986-4cce-97a0-747c0dba58a2	4	71204544	73791151	1554	-0.1212
a0e7baba-2986-4cce-97a0-747c0dba58a2	4	73791538	73794688	3	-1.434
a0e7baba-2986-4cce-97a0-747c0dba58a2	4	73796735	84596611	6861	-0.1203
a0e7baba-2986-4cce-97a0-747c0dba58a2	4	84599490	84599554	2	-1.7275
a0e7baba-2986-4cce-97a0-747c0dba58a2	4	84601638	86053362	931	-0.1167
a0e7baba-2986-4cce-97a0-747c0dba58a2	4	86053909	86058611	21	-0.5798
a0e7baba-2986-4cce-97a0-747c0dba58a2	4	86058791	90181182	2517	-0.1151
a0e7baba-2986-4cce-97a0-747c0dba58a2	4	90182489	90390139	159	-1.0028
a0e7baba-2986-4cce-97a0-747c0dba58a2	4	90390922	90741848	173	-0.1154
a0e7baba-2986-4cce-97a0-747c0dba58a2	4	90741991	90742572	2	-1.3278
a0e7baba-2986-4cce-97a0-747c0dba58a2	4	90742872	95814969	3059	-0.1012
a0e7baba-2986-4cce-97a0-747c0dba58a2	4	95815162	95815251	4	-0.9371
a0e7baba-2986-4cce-97a0-747c0dba58a2	4	95815327	98125766	1236	-0.1019
a0e7baba-2986-4cce-97a0-747c0dba58a2	4	98129348	102847107	2842	-0.1461
a0e7baba-2986-4cce-97a0-747c0dba58a2	4	102849783	106652490	2169	-0.1161
a0e7baba-2986-4cce-97a0-747c0dba58a2	4	106652633	106656132	2	1.5768
a0e7baba-2986-4cce-97a0-747c0dba58a2	4	106656627	107129455	264	-0.1663
a0e7baba-2986-4cce-97a0-747c0dba58a2	4	107129798	107154329	35	0.2148
a0e7baba-2986-4cce-97a0-747c0dba58a2	4	107154401	114252500	4412	-0.1259
a0e7baba-2986-4cce-97a0-747c0dba58a2	4	114252544	114260238	21	0.5951
a0e7baba-2986-4cce-97a0-747c0dba58a2	4	114260672	125995328	7022	-0.1233
a0e7baba-2986-4cce-97a0-747c0dba58a2	4	125998248	125998543	2	-1.4276
a0e7baba-2986-4cce-97a0-747c0dba58a2	4	126003293	126847873	557	-0.1309
a0e7baba-2986-4cce-97a0-747c0dba58a2	4	126848243	126848855	2	-1.5337
a0e7baba-2986-4cce-97a0-747c0dba58a2	4	126848860	134859065	4376	-0.1252
a0e7baba-2986-4cce-97a0-747c0dba58a2	4	134859217	134859332	3	-1.3354
a0e7baba-2986-4cce-97a0-747c0dba58a2	4	134864194	137256858	1373	-0.1341
a0e7baba-2986-4cce-97a0-747c0dba58a2	4	137256900	137269668	55	0.0897
a0e7baba-2986-4cce-97a0-747c0dba58a2	4	137269730	153904116	10061	-0.1281
a0e7baba-2986-4cce-97a0-747c0dba58a2	4	153906822	153906909	2	-1.535
a0e7baba-2986-4cce-97a0-747c0dba58a2	4	153908004	154079890	96	-0.1007
a0e7baba-2986-4cce-97a0-747c0dba58a2	4	154079894	154088034	3	-1.5493
a0e7baba-2986-4cce-97a0-747c0dba58a2	4	154088315	154881396	497	-0.1098
a0e7baba-2986-4cce-97a0-747c0dba58a2	4	154881853	154881926	3	-1.348
a0e7baba-2986-4cce-97a0-747c0dba58a2	4	154882047	164848944	6506	-0.1337
a0e7baba-2986-4cce-97a0-747c0dba58a2	4	164850639	164851323	2	-2.4701
a0e7baba-2986-4cce-97a0-747c0dba58a2	4	164856249	171448195	4101	-0.1257
a0e7baba-2986-4cce-97a0-747c0dba58a2	4	171453733	171456559	10	1.7337
a0e7baba-2986-4cce-97a0-747c0dba58a2	4	171456573	172066777	399	-0.1319
a0e7baba-2986-4cce-97a0-747c0dba58a2	4	172067997	172068382	12	0.7855
a0e7baba-2986-4cce-97a0-747c0dba58a2	4	172074828	188300104	10943	-0.1315
a0e7baba-2986-4cce-97a0-747c0dba58a2	4	188300206	188300221	2	-1.7658
a0e7baba-2986-4cce-97a0-747c0dba58a2	4	188300270	190106768	1143	-0.1034
a0e7baba-2986-4cce-97a0-747c0dba58a2	5	15532	3180894	2163	-0.121
a0e7baba-2986-4cce-97a0-747c0dba58a2	5	3187982	3273970	103	-0.5755
a0e7baba-2986-4cce-97a0-747c0dba58a2	5	3278544	5680258	2139	-0.1598
a0e7baba-2986-4cce-97a0-747c0dba58a2	5	5680300	5713974	42	0.3917
a0e7baba-2986-4cce-97a0-747c0dba58a2	5	5715019	12800777	5746	-0.1432
a0e7baba-2986-4cce-97a0-747c0dba58a2	5	12815668	12838421	14	-1.4932
a0e7baba-2986-4cce-97a0-747c0dba58a2	5	12849089	15690346	1952	-0.1468
a0e7baba-2986-4cce-97a0-747c0dba58a2	5	15694297	15729330	34	0.4866
a0e7baba-2986-4cce-97a0-747c0dba58a2	5	15729400	28019829	7345	-0.1467
a0e7baba-2986-4cce-97a0-747c0dba58a2	5	28020301	28110330	50	-0.5856
a0e7baba-2986-4cce-97a0-747c0dba58a2	5	28113098	28732472	365	0.3487
a0e7baba-2986-4cce-97a0-747c0dba58a2	5	28738110	30292431	958	-0.0221
a0e7baba-2986-4cce-97a0-747c0dba58a2	5	30297182	35838175	3777	0.34
a0e7baba-2986-4cce-97a0-747c0dba58a2	5	35838674	35842723	7	-0.2336
a0e7baba-2986-4cce-97a0-747c0dba58a2	5	35844754	36070007	196	0.336
a0e7baba-2986-4cce-97a0-747c0dba58a2	5	36071395	36072709	5	-0.2425
a0e7baba-2986-4cce-97a0-747c0dba58a2	5	36073615	38191401	1317	0.3513
a0e7baba-2986-4cce-97a0-747c0dba58a2	5	38191596	38321113	105	-0.0026
a0e7baba-2986-4cce-97a0-747c0dba58a2	5	38321565	41465686	2187	0.3498
a0e7baba-2986-4cce-97a0-747c0dba58a2	5	41470068	42799823	700	-0.0153
a0e7baba-2986-4cce-97a0-747c0dba58a2	5	42800622	43260713	235	0.3184
a0e7baba-2986-4cce-97a0-747c0dba58a2	5	43264310	43822714	249	-0.0211
a0e7baba-2986-4cce-97a0-747c0dba58a2	5	43829517	44009667	88	0.333
a0e7baba-2986-4cce-97a0-747c0dba58a2	5	44019613	44022828	4	-0.5867
a0e7baba-2986-4cce-97a0-747c0dba58a2	5	44026767	44233027	89	0.3232
a0e7baba-2986-4cce-97a0-747c0dba58a2	5	44233676	46191782	792	0.0007
a0e7baba-2986-4cce-97a0-747c0dba58a2	5	46195781	46199333	4	-1.321
a0e7baba-2986-4cce-97a0-747c0dba58a2	5	46209197	46251204	13	0.0267
a0e7baba-2986-4cce-97a0-747c0dba58a2	5	46270906	46273400	8	1.0399
a0e7baba-2986-4cce-97a0-747c0dba58a2	5	46278110	50276884	47	0.0221
a0e7baba-2986-4cce-97a0-747c0dba58a2	5	50277291	55285136	3197	-0.1173
a0e7baba-2986-4cce-97a0-747c0dba58a2	5	55286662	57051795	1197	-0.1733
a0e7baba-2986-4cce-97a0-747c0dba58a2	5	57051866	60912361	2625	-0.1114
a0e7baba-2986-4cce-97a0-747c0dba58a2	5	60914844	62176223	820	0.1658
a0e7baba-2986-4cce-97a0-747c0dba58a2	5	62177077	62277545	56	-0.1021
a0e7baba-2986-4cce-97a0-747c0dba58a2	5	62279164	62280093	2	-1.8781
a0e7baba-2986-4cce-97a0-747c0dba58a2	5	62280446	82122944	11361	-0.1332
a0e7baba-2986-4cce-97a0-747c0dba58a2	5	82123459	82131663	3	-3.3725
a0e7baba-2986-4cce-97a0-747c0dba58a2	5	82132219	181363319	62883	-0.1338
a0e7baba-2986-4cce-97a0-747c0dba58a2	6	149661	4698433	3767	0.7159
a0e7baba-2986-4cce-97a0-747c0dba58a2	6	4700450	4700910	4	-1.9124
a0e7baba-2986-4cce-97a0-747c0dba58a2	6	4701267	19039888	11006	0.7045
a0e7baba-2986-4cce-97a0-747c0dba58a2	6	19041950	19044667	9	-0.5104
a0e7baba-2986-4cce-97a0-747c0dba58a2	6	19050511	19118145	53	0.6028
a0e7baba-2986-4cce-97a0-747c0dba58a2	6	19121600	24334808	3796	0.7216
a0e7baba-2986-4cce-97a0-747c0dba58a2	6	24336064	26743855	1605	0.6743
a0e7baba-2986-4cce-97a0-747c0dba58a2	6	26747492	26759781	5	-0.2745
a0e7baba-2986-4cce-97a0-747c0dba58a2	6	26831719	26862801	11	0.8405
a0e7baba-2986-4cce-97a0-747c0dba58a2	6	26867111	26960438	20	0.2921
a0e7baba-2986-4cce-97a0-747c0dba58a2	6	26962520	29869295	1385	0.6924
a0e7baba-2986-4cce-97a0-747c0dba58a2	6	29869410	29940692	37	1.21
a0e7baba-2986-4cce-97a0-747c0dba58a2	6	29946443	33970222	2018	0.6694
a0e7baba-2986-4cce-97a0-747c0dba58a2	6	33970966	33974928	7	-1.5641
a0e7baba-2986-4cce-97a0-747c0dba58a2	6	33976809	41368581	4919	0.7056
a0e7baba-2986-4cce-97a0-747c0dba58a2	6	41379709	54066353	7977	-0.1203
a0e7baba-2986-4cce-97a0-747c0dba58a2	6	54066432	54070550	7	0.7603
a0e7baba-2986-4cce-97a0-747c0dba58a2	6	54070617	61069767	2441	-0.1173
a0e7baba-2986-4cce-97a0-747c0dba58a2	6	61071492	61232953	76	-0.4907
a0e7baba-2986-4cce-97a0-747c0dba58a2	6	61242303	66328153	2845	-0.1202
a0e7baba-2986-4cce-97a0-747c0dba58a2	6	66331020	66333299	7	0.7167
a0e7baba-2986-4cce-97a0-747c0dba58a2	6	66333342	66971937	531	-0.1172
a0e7baba-2986-4cce-97a0-747c0dba58a2	6	66973914	66974020	4	-1.8829
a0e7baba-2986-4cce-97a0-747c0dba58a2	6	66974166	72153222	3391	-0.1364
a0e7baba-2986-4cce-97a0-747c0dba58a2	6	72156821	72157169	2	-2.7662
a0e7baba-2986-4cce-97a0-747c0dba58a2	6	72158860	73882142	1087	-0.1337
a0e7baba-2986-4cce-97a0-747c0dba58a2	6	73882509	73891694	10	0.7119
a0e7baba-2986-4cce-97a0-747c0dba58a2	6	73893839	76305231	1472	-0.1226
a0e7baba-2986-4cce-97a0-747c0dba58a2	6	76307183	76307276	4	0.5971
a0e7baba-2986-4cce-97a0-747c0dba58a2	6	76307326	78252909	1291	-0.113
a0e7baba-2986-4cce-97a0-747c0dba58a2	6	78253157	78316871	99	-0.5562
a0e7baba-2986-4cce-97a0-747c0dba58a2	6	78316969	86696945	5223	-0.1075
a0e7baba-2986-4cce-97a0-747c0dba58a2	6	86696948	86857771	123	-0.5403
a0e7baba-2986-4cce-97a0-747c0dba58a2	6	86880213	103286954	10149	-0.1255
a0e7baba-2986-4cce-97a0-747c0dba58a2	6	103290101	103314186	46	0.7919
a0e7baba-2986-4cce-97a0-747c0dba58a2	6	103317795	133945130	19083	-0.1241
a0e7baba-2986-4cce-97a0-747c0dba58a2	6	133947933	133948494	2	-2.1254
a0e7baba-2986-4cce-97a0-747c0dba58a2	6	133950934	170741917	25090	-0.1266
a0e7baba-2986-4cce-97a0-747c0dba58a2	7	43355	22395161	16060	0.1568
a0e7baba-2986-4cce-97a0-747c0dba58a2	7	22395853	22396868	2	-2.9167
a0e7baba-2986-4cce-97a0-747c0dba58a2	7	22399135	23995508	1073	0.1295
a0e7baba-2986-4cce-97a0-747c0dba58a2	7	24000259	24000764	2	1.604
a0e7baba-2986-4cce-97a0-747c0dba58a2	7	24001198	37350372	9542	0.1548
a0e7baba-2986-4cce-97a0-747c0dba58a2	7	37350941	37377527	15	-0.275
a0e7baba-2986-4cce-97a0-747c0dba58a2	7	37377653	38248326	674	0.1118
a0e7baba-2986-4cce-97a0-747c0dba58a2	7	38251092	38347211	122	0.5061
a0e7baba-2986-4cce-97a0-747c0dba58a2	7	38347842	42227003	2631	0.1374
a0e7baba-2986-4cce-97a0-747c0dba58a2	7	42227737	42227972	2	-1.1352
a0e7baba-2986-4cce-97a0-747c0dba58a2	7	42230723	48541346	4108	0.153
a0e7baba-2986-4cce-97a0-747c0dba58a2	7	48542256	48552289	7	-0.8081
a0e7baba-2986-4cce-97a0-747c0dba58a2	7	48552429	54305455	4246	0.1483
a0e7baba-2986-4cce-97a0-747c0dba58a2	7	54318812	54318824	6	-2.0769
a0e7baba-2986-4cce-97a0-747c0dba58a2	7	54325795	69221403	5110	0.154
a0e7baba-2986-4cce-97a0-747c0dba58a2	7	69221821	69432170	127	0.3632
a0e7baba-2986-4cce-97a0-747c0dba58a2	7	69433052	69436599	2	-0.615
a0e7baba-2986-4cce-97a0-747c0dba58a2	7	69437913	70900603	860	0.38
a0e7baba-2986-4cce-97a0-747c0dba58a2	7	70905356	70964109	34	0.0931
a0e7baba-2986-4cce-97a0-747c0dba58a2	7	70964947	109793690	22305	-0.1209
a0e7baba-2986-4cce-97a0-747c0dba58a2	7	109793720	109813925	39	0.3797
a0e7baba-2986-4cce-97a0-747c0dba58a2	7	109814172	126405502	10031	-0.1169
a0e7baba-2986-4cce-97a0-747c0dba58a2	7	126405597	126406561	10	-1.0837
a0e7baba-2986-4cce-97a0-747c0dba58a2	7	126406822	134100424	4701	-0.1115
a0e7baba-2986-4cce-97a0-747c0dba58a2	7	134100442	134113805	33	0.2818
a0e7baba-2986-4cce-97a0-747c0dba58a2	7	134114093	142505416	5557	-0.1214
a0e7baba-2986-4cce-97a0-747c0dba58a2	7	142505749	142785841	119	0.1121
a0e7baba-2986-4cce-97a0-747c0dba58a2	7	142801993	144199159	756	-0.1256
a0e7baba-2986-4cce-97a0-747c0dba58a2	7	144207186	144295437	9	1.0704
a0e7baba-2986-4cce-97a0-747c0dba58a2	7	144306653	154083159	5999	-0.1188
a0e7baba-2986-4cce-97a0-747c0dba58a2	7	154092910	154126432	10	-0.8056
a0e7baba-2986-4cce-97a0-747c0dba58a2	7	154130920	154598185	404	-0.1373
a0e7baba-2986-4cce-97a0-747c0dba58a2	7	154601461	154607903	4	0.9171
a0e7baba-2986-4cce-97a0-747c0dba58a2	7	154609120	159334314	3235	-0.115
a0e7baba-2986-4cce-97a0-747c0dba58a2	8	81254	644973	324	0.5258
a0e7baba-2986-4cce-97a0-747c0dba58a2	8	645220	645875	6	1.1245
a0e7baba-2986-4cce-97a0-747c0dba58a2	8	645892	645908	2	3.7398
a0e7baba-2986-4cce-97a0-747c0dba58a2	8	656117	1596271	727	0.527
a0e7baba-2986-4cce-97a0-747c0dba58a2	8	1604952	1736621	96	0.7805
a0e7baba-2986-4cce-97a0-747c0dba58a2	8	1736780	2844412	885	0.5582
a0e7baba-2986-4cce-97a0-747c0dba58a2	8	2846011	2846377	7	1.3845
a0e7baba-2986-4cce-97a0-747c0dba58a2	8	2849649	3391730	570	0.5283
a0e7baba-2986-4cce-97a0-747c0dba58a2	8	3394592	3394745	2	-1.6619
a0e7baba-2986-4cce-97a0-747c0dba58a2	8	3395726	3726178	447	0.5583
a0e7baba-2986-4cce-97a0-747c0dba58a2	8	3726550	3728955	10	0.1117
a0e7baba-2986-4cce-97a0-747c0dba58a2	8	3729710	3891007	236	0.5092
a0e7baba-2986-4cce-97a0-747c0dba58a2	8	3893412	3893608	2	-0.8827
a0e7baba-2986-4cce-97a0-747c0dba58a2	8	3894278	3926665	41	0.5527
a0e7baba-2986-4cce-97a0-747c0dba58a2	8	3929538	3932584	24	-0.5054
a0e7baba-2986-4cce-97a0-747c0dba58a2	8	3933696	4022361	135	0.5218
a0e7baba-2986-4cce-97a0-747c0dba58a2	8	4024220	4024810	4	-0.3492
a0e7baba-2986-4cce-97a0-747c0dba58a2	8	4029311	4645389	1055	0.5446
a0e7baba-2986-4cce-97a0-747c0dba58a2	8	4645825	4647195	3	-0.4176
a0e7baba-2986-4cce-97a0-747c0dba58a2	8	4648392	4746776	135	0.6373
a0e7baba-2986-4cce-97a0-747c0dba58a2	8	4747001	4766422	34	0.4676
a0e7baba-2986-4cce-97a0-747c0dba58a2	8	4766708	13732559	7343	0.1594
a0e7baba-2986-4cce-97a0-747c0dba58a2	8	13732848	13752641	47	0.4117
a0e7baba-2986-4cce-97a0-747c0dba58a2	8	13752836	20166448	5833	0.1793
a0e7baba-2986-4cce-97a0-747c0dba58a2	8	20166620	20166833	2	-1.2534
a0e7baba-2986-4cce-97a0-747c0dba58a2	8	20167002	22077692	1563	0.1694
a0e7baba-2986-4cce-97a0-747c0dba58a2	8	22080048	22090173	3	0.9969
a0e7baba-2986-4cce-97a0-747c0dba58a2	8	22092915	25116961	1950	0.1675
a0e7baba-2986-4cce-97a0-747c0dba58a2	8	25117007	25133589	26	0.8047
a0e7baba-2986-4cce-97a0-747c0dba58a2	8	25133612	25715749	443	0.1741
a0e7baba-2986-4cce-97a0-747c0dba58a2	8	25723252	25730126	5	1.0555
a0e7baba-2986-4cce-97a0-747c0dba58a2	8	25736760	36506091	7028	0.1522
a0e7baba-2986-4cce-97a0-747c0dba58a2	8	36509197	36538067	19	0.4956
a0e7baba-2986-4cce-97a0-747c0dba58a2	8	36538231	38430945	1015	0.1527
a0e7baba-2986-4cce-97a0-747c0dba58a2	8	38432841	38432991	3	1.5519
a0e7baba-2986-4cce-97a0-747c0dba58a2	8	38433569	40914477	1641	0.1491
a0e7baba-2986-4cce-97a0-747c0dba58a2	8	40920333	40920952	2	-1.5889
a0e7baba-2986-4cce-97a0-747c0dba58a2	8	40926161	46000692	1515	0.1427
a0e7baba-2986-4cce-97a0-747c0dba58a2	8	46007651	49762767	1771	0.5351
a0e7baba-2986-4cce-97a0-747c0dba58a2	8	49763721	49764991	3	-0.7088
a0e7baba-2986-4cce-97a0-747c0dba58a2	8	49774777	50119451	219	0.5492
a0e7baba-2986-4cce-97a0-747c0dba58a2	8	50119464	50119827	7	1.1339
a0e7baba-2986-4cce-97a0-747c0dba58a2	8	50120863	54735352	2980	0.5344
a0e7baba-2986-4cce-97a0-747c0dba58a2	8	54742151	54742328	2	-0.6704
a0e7baba-2986-4cce-97a0-747c0dba58a2	8	54744022	59479666	3248	0.5473
a0e7baba-2986-4cce-97a0-747c0dba58a2	8	59486273	60245070	464	0.7121
a0e7baba-2986-4cce-97a0-747c0dba58a2	8	60251120	60424745	114	0.5641
a0e7baba-2986-4cce-97a0-747c0dba58a2	8	60432997	62844260	1637	0.3512
a0e7baba-2986-4cce-97a0-747c0dba58a2	8	62844402	62845511	4	-0.4004
a0e7baba-2986-4cce-97a0-747c0dba58a2	8	62846738	63435735	336	0.3607
a0e7baba-2986-4cce-97a0-747c0dba58a2	8	63435935	63936079	273	0.5745
a0e7baba-2986-4cce-97a0-747c0dba58a2	8	63936340	63936561	6	1.4737
a0e7baba-2986-4cce-97a0-747c0dba58a2	8	63936953	64261631	176	0.536
a0e7baba-2986-4cce-97a0-747c0dba58a2	8	64261927	64323461	32	0.301
a0e7baba-2986-4cce-97a0-747c0dba58a2	8	64323757	64512558	114	0.5438
a0e7baba-2986-4cce-97a0-747c0dba58a2	8	64513696	69296031	2720	0.347
a0e7baba-2986-4cce-97a0-747c0dba58a2	8	69296056	69296082	2	-0.8152
a0e7baba-2986-4cce-97a0-747c0dba58a2	8	69299337	70041692	504	0.3324
a0e7baba-2986-4cce-97a0-747c0dba58a2	8	70042037	70042599	6	-0.405
a0e7baba-2986-4cce-97a0-747c0dba58a2	8	70048926	94047455	14194	0.354
a0e7baba-2986-4cce-97a0-747c0dba58a2	8	94049867	94049929	2	-0.8122
a0e7baba-2986-4cce-97a0-747c0dba58a2	8	94053036	94545324	337	0.3462
a0e7baba-2986-4cce-97a0-747c0dba58a2	8	94545374	94545764	6	1.6579
a0e7baba-2986-4cce-97a0-747c0dba58a2	8	94545887	96215780	1219	0.3565
a0e7baba-2986-4cce-97a0-747c0dba58a2	8	96217774	97266226	642	0.5285
a0e7baba-2986-4cce-97a0-747c0dba58a2	8	97266723	97266909	2	-0.5724
a0e7baba-2986-4cce-97a0-747c0dba58a2	8	97269684	100756447	1911	0.5403
a0e7baba-2986-4cce-97a0-747c0dba58a2	8	100761906	102594818	1277	0.3431
a0e7baba-2986-4cce-97a0-747c0dba58a2	8	102595892	103007779	245	0.4904
a0e7baba-2986-4cce-97a0-747c0dba58a2	8	103010005	103203238	164	0.8263
a0e7baba-2986-4cce-97a0-747c0dba58a2	8	103203355	103852849	335	0.5607
a0e7baba-2986-4cce-97a0-747c0dba58a2	8	103853131	104066717	101	0.3954
a0e7baba-2986-4cce-97a0-747c0dba58a2	8	104067043	104316915	159	0.5605
a0e7baba-2986-4cce-97a0-747c0dba58a2	8	104317426	111279265	4213	0.3595
a0e7baba-2986-4cce-97a0-747c0dba58a2	8	111282050	111283031	10	1.9009
a0e7baba-2986-4cce-97a0-747c0dba58a2	8	111288052	114622325	1825	0.364
a0e7baba-2986-4cce-97a0-747c0dba58a2	8	114622424	114629502	33	-0.0467
a0e7baba-2986-4cce-97a0-747c0dba58a2	8	114638468	115405763	500	0.3457
a0e7baba-2986-4cce-97a0-747c0dba58a2	8	115408099	115408494	2	-2.3198
a0e7baba-2986-4cce-97a0-747c0dba58a2	8	115410054	140449762	18497	0.3444
a0e7baba-2986-4cce-97a0-747c0dba58a2	8	140449870	140936195	222	0.7645
a0e7baba-2986-4cce-97a0-747c0dba58a2	8	140940221	145072769	1848	0.3883
a0e7baba-2986-4cce-97a0-747c0dba58a2	9	46587	7217958	6900	0.1523
a0e7baba-2986-4cce-97a0-747c0dba58a2	9	7222482	7612876	460	-0.5366
a0e7baba-2986-4cce-97a0-747c0dba58a2	9	7613132	7802660	193	0.1412
a0e7baba-2986-4cce-97a0-747c0dba58a2	9	7802916	8327764	470	-0.5642
a0e7baba-2986-4cce-97a0-747c0dba58a2	9	8332248	8415806	82	0.1594
a0e7baba-2986-4cce-97a0-747c0dba58a2	9	8416483	8441515	36	-0.5403
a0e7baba-2986-4cce-97a0-747c0dba58a2	9	8441839	8602483	150	0.1555
a0e7baba-2986-4cce-97a0-747c0dba58a2	9	8602903	8606094	9	-0.5977
a0e7baba-2986-4cce-97a0-747c0dba58a2	9	8607734	8766570	110	0.133
a0e7baba-2986-4cce-97a0-747c0dba58a2	9	8771719	8775336	8	-0.618
a0e7baba-2986-4cce-97a0-747c0dba58a2	9	8779297	9451487	621	0.1706
a0e7baba-2986-4cce-97a0-747c0dba58a2	9	9453626	9551773	81	-0.5706
a0e7baba-2986-4cce-97a0-747c0dba58a2	9	9555365	12056342	2189	0.1736
a0e7baba-2986-4cce-97a0-747c0dba58a2	9	12061324	12541971	385	-0.5061
a0e7baba-2986-4cce-97a0-747c0dba58a2	9	12542187	13029817	347	0.1752
a0e7baba-2986-4cce-97a0-747c0dba58a2	9	13030037	13049750	8	-0.3574
a0e7baba-2986-4cce-97a0-747c0dba58a2	9	13050208	13063286	15	-0.7221
a0e7baba-2986-4cce-97a0-747c0dba58a2	9	13063842	13122222	45	-0.3934
a0e7baba-2986-4cce-97a0-747c0dba58a2	9	13122483	13345643	133	0.1914
a0e7baba-2986-4cce-97a0-747c0dba58a2	9	13348600	13349806	4	-0.8026
a0e7baba-2986-4cce-97a0-747c0dba58a2	9	13350359	22492890	7602	0.1649
a0e7baba-2986-4cce-97a0-747c0dba58a2	9	22501914	22502700	2	-4.199
a0e7baba-2986-4cce-97a0-747c0dba58a2	9	22509341	23727358	880	0.1789
a0e7baba-2986-4cce-97a0-747c0dba58a2	9	23732002	23737355	4	-0.6727
a0e7baba-2986-4cce-97a0-747c0dba58a2	9	23737410	24300152	361	0.1637
a0e7baba-2986-4cce-97a0-747c0dba58a2	9	24304290	24309267	5	-0.5179
a0e7baba-2986-4cce-97a0-747c0dba58a2	9	24314724	24332151	13	0.1363
a0e7baba-2986-4cce-97a0-747c0dba58a2	9	24332194	24745074	304	-0.4886
a0e7baba-2986-4cce-97a0-747c0dba58a2	9	24748161	25315338	450	0.1392
a0e7baba-2986-4cce-97a0-747c0dba58a2	9	25320035	25613304	203	-0.5108
a0e7baba-2986-4cce-97a0-747c0dba58a2	9	25613647	27918518	1760	0.1633
a0e7baba-2986-4cce-97a0-747c0dba58a2	9	27921445	27924180	3	1.2328
a0e7baba-2986-4cce-97a0-747c0dba58a2	9	27924368	34163907	4451	0.1718
a0e7baba-2986-4cce-97a0-747c0dba58a2	9	34164377	34263967	40	-0.0976
a0e7baba-2986-4cce-97a0-747c0dba58a2	9	34267440	37757377	2022	0.1584
a0e7baba-2986-4cce-97a0-747c0dba58a2	9	37759841	37773243	9	0.7875
a0e7baba-2986-4cce-97a0-747c0dba58a2	9	37773421	38989381	771	0.1621
a0e7baba-2986-4cce-97a0-747c0dba58a2	9	38996106	38996751	3	-1.8566
a0e7baba-2986-4cce-97a0-747c0dba58a2	9	39011605	67832599	451	0.118
a0e7baba-2986-4cce-97a0-747c0dba58a2	9	67915741	111685145	31020	-0.1353
a0e7baba-2986-4cce-97a0-747c0dba58a2	9	111685435	111686407	3	-1.5392
a0e7baba-2986-4cce-97a0-747c0dba58a2	9	111686832	116058980	3145	-0.1196
a0e7baba-2986-4cce-97a0-747c0dba58a2	9	116059172	116063832	4	1.3596
a0e7baba-2986-4cce-97a0-747c0dba58a2	9	116066658	138117129	13725	-0.1241
a0e7baba-2986-4cce-97a0-747c0dba58a2	9	138117669	138200944	31	0.1478
a0e7baba-2986-4cce-97a0-747c0dba58a2	10	45792	3087867	2516	0.1717
a0e7baba-2986-4cce-97a0-747c0dba58a2	10	3088581	3165634	92	-0.5525
a0e7baba-2986-4cce-97a0-747c0dba58a2	10	3165948	17885034	12249	0.1393
a0e7baba-2986-4cce-97a0-747c0dba58a2	10	17896194	17910884	3	-1.9075
a0e7baba-2986-4cce-97a0-747c0dba58a2	10	17929793	24088745	4343	0.1304
a0e7baba-2986-4cce-97a0-747c0dba58a2	10	24088746	24088751	5	-1.7337
a0e7baba-2986-4cce-97a0-747c0dba58a2	10	24088753	26074506	1408	0.1469
a0e7baba-2986-4cce-97a0-747c0dba58a2	10	26083653	26097110	8	-0.5811
a0e7baba-2986-4cce-97a0-747c0dba58a2	10	26104425	43701112	9403	0.1382
a0e7baba-2986-4cce-97a0-747c0dba58a2	10	43703357	43715152	15	0.8652
a0e7baba-2986-4cce-97a0-747c0dba58a2	10	43726843	46525848	1655	0.1649
a0e7baba-2986-4cce-97a0-747c0dba58a2	10	46526046	46618028	33	0.4043
a0e7baba-2986-4cce-97a0-747c0dba58a2	10	46631433	46898735	14	0.8096
a0e7baba-2986-4cce-97a0-747c0dba58a2	10	46901552	79754434	21966	0.1639
a0e7baba-2986-4cce-97a0-747c0dba58a2	10	79763550	79838023	19	-0.6064
a0e7baba-2986-4cce-97a0-747c0dba58a2	10	79838299	84349210	3322	0.1615
a0e7baba-2986-4cce-97a0-747c0dba58a2	10	84357805	106221017	13753	-0.4977
a0e7baba-2986-4cce-97a0-747c0dba58a2	10	106224562	106256612	29	-3.103
a0e7baba-2986-4cce-97a0-747c0dba58a2	10	106259466	111583190	3839	-0.5127
a0e7baba-2986-4cce-97a0-747c0dba58a2	10	111591045	111608036	22	-1.1629
a0e7baba-2986-4cce-97a0-747c0dba58a2	10	111610922	133654968	15981	-0.5047
a0e7baba-2986-4cce-97a0-747c0dba58a2	11	198510	4946166	2416	-0.495
a0e7baba-2986-4cce-97a0-747c0dba58a2	11	4946420	4955027	30	0.2168
a0e7baba-2986-4cce-97a0-747c0dba58a2	11	4955042	5499342	539	-0.5395
a0e7baba-2986-4cce-97a0-747c0dba58a2	11	5499745	5502363	8	-1.4345
a0e7baba-2986-4cce-97a0-747c0dba58a2	11	5503234	5766175	239	-0.5489
a0e7baba-2986-4cce-97a0-747c0dba58a2	11	5766850	5787909	32	-2.6555
a0e7baba-2986-4cce-97a0-747c0dba58a2	11	5788108	18919323	9406	-0.5109
a0e7baba-2986-4cce-97a0-747c0dba58a2	11	18927525	18939631	35	-3.0257
a0e7baba-2986-4cce-97a0-747c0dba58a2	11	18939734	18950605	24	-0.36
a0e7baba-2986-4cce-97a0-747c0dba58a2	11	18952747	48611427	20572	-0.5187
a0e7baba-2986-4cce-97a0-747c0dba58a2	11	48611924	49830488	497	-0.4207
a0e7baba-2986-4cce-97a0-747c0dba58a2	11	49831863	49831984	3	-1.5202
a0e7baba-2986-4cce-97a0-747c0dba58a2	11	49838492	50810146	289	-0.4361
a0e7baba-2986-4cce-97a0-747c0dba58a2	11	54554853	55606572	375	-0.122
a0e7baba-2986-4cce-97a0-747c0dba58a2	11	55606712	55685058	55	-0.6363
a0e7baba-2986-4cce-97a0-747c0dba58a2	11	55685501	72358512	8607	-0.116
a0e7baba-2986-4cce-97a0-747c0dba58a2	11	72363323	72363468	2	-1.6377
a0e7baba-2986-4cce-97a0-747c0dba58a2	11	72364978	80256460	4652	-0.128
a0e7baba-2986-4cce-97a0-747c0dba58a2	11	80256469	80256520	3	0.7649
a0e7baba-2986-4cce-97a0-747c0dba58a2	11	80256642	82351577	1715	-0.1266
a0e7baba-2986-4cce-97a0-747c0dba58a2	11	82354126	82354281	2	-1.8553
a0e7baba-2986-4cce-97a0-747c0dba58a2	11	82359182	89734053	4870	-0.126
a0e7baba-2986-4cce-97a0-747c0dba58a2	11	89735715	89834373	17	-0.6335
a0e7baba-2986-4cce-97a0-747c0dba58a2	11	89847184	101723653	8695	-0.1239
a0e7baba-2986-4cce-97a0-747c0dba58a2	11	101727129	101727233	4	2.0887
a0e7baba-2986-4cce-97a0-747c0dba58a2	11	101727481	106499549	3222	-0.1339
a0e7baba-2986-4cce-97a0-747c0dba58a2	11	106499757	106499792	2	-1.365
a0e7baba-2986-4cce-97a0-747c0dba58a2	11	106500856	107367930	572	-0.123
a0e7baba-2986-4cce-97a0-747c0dba58a2	11	107367945	107368402	6	0.5845
a0e7baba-2986-4cce-97a0-747c0dba58a2	11	107381636	107876798	368	-0.1269
a0e7baba-2986-4cce-97a0-747c0dba58a2	11	107882257	107954823	43	0.1048
a0e7baba-2986-4cce-97a0-747c0dba58a2	11	107955446	110380248	1433	-0.136
a0e7baba-2986-4cce-97a0-747c0dba58a2	11	110391168	110501714	77	0.1687
a0e7baba-2986-4cce-97a0-747c0dba58a2	11	110507523	135074876	18005	-0.1242
a0e7baba-2986-4cce-97a0-747c0dba58a2	12	51460	3333016	2167	0.588
a0e7baba-2986-4cce-97a0-747c0dba58a2	12	3334897	3335118	2	1.7966
a0e7baba-2986-4cce-97a0-747c0dba58a2	12	3336275	4276627	713	0.5468
a0e7baba-2986-4cce-97a0-747c0dba58a2	12	4276648	4276884	2	1.9825
a0e7baba-2986-4cce-97a0-747c0dba58a2	12	4277067	8404097	2716	0.5577
a0e7baba-2986-4cce-97a0-747c0dba58a2	12	8405892	8432076	18	0.0367
a0e7baba-2986-4cce-97a0-747c0dba58a2	12	8442298	9477960	559	0.5339
a0e7baba-2986-4cce-97a0-747c0dba58a2	12	9481274	9575696	24	1.1149
a0e7baba-2986-4cce-97a0-747c0dba58a2	12	9582373	11062773	1035	0.5486
a0e7baba-2986-4cce-97a0-747c0dba58a2	12	11064250	11198131	52	0.9098
a0e7baba-2986-4cce-97a0-747c0dba58a2	12	11200674	31545496	14356	0.5548
a0e7baba-2986-4cce-97a0-747c0dba58a2	12	31545560	33148472	1149	0.1179
a0e7baba-2986-4cce-97a0-747c0dba58a2	12	33148492	33155655	32	0.5659
a0e7baba-2986-4cce-97a0-747c0dba58a2	12	33155929	45510655	5582	0.1426
a0e7baba-2986-4cce-97a0-747c0dba58a2	12	45512057	45515754	3	-2.1676
a0e7baba-2986-4cce-97a0-747c0dba58a2	12	45519509	99398014	33705	0.1277
a0e7baba-2986-4cce-97a0-747c0dba58a2	12	99398036	99404956	32	-0.3021
a0e7baba-2986-4cce-97a0-747c0dba58a2	12	99409315	101207717	1100	0.1233
a0e7baba-2986-4cce-97a0-747c0dba58a2	12	101210471	101210601	2	-1.3246
a0e7baba-2986-4cce-97a0-747c0dba58a2	12	101215369	119551082	12553	0.1266
a0e7baba-2986-4cce-97a0-747c0dba58a2	12	119551175	119552928	13	-0.6663
a0e7baba-2986-4cce-97a0-747c0dba58a2	12	119552943	128001039	5276	0.1173
a0e7baba-2986-4cce-97a0-747c0dba58a2	12	128001682	131082436	2705	0.078
a0e7baba-2986-4cce-97a0-747c0dba58a2	12	131083088	132370819	748	0.1527
a0e7baba-2986-4cce-97a0-747c0dba58a2	12	132373270	133201603	316	-0.4193
a0e7baba-2986-4cce-97a0-747c0dba58a2	13	18452809	18561151	10	0.2426
a0e7baba-2986-4cce-97a0-747c0dba58a2	13	18561563	19595970	550	-0.1094
a0e7baba-2986-4cce-97a0-747c0dba58a2	13	19598427	19891378	127	0.0542
a0e7baba-2986-4cce-97a0-747c0dba58a2	13	19891425	21321896	886	-0.1268
a0e7baba-2986-4cce-97a0-747c0dba58a2	13	21322180	21322360	2	1.7069
a0e7baba-2986-4cce-97a0-747c0dba58a2	13	21322617	23055038	1282	-0.143
a0e7baba-2986-4cce-97a0-747c0dba58a2	13	23055048	23059376	14	0.6223
a0e7baba-2986-4cce-97a0-747c0dba58a2	13	23064056	40010742	12485	-0.1294
a0e7baba-2986-4cce-97a0-747c0dba58a2	13	40011695	40011708	2	-1.9663
a0e7baba-2986-4cce-97a0-747c0dba58a2	13	40014031	57184136	10676	-0.1207
a0e7baba-2986-4cce-97a0-747c0dba58a2	13	57184155	57204246	33	-0.9084
a0e7baba-2986-4cce-97a0-747c0dba58a2	13	57215580	62232848	3022	-0.1021
a0e7baba-2986-4cce-97a0-747c0dba58a2	13	62235141	62235349	3	-1.2972
a0e7baba-2986-4cce-97a0-747c0dba58a2	13	62243960	71902850	5968	-0.1022
a0e7baba-2986-4cce-97a0-747c0dba58a2	13	71903417	71906418	4	-2.9694
a0e7baba-2986-4cce-97a0-747c0dba58a2	13	71906467	83668807	8005	-0.1106
a0e7baba-2986-4cce-97a0-747c0dba58a2	13	83670534	83670565	2	-1.4601
a0e7baba-2986-4cce-97a0-747c0dba58a2	13	83673145	91586702	4761	-0.1157
a0e7baba-2986-4cce-97a0-747c0dba58a2	13	91587899	105663858	10173	0.167
a0e7baba-2986-4cce-97a0-747c0dba58a2	13	105664476	105664629	4	-0.7396
a0e7baba-2986-4cce-97a0-747c0dba58a2	13	105667023	114342922	6159	0.1823
a0e7baba-2986-4cce-97a0-747c0dba58a2	14	18239283	19256296	43	-0.0987
a0e7baba-2986-4cce-97a0-747c0dba58a2	14	19280948	19294475	4	-1.1045
a0e7baba-2986-4cce-97a0-747c0dba58a2	14	19298389	19922395	100	-0.0205
a0e7baba-2986-4cce-97a0-747c0dba58a2	14	19924455	20033191	74	0.2113
a0e7baba-2986-4cce-97a0-747c0dba58a2	14	20033209	21655890	1071	0.1241
a0e7baba-2986-4cce-97a0-747c0dba58a2	14	21656436	21928968	239	0.2329
a0e7baba-2986-4cce-97a0-747c0dba58a2	14	21929841	22159015	192	0.3761
a0e7baba-2986-4cce-97a0-747c0dba58a2	14	22159565	22501521	292	0.5308
a0e7baba-2986-4cce-97a0-747c0dba58a2	14	22501577	22514241	23	0.3266
a0e7baba-2986-4cce-97a0-747c0dba58a2	14	22519044	26693069	2688	0.1458
a0e7baba-2986-4cce-97a0-747c0dba58a2	14	26693698	26693739	2	-1.4148
a0e7baba-2986-4cce-97a0-747c0dba58a2	14	26697732	32492075	3321	0.1534
a0e7baba-2986-4cce-97a0-747c0dba58a2	14	32492211	32492310	2	-1.4852
a0e7baba-2986-4cce-97a0-747c0dba58a2	14	32493960	47238133	9258	0.148
a0e7baba-2986-4cce-97a0-747c0dba58a2	14	47239083	47247080	6	-4.8845
a0e7baba-2986-4cce-97a0-747c0dba58a2	14	47247780	47248244	2	-1.0976
a0e7baba-2986-4cce-97a0-747c0dba58a2	14	47252721	48040647	546	0.1327
a0e7baba-2986-4cce-97a0-747c0dba58a2	14	48041374	48041387	2	-3.2067
a0e7baba-2986-4cce-97a0-747c0dba58a2	14	48043734	48630324	328	0.145
a0e7baba-2986-4cce-97a0-747c0dba58a2	14	48630347	48641528	3	-1.1318
a0e7baba-2986-4cce-97a0-747c0dba58a2	14	48642246	73546628	16053	0.1345
a0e7baba-2986-4cce-97a0-747c0dba58a2	14	73550104	73563211	6	1.2385
a0e7baba-2986-4cce-97a0-747c0dba58a2	14	73564027	85098551	7595	0.1407
a0e7baba-2986-4cce-97a0-747c0dba58a2	14	85098682	85099620	11	-0.8386
a0e7baba-2986-4cce-97a0-747c0dba58a2	14	85100404	85911162	607	0.1314
a0e7baba-2986-4cce-97a0-747c0dba58a2	14	85911794	85911817	2	-0.9077
a0e7baba-2986-4cce-97a0-747c0dba58a2	14	85911846	87937106	1311	0.1501
a0e7baba-2986-4cce-97a0-747c0dba58a2	14	87937412	87947939	16	0.5099
a0e7baba-2986-4cce-97a0-747c0dba58a2	14	87948856	105653302	11119	0.1274
a0e7baba-2986-4cce-97a0-747c0dba58a2	14	105656902	105728140	7	0.624
a0e7baba-2986-4cce-97a0-747c0dba58a2	14	105728426	106154301	135	0.2505
a0e7baba-2986-4cce-97a0-747c0dba58a2	14	106154876	106157688	3	-0.9243
a0e7baba-2986-4cce-97a0-747c0dba58a2	14	106158294	106412640	107	0.2215
a0e7baba-2986-4cce-97a0-747c0dba58a2	14	106416146	106475361	52	0.5159
a0e7baba-2986-4cce-97a0-747c0dba58a2	14	106487515	106769689	122	0.1089
a0e7baba-2986-4cce-97a0-747c0dba58a2	14	106770215	106770361	3	-1.8692
a0e7baba-2986-4cce-97a0-747c0dba58a2	14	106775945	106877229	68	0.2016
a0e7baba-2986-4cce-97a0-747c0dba58a2	15	19811075	20206773	59	0.0088
a0e7baba-2986-4cce-97a0-747c0dba58a2	15	20207225	20376198	30	-0.5829
a0e7baba-2986-4cce-97a0-747c0dba58a2	15	20376199	20381704	16	0.0058
a0e7baba-2986-4cce-97a0-747c0dba58a2	15	20384774	20670989	46	-0.505
a0e7baba-2986-4cce-97a0-747c0dba58a2	15	20981071	22005276	29	-0.1005
a0e7baba-2986-4cce-97a0-747c0dba58a2	15	22227530	22299523	26	-1.0654
a0e7baba-2986-4cce-97a0-747c0dba58a2	15	22385639	23707203	529	-0.0881
a0e7baba-2986-4cce-97a0-747c0dba58a2	15	23707591	27886897	3013	-0.1622
a0e7baba-2986-4cce-97a0-747c0dba58a2	15	27887445	34434988	3686	-0.1192
a0e7baba-2986-4cce-97a0-747c0dba58a2	15	34435421	34576808	63	0.1205
a0e7baba-2986-4cce-97a0-747c0dba58a2	15	34577438	43637153	5685	-0.1326
a0e7baba-2986-4cce-97a0-747c0dba58a2	15	43637180	43703690	17	-0.8535
a0e7baba-2986-4cce-97a0-747c0dba58a2	15	43721953	44873925	503	-0.1488
a0e7baba-2986-4cce-97a0-747c0dba58a2	15	44877457	44960858	31	0.1409
a0e7baba-2986-4cce-97a0-747c0dba58a2	15	44974124	46672694	1035	-0.1186
a0e7baba-2986-4cce-97a0-747c0dba58a2	15	46673135	46677457	5	-0.9631
a0e7baba-2986-4cce-97a0-747c0dba58a2	15	46679070	54615751	5195	-0.1321
a0e7baba-2986-4cce-97a0-747c0dba58a2	15	54615852	54616223	2	-2.0702
a0e7baba-2986-4cce-97a0-747c0dba58a2	15	54618395	55848189	798	-0.1519
a0e7baba-2986-4cce-97a0-747c0dba58a2	15	55850716	55856040	3	0.6687
a0e7baba-2986-4cce-97a0-747c0dba58a2	15	55857063	56499443	382	-0.1496
a0e7baba-2986-4cce-97a0-747c0dba58a2	15	56499521	56508779	12	-0.5933
a0e7baba-2986-4cce-97a0-747c0dba58a2	15	56509425	76191001	12537	-0.1341
a0e7baba-2986-4cce-97a0-747c0dba58a2	15	76192489	76192652	2	-2.1246
a0e7baba-2986-4cce-97a0-747c0dba58a2	15	76193195	76577448	214	-0.1438
a0e7baba-2986-4cce-97a0-747c0dba58a2	15	76577588	76610415	35	0.2094
a0e7baba-2986-4cce-97a0-747c0dba58a2	15	76610855	99023207	15469	-0.1263
a0e7baba-2986-4cce-97a0-747c0dba58a2	15	99024251	99037386	13	-1.1547
a0e7baba-2986-4cce-97a0-747c0dba58a2	15	99039336	101928837	2124	-0.1324
a0e7baba-2986-4cce-97a0-747c0dba58a2	16	10777	5709268	2815	-0.1143
a0e7baba-2986-4cce-97a0-747c0dba58a2	16	5709754	5709937	2	-1.7936
a0e7baba-2986-4cce-97a0-747c0dba58a2	16	5710405	6463287	879	-0.1522
a0e7baba-2986-4cce-97a0-747c0dba58a2	16	6466904	6752418	407	0.7453
a0e7baba-2986-4cce-97a0-747c0dba58a2	16	6752433	6815107	72	0.5995
a0e7baba-2986-4cce-97a0-747c0dba58a2	16	6817750	9006427	2341	0.4062
a0e7baba-2986-4cce-97a0-747c0dba58a2	16	9007322	9442037	361	0.1788
a0e7baba-2986-4cce-97a0-747c0dba58a2	16	9442774	10858630	1294	0.366
a0e7baba-2986-4cce-97a0-747c0dba58a2	16	10861426	10861599	4	1.1924
a0e7baba-2986-4cce-97a0-747c0dba58a2	16	10861902	11293688	338	0.3433
a0e7baba-2986-4cce-97a0-747c0dba58a2	16	11295191	11295279	2	-0.6741
a0e7baba-2986-4cce-97a0-747c0dba58a2	16	11295771	12269178	628	0.3521
a0e7baba-2986-4cce-97a0-747c0dba58a2	16	12269248	14869842	1968	0.1449
a0e7baba-2986-4cce-97a0-747c0dba58a2	16	14877558	17023373	868	0.2396
a0e7baba-2986-4cce-97a0-747c0dba58a2	16	17028911	18335528	798	0.176
a0e7baba-2986-4cce-97a0-747c0dba58a2	16	18540265	18545889	3	1.6947
a0e7baba-2986-4cce-97a0-747c0dba58a2	16	18583078	18688534	10	0.3459
a0e7baba-2986-4cce-97a0-747c0dba58a2	16	18704933	18714714	4	1.0616
a0e7baba-2986-4cce-97a0-747c0dba58a2	16	18730788	18754907	5	-0.5233
a0e7baba-2986-4cce-97a0-747c0dba58a2	16	18756796	19933041	671	0.1599
a0e7baba-2986-4cce-97a0-747c0dba58a2	16	19934328	19956040	29	-0.6091
a0e7baba-2986-4cce-97a0-747c0dba58a2	16	19958932	20046578	68	0.1806
a0e7baba-2986-4cce-97a0-747c0dba58a2	16	20047451	20047761	3	-0.851
a0e7baba-2986-4cce-97a0-747c0dba58a2	16	20048355	20473466	321	0.1615
a0e7baba-2986-4cce-97a0-747c0dba58a2	16	20476477	20489224	10	-0.6683
a0e7baba-2986-4cce-97a0-747c0dba58a2	16	20501459	20522319	24	0.2045
a0e7baba-2986-4cce-97a0-747c0dba58a2	16	20534515	20549055	14	0.5865
a0e7baba-2986-4cce-97a0-747c0dba58a2	16	20550653	21401082	454	0.1316
a0e7baba-2986-4cce-97a0-747c0dba58a2	16	21503753	21580019	22	-0.6865
a0e7baba-2986-4cce-97a0-747c0dba58a2	16	21582134	22430699	362	0.2254
a0e7baba-2986-4cce-97a0-747c0dba58a2	16	22546611	22693199	72	-0.7756
a0e7baba-2986-4cce-97a0-747c0dba58a2	16	22699421	28857374	4073	0.1375
a0e7baba-2986-4cce-97a0-747c0dba58a2	16	28860645	30339440	395	0.2293
a0e7baba-2986-4cce-97a0-747c0dba58a2	16	30358860	35225230	853	0.1297
a0e7baba-2986-4cce-97a0-747c0dba58a2	16	35225338	35522700	169	0.6426
a0e7baba-2986-4cce-97a0-747c0dba58a2	16	35526596	70164493	15390	0.1454
a0e7baba-2986-4cce-97a0-747c0dba58a2	16	70177541	70179141	2	-1.016
a0e7baba-2986-4cce-97a0-747c0dba58a2	16	70200633	75985807	3225	0.1478
a0e7baba-2986-4cce-97a0-747c0dba58a2	16	75985888	75986057	4	0.8774
a0e7baba-2986-4cce-97a0-747c0dba58a2	16	75986120	76497301	522	0.1674
a0e7baba-2986-4cce-97a0-747c0dba58a2	16	76500546	76500660	2	-1.6626
a0e7baba-2986-4cce-97a0-747c0dba58a2	16	76501515	76513972	13	0.3239
a0e7baba-2986-4cce-97a0-747c0dba58a2	16	76516323	87811431	11405	0.1411
a0e7baba-2986-4cce-97a0-747c0dba58a2	16	87812239	90096867	975	0.2149
a0e7baba-2986-4cce-97a0-747c0dba58a2	17	150733	445940	154	0.2396
a0e7baba-2986-4cce-97a0-747c0dba58a2	17	496638	498685	6	-0.406
a0e7baba-2986-4cce-97a0-747c0dba58a2	17	499022	1150950	362	0.2422
a0e7baba-2986-4cce-97a0-747c0dba58a2	17	1155568	13429383	7743	0.1524
a0e7baba-2986-4cce-97a0-747c0dba58a2	17	13432325	13449685	13	-0.5176
a0e7baba-2986-4cce-97a0-747c0dba58a2	17	13453556	16759737	2200	0.1442
a0e7baba-2986-4cce-97a0-747c0dba58a2	17	16786555	16838214	10	-0.4272
a0e7baba-2986-4cce-97a0-747c0dba58a2	17	16838470	18413879	904	0.1527
a0e7baba-2986-4cce-97a0-747c0dba58a2	17	18414080	18571332	30	0.8525
a0e7baba-2986-4cce-97a0-747c0dba58a2	17	18592992	28452035	2251	0.1541
a0e7baba-2986-4cce-97a0-747c0dba58a2	17	28454323	28455301	2	-1.5059
a0e7baba-2986-4cce-97a0-747c0dba58a2	17	28462253	41041508	7014	0.1432
a0e7baba-2986-4cce-97a0-747c0dba58a2	17	41047461	41047659	2	-1.5132
a0e7baba-2986-4cce-97a0-747c0dba58a2	17	41053891	41265456	129	0.0962
a0e7baba-2986-4cce-97a0-747c0dba58a2	17	41266762	41274279	24	-0.9368
a0e7baba-2986-4cce-97a0-747c0dba58a2	17	41276472	46124088	2529	0.1585
a0e7baba-2986-4cce-97a0-747c0dba58a2	17	46127007	46664059	102	-0.0181
a0e7baba-2986-4cce-97a0-747c0dba58a2	17	46687628	54081432	4360	0.145
a0e7baba-2986-4cce-97a0-747c0dba58a2	17	54081714	54150824	31	-0.4951
a0e7baba-2986-4cce-97a0-747c0dba58a2	17	54154624	54201545	33	0.147
a0e7baba-2986-4cce-97a0-747c0dba58a2	17	54207798	54250965	33	-0.429
a0e7baba-2986-4cce-97a0-747c0dba58a2	17	54253392	58134739	2900	0.1532
a0e7baba-2986-4cce-97a0-747c0dba58a2	17	58135153	58136733	4	-0.9344
a0e7baba-2986-4cce-97a0-747c0dba58a2	17	58140037	71362987	7529	0.1378
a0e7baba-2986-4cce-97a0-747c0dba58a2	17	71363483	71364559	2	-1.0038
a0e7baba-2986-4cce-97a0-747c0dba58a2	17	71366364	71394803	32	0.1662
a0e7baba-2986-4cce-97a0-747c0dba58a2	17	71396182	71396277	2	-1.9053
a0e7baba-2986-4cce-97a0-747c0dba58a2	17	71396906	83091923	6648	0.1614
a0e7baba-2986-4cce-97a0-747c0dba58a2	18	48133	122470	13	-0.2253
a0e7baba-2986-4cce-97a0-747c0dba58a2	18	136240	40678741	22782	0.0892
a0e7baba-2986-4cce-97a0-747c0dba58a2	18	40678763	40685413	19	0.5698
a0e7baba-2986-4cce-97a0-747c0dba58a2	18	40685425	80257174	27945	0.0934
a0e7baba-2986-4cce-97a0-747c0dba58a2	19	90910	277776	22	0.1547
a0e7baba-2986-4cce-97a0-747c0dba58a2	19	283868	13860084	5574	-0.4961
a0e7baba-2986-4cce-97a0-747c0dba58a2	19	13864543	19877200	2993	0.1385
a0e7baba-2986-4cce-97a0-747c0dba58a2	19	19879175	20965506	640	0.2275
a0e7baba-2986-4cce-97a0-747c0dba58a2	19	20965533	27797510	2032	0.1338
a0e7baba-2986-4cce-97a0-747c0dba58a2	19	27798320	27828826	23	-0.6278
a0e7baba-2986-4cce-97a0-747c0dba58a2	19	27829014	50824837	12930	0.1387
a0e7baba-2986-4cce-97a0-747c0dba58a2	19	50829011	50835951	7	-0.6481
a0e7baba-2986-4cce-97a0-747c0dba58a2	19	50842312	51628560	549	0.1286
a0e7baba-2986-4cce-97a0-747c0dba58a2	19	51639099	51644944	11	-0.6786
a0e7baba-2986-4cce-97a0-747c0dba58a2	19	51651652	55771003	2491	0.1645
a0e7baba-2986-4cce-97a0-747c0dba58a2	19	55771169	55771701	3	-3.4601
a0e7baba-2986-4cce-97a0-747c0dba58a2	19	55774927	58586487	1838	0.1458
a0e7baba-2986-4cce-97a0-747c0dba58a2	20	80664	1601561	1239	-0.1056
a0e7baba-2986-4cce-97a0-747c0dba58a2	20	1609611	1613247	5	-1.8311
a0e7baba-2986-4cce-97a0-747c0dba58a2	20	1617300	14291481	9596	-0.1243
a0e7baba-2986-4cce-97a0-747c0dba58a2	20	14296040	14320509	19	-0.5614
a0e7baba-2986-4cce-97a0-747c0dba58a2	20	14322229	26261765	9142	-0.1135
a0e7baba-2986-4cce-97a0-747c0dba58a2	20	26261803	39062219	4165	0.1541
a0e7baba-2986-4cce-97a0-747c0dba58a2	20	39067002	39067766	2	-1.195
a0e7baba-2986-4cce-97a0-747c0dba58a2	20	39067877	45660329	4774	0.1534
a0e7baba-2986-4cce-97a0-747c0dba58a2	20	45664560	45687708	22	-0.6341
a0e7baba-2986-4cce-97a0-747c0dba58a2	20	45695567	57992668	9215	0.1568
a0e7baba-2986-4cce-97a0-747c0dba58a2	20	57993748	60688583	2114	0.1224
a0e7baba-2986-4cce-97a0-747c0dba58a2	20	60695020	64284715	2088	0.1641
a0e7baba-2986-4cce-97a0-747c0dba58a2	20	64323342	64324800	5	-0.3163
a0e7baba-2986-4cce-97a0-747c0dba58a2	21	10354168	40750262	20241	-0.1308
a0e7baba-2986-4cce-97a0-747c0dba58a2	21	40751528	40752175	3	-3.251
a0e7baba-2986-4cce-97a0-747c0dba58a2	21	40755795	40812718	49	-0.2035
a0e7baba-2986-4cce-97a0-747c0dba58a2	21	40812761	40821272	3	-2.4656
a0e7baba-2986-4cce-97a0-747c0dba58a2	21	40821496	41496204	624	-0.1057
a0e7baba-2986-4cce-97a0-747c0dba58a2	21	41496268	41496286	2	-1.3407
a0e7baba-2986-4cce-97a0-747c0dba58a2	21	41496410	42846301	1055	-0.1084
a0e7baba-2986-4cce-97a0-747c0dba58a2	21	42848180	42851593	4	-0.861
a0e7baba-2986-4cce-97a0-747c0dba58a2	21	42851879	46677045	1881	-0.1096
a0e7baba-2986-4cce-97a0-747c0dba58a2	22	15294547	20729661	2267	-0.4607
a0e7baba-2986-4cce-97a0-747c0dba58a2	22	20732473	21077277	364	-0.3546
a0e7baba-2986-4cce-97a0-747c0dba58a2	22	21079738	21082463	8	0.3163
a0e7baba-2986-4cce-97a0-747c0dba58a2	22	21082600	21108294	55	-0.4205
a0e7baba-2986-4cce-97a0-747c0dba58a2	22	21108334	21373831	10	0.2359
a0e7baba-2986-4cce-97a0-747c0dba58a2	22	21373849	22011421	254	-0.4329
a0e7baba-2986-4cce-97a0-747c0dba58a2	22	22013299	22017336	3	-1.5612
a0e7baba-2986-4cce-97a0-747c0dba58a2	22	22018698	22851246	719	-0.3538
a0e7baba-2986-4cce-97a0-747c0dba58a2	22	22851334	23987520	709	-0.4565
a0e7baba-2986-4cce-97a0-747c0dba58a2	22	23988078	23989773	2	-3.8743
a0e7baba-2986-4cce-97a0-747c0dba58a2	22	23990431	25268018	818	-0.4799
a0e7baba-2986-4cce-97a0-747c0dba58a2	22	25268834	25740026	417	-0.3886
a0e7baba-2986-4cce-97a0-747c0dba58a2	22	25742050	25742863	6	0.2933
a0e7baba-2986-4cce-97a0-747c0dba58a2	22	25743126	33777419	6000	-0.5024
a0e7baba-2986-4cce-97a0-747c0dba58a2	22	33778960	33778986	3	-3.8133
a0e7baba-2986-4cce-97a0-747c0dba58a2	22	33778998	36231398	2005	-0.5016
a0e7baba-2986-4cce-97a0-747c0dba58a2	22	36233587	36234304	2	-2.0738
a0e7baba-2986-4cce-97a0-747c0dba58a2	22	36236979	38941495	1570	-0.5007
a0e7baba-2986-4cce-97a0-747c0dba58a2	22	38942136	39003307	48	-0.1352
a0e7baba-2986-4cce-97a0-747c0dba58a2	22	39007789	50796027	7994	-0.5005
a0e7baba-2986-4cce-97a0-747c0dba58a2	X	251810	684219	66	0.0223
a0e7baba-2986-4cce-97a0-747c0dba58a2	X	686474	29578882	17953	-0.3372
a0e7baba-2986-4cce-97a0-747c0dba58a2	X	29580828	31024372	909	-0.1698
a0e7baba-2986-4cce-97a0-747c0dba58a2	X	31025295	40143549	5821	-0.3269
a0e7baba-2986-4cce-97a0-747c0dba58a2	X	40149889	40150803	3	-4.6745
a0e7baba-2986-4cce-97a0-747c0dba58a2	X	40162595	40222116	22	-1.1634
a0e7baba-2986-4cce-97a0-747c0dba58a2	X	40225094	56192517	7478	-0.3267
a0e7baba-2986-4cce-97a0-747c0dba58a2	X	56193567	142842499	43393	0.2294
a0e7baba-2986-4cce-97a0-747c0dba58a2	X	142843097	142845189	3	-1.7918
a0e7baba-2986-4cce-97a0-747c0dba58a2	X	142845290	142867598	18	0.4142
a0e7baba-2986-4cce-97a0-747c0dba58a2	X	142868137	154323037	7256	0.2226
a0e7baba-2986-4cce-97a0-747c0dba58a2	X	154326058	155952689	600	0.3354
a0e7baba-2986-4cce-97a0-747c0dba58a2	Y	2782397	6076562	720	-2.74
a0e7baba-2986-4cce-97a0-747c0dba58a2	Y	6080059	22804854	5717	-3.0996
a0e7baba-2986-4cce-97a0-747c0dba58a2	Y	22913244	56872112	202	-2.6431
