GDC_Aliquot	Chromosome	Start	End	Num_Probes	Segment_Mean
929c8b09-faad-4e1b-b710-86bcd5f90849	1	62920	462894	19	-0.6285
929c8b09-faad-4e1b-b710-86bcd5f90849	1	599171	814954	12	0.2658
929c8b09-faad-4e1b-b710-86bcd5f90849	1	817186	3302046	708	0.5485
929c8b09-faad-4e1b-b710-86bcd5f90849	1	3302359	12714696	5699	0.3755
929c8b09-faad-4e1b-b710-86bcd5f90849	1	12715848	105470754	57357	-0.0222
929c8b09-faad-4e1b-b710-86bcd5f90849	1	105476583	105479753	17	0.8104
929c8b09-faad-4e1b-b710-86bcd5f90849	1	105481433	109690949	2642	-0.0104
929c8b09-faad-4e1b-b710-86bcd5f90849	1	109691609	109692006	4	-1.9291
929c8b09-faad-4e1b-b710-86bcd5f90849	1	109696900	112153343	1953	-0.0283
929c8b09-faad-4e1b-b710-86bcd5f90849	1	112153465	112154591	21	0.5771
929c8b09-faad-4e1b-b710-86bcd5f90849	1	112154619	120141112	5062	-0.0164
929c8b09-faad-4e1b-b710-86bcd5f90849	1	120144437	121013779	13	0.4339
929c8b09-faad-4e1b-b710-86bcd5f90849	1	121074420	143582192	118	0.0947
929c8b09-faad-4e1b-b710-86bcd5f90849	1	143586758	144442098	105	0.3919
929c8b09-faad-4e1b-b710-86bcd5f90849	1	144442342	144932423	12	-0.5439
929c8b09-faad-4e1b-b710-86bcd5f90849	1	145642976	152583051	2299	0.1641
929c8b09-faad-4e1b-b710-86bcd5f90849	1	152583230	152613762	31	-1.9184
929c8b09-faad-4e1b-b710-86bcd5f90849	1	152613802	152614118	4	-0.4887
929c8b09-faad-4e1b-b710-86bcd5f90849	1	152618018	152787202	167	0.1688
929c8b09-faad-4e1b-b710-86bcd5f90849	1	152789447	152796224	37	0.6453
929c8b09-faad-4e1b-b710-86bcd5f90849	1	152801429	167795598	10171	0.1545
929c8b09-faad-4e1b-b710-86bcd5f90849	1	167796946	167797682	4	-0.998
929c8b09-faad-4e1b-b710-86bcd5f90849	1	167799276	174827267	4640	0.1452
929c8b09-faad-4e1b-b710-86bcd5f90849	1	174827418	174828549	14	-0.8367
929c8b09-faad-4e1b-b710-86bcd5f90849	1	174832599	177781371	1934	0.1566
929c8b09-faad-4e1b-b710-86bcd5f90849	1	177782353	177783453	3	-0.8551
929c8b09-faad-4e1b-b710-86bcd5f90849	1	177783566	193186662	10310	0.1571
929c8b09-faad-4e1b-b710-86bcd5f90849	1	193187149	193187218	4	-0.9448
929c8b09-faad-4e1b-b710-86bcd5f90849	1	193190593	196769652	2404	0.1611
929c8b09-faad-4e1b-b710-86bcd5f90849	1	196769851	196846661	53	-0.6831
929c8b09-faad-4e1b-b710-86bcd5f90849	1	196847600	240228440	29960	0.1323
929c8b09-faad-4e1b-b710-86bcd5f90849	1	240230715	240230824	5	-2.1994
929c8b09-faad-4e1b-b710-86bcd5f90849	1	240230839	246253704	4295	0.1119
929c8b09-faad-4e1b-b710-86bcd5f90849	1	246255133	246811732	363	0.2121
929c8b09-faad-4e1b-b710-86bcd5f90849	1	246815289	248463321	1012	0.1132
929c8b09-faad-4e1b-b710-86bcd5f90849	1	248463796	248473963	4	-1.818
929c8b09-faad-4e1b-b710-86bcd5f90849	1	248475325	248930189	190	0.2358
929c8b09-faad-4e1b-b710-86bcd5f90849	2	12784	1925024	1254	0.1446
929c8b09-faad-4e1b-b710-86bcd5f90849	2	1928719	3144361	927	0.0722
929c8b09-faad-4e1b-b710-86bcd5f90849	2	3147886	3290039	147	0.2296
929c8b09-faad-4e1b-b710-86bcd5f90849	2	3291044	11124360	6220	0.0931
929c8b09-faad-4e1b-b710-86bcd5f90849	2	11124822	11142523	9	0.3231
929c8b09-faad-4e1b-b710-86bcd5f90849	2	11144289	11147168	8	-0.5635
929c8b09-faad-4e1b-b710-86bcd5f90849	2	11149802	29421019	12091	0.1053
929c8b09-faad-4e1b-b710-86bcd5f90849	2	29421149	29421356	4	-1.0768
929c8b09-faad-4e1b-b710-86bcd5f90849	2	29421729	34424117	3418	0.1036
929c8b09-faad-4e1b-b710-86bcd5f90849	2	34424199	34512096	62	-0.2683
929c8b09-faad-4e1b-b710-86bcd5f90849	2	34512489	35244509	479	0.0824
929c8b09-faad-4e1b-b710-86bcd5f90849	2	35245578	35245790	3	-1.0307
929c8b09-faad-4e1b-b710-86bcd5f90849	2	35247731	35380378	94	0.0436
929c8b09-faad-4e1b-b710-86bcd5f90849	2	35381083	35381087	2	-1.2077
929c8b09-faad-4e1b-b710-86bcd5f90849	2	35381190	52527330	12428	0.104
929c8b09-faad-4e1b-b710-86bcd5f90849	2	52527342	52554404	39	-2.1812
929c8b09-faad-4e1b-b710-86bcd5f90849	2	52560811	65591312	8326	0.1041
929c8b09-faad-4e1b-b710-86bcd5f90849	2	65597246	65597764	3	-1.0307
929c8b09-faad-4e1b-b710-86bcd5f90849	2	65599864	69153747	2678	0.0919
929c8b09-faad-4e1b-b710-86bcd5f90849	2	69154402	75147335	3473	0.1879
929c8b09-faad-4e1b-b710-86bcd5f90849	2	75147768	77905631	1961	0.1047
929c8b09-faad-4e1b-b710-86bcd5f90849	2	77907855	79351367	947	0.4028
929c8b09-faad-4e1b-b710-86bcd5f90849	2	79353809	80534067	971	0.2133
929c8b09-faad-4e1b-b710-86bcd5f90849	2	80537307	81412306	470	0.0041
929c8b09-faad-4e1b-b710-86bcd5f90849	2	81412788	81463878	36	-0.3678
929c8b09-faad-4e1b-b710-86bcd5f90849	2	81465673	82148998	455	-0.0102
929c8b09-faad-4e1b-b710-86bcd5f90849	2	82153743	82186725	28	0.5707
929c8b09-faad-4e1b-b710-86bcd5f90849	2	82189566	82248278	37	0.1458
929c8b09-faad-4e1b-b710-86bcd5f90849	2	82248901	83484192	662	0.37
929c8b09-faad-4e1b-b710-86bcd5f90849	2	83484299	84711857	731	0.1158
929c8b09-faad-4e1b-b710-86bcd5f90849	2	84717198	87462096	1304	0.2192
929c8b09-faad-4e1b-b710-86bcd5f90849	2	87463778	87575894	27	0.7197
929c8b09-faad-4e1b-b710-86bcd5f90849	2	87576101	94703406	881	0.2525
929c8b09-faad-4e1b-b710-86bcd5f90849	2	94703691	101583886	3278	0.1702
929c8b09-faad-4e1b-b710-86bcd5f90849	2	101587574	103704363	1343	0.2222
929c8b09-faad-4e1b-b710-86bcd5f90849	2	103710033	106265083	1826	0.3375
929c8b09-faad-4e1b-b710-86bcd5f90849	2	106265177	106270952	11	0.9558
929c8b09-faad-4e1b-b710-86bcd5f90849	2	106271414	107180017	583	0.3577
929c8b09-faad-4e1b-b710-86bcd5f90849	2	107180183	107576208	247	0.2038
929c8b09-faad-4e1b-b710-86bcd5f90849	2	107580050	107582938	8	-0.0725
929c8b09-faad-4e1b-b710-86bcd5f90849	2	107583582	116143635	4490	0.174
929c8b09-faad-4e1b-b710-86bcd5f90849	2	116143843	116976264	500	0.0804
929c8b09-faad-4e1b-b710-86bcd5f90849	2	116977474	146092357	17985	-0.1821
929c8b09-faad-4e1b-b710-86bcd5f90849	2	146092671	146109366	34	0.3228
929c8b09-faad-4e1b-b710-86bcd5f90849	2	146120238	179555026	20515	-0.1804
929c8b09-faad-4e1b-b710-86bcd5f90849	2	179555716	179556770	10	-1.1788
929c8b09-faad-4e1b-b710-86bcd5f90849	2	179556785	207486030	16452	-0.1811
929c8b09-faad-4e1b-b710-86bcd5f90849	2	207490188	207494425	17	0.4244
929c8b09-faad-4e1b-b710-86bcd5f90849	2	207494612	236144421	18519	-0.1796
929c8b09-faad-4e1b-b710-86bcd5f90849	2	236144583	236144591	2	-1.8167
929c8b09-faad-4e1b-b710-86bcd5f90849	2	236144870	241556910	3390	-0.193
929c8b09-faad-4e1b-b710-86bcd5f90849	2	241557791	242147305	176	-0.0452
929c8b09-faad-4e1b-b710-86bcd5f90849	3	20930	27570	4	0.2267
929c8b09-faad-4e1b-b710-86bcd5f90849	3	27646	6604856	5817	-0.1457
929c8b09-faad-4e1b-b710-86bcd5f90849	3	6609441	6611645	23	-0.8842
929c8b09-faad-4e1b-b710-86bcd5f90849	3	6613391	38390894	22090	-0.1397
929c8b09-faad-4e1b-b710-86bcd5f90849	3	38391396	43516593	3316	-0.1813
929c8b09-faad-4e1b-b710-86bcd5f90849	3	43516815	43518004	4	-1.178
929c8b09-faad-4e1b-b710-86bcd5f90849	3	43521095	52988933	4474	-0.1908
929c8b09-faad-4e1b-b710-86bcd5f90849	3	52989195	53010468	51	-0.6131
929c8b09-faad-4e1b-b710-86bcd5f90849	3	53011784	60424973	5360	-0.1692
929c8b09-faad-4e1b-b710-86bcd5f90849	3	60425080	60622758	234	-0.456
929c8b09-faad-4e1b-b710-86bcd5f90849	3	60622984	61001899	383	-0.2228
929c8b09-faad-4e1b-b710-86bcd5f90849	3	61007946	65211833	3597	-0.1447
929c8b09-faad-4e1b-b710-86bcd5f90849	3	65213292	65232734	40	0.1582
929c8b09-faad-4e1b-b710-86bcd5f90849	3	65232767	75511394	7356	-0.1359
929c8b09-faad-4e1b-b710-86bcd5f90849	3	75511990	75589590	15	0.4452
929c8b09-faad-4e1b-b710-86bcd5f90849	3	75590356	84200694	4723	-0.1588
929c8b09-faad-4e1b-b710-86bcd5f90849	3	84204093	84519756	170	-0.0074
929c8b09-faad-4e1b-b710-86bcd5f90849	3	84523337	105484348	9812	0.1396
929c8b09-faad-4e1b-b710-86bcd5f90849	3	105484726	123972164	11373	0.1064
929c8b09-faad-4e1b-b710-86bcd5f90849	3	123972301	130067366	3647	0.1418
929c8b09-faad-4e1b-b710-86bcd5f90849	3	130067443	130088155	33	0.7711
929c8b09-faad-4e1b-b710-86bcd5f90849	3	130089433	132269794	1432	0.1466
929c8b09-faad-4e1b-b710-86bcd5f90849	3	132270020	132276840	8	0.8608
929c8b09-faad-4e1b-b710-86bcd5f90849	3	132281633	134185296	1251	0.1292
929c8b09-faad-4e1b-b710-86bcd5f90849	3	134186256	134269540	36	0.4288
929c8b09-faad-4e1b-b710-86bcd5f90849	3	134273383	136300257	1300	0.1318
929c8b09-faad-4e1b-b710-86bcd5f90849	3	136304109	136306584	2	-2.6989
929c8b09-faad-4e1b-b710-86bcd5f90849	3	136319699	144170326	4724	0.1459
929c8b09-faad-4e1b-b710-86bcd5f90849	3	144175808	162794869	11522	0.255
929c8b09-faad-4e1b-b710-86bcd5f90849	3	162794951	162807070	11	0.8679
929c8b09-faad-4e1b-b710-86bcd5f90849	3	162810842	162815162	4	-0.3965
929c8b09-faad-4e1b-b710-86bcd5f90849	3	162816942	162818795	2	-2.2297
929c8b09-faad-4e1b-b710-86bcd5f90849	3	162819035	162822702	4	-0.106
929c8b09-faad-4e1b-b710-86bcd5f90849	3	162827928	162908207	48	0.6424
929c8b09-faad-4e1b-b710-86bcd5f90849	3	162908784	168190567	2950	0.2764
929c8b09-faad-4e1b-b710-86bcd5f90849	3	168191515	168191794	2	-0.8797
929c8b09-faad-4e1b-b710-86bcd5f90849	3	168197196	169631156	957	0.3104
929c8b09-faad-4e1b-b710-86bcd5f90849	3	169632074	169632816	2	-1.5226
929c8b09-faad-4e1b-b710-86bcd5f90849	3	169634670	172555565	1824	0.2869
929c8b09-faad-4e1b-b710-86bcd5f90849	3	172556726	172558106	4	-0.544
929c8b09-faad-4e1b-b710-86bcd5f90849	3	172558964	174833548	1482	0.2892
929c8b09-faad-4e1b-b710-86bcd5f90849	3	174835093	175072628	169	-0.0809
929c8b09-faad-4e1b-b710-86bcd5f90849	3	175075974	182456744	4469	0.2644
929c8b09-faad-4e1b-b710-86bcd5f90849	3	182465670	182479030	10	-0.5588
929c8b09-faad-4e1b-b710-86bcd5f90849	3	182480596	185843262	1854	0.2962
929c8b09-faad-4e1b-b710-86bcd5f90849	3	185854210	191367098	4177	0.2467
929c8b09-faad-4e1b-b710-86bcd5f90849	3	191370830	191540075	126	0.0009
929c8b09-faad-4e1b-b710-86bcd5f90849	3	191540189	193160113	1148	0.2575
929c8b09-faad-4e1b-b710-86bcd5f90849	3	193160173	193165114	19	-0.581
929c8b09-faad-4e1b-b710-86bcd5f90849	3	193168646	195715711	1503	0.2675
929c8b09-faad-4e1b-b710-86bcd5f90849	3	195719726	195747892	23	-0.1617
929c8b09-faad-4e1b-b710-86bcd5f90849	3	195751823	198169247	1166	0.2741
929c8b09-faad-4e1b-b710-86bcd5f90849	4	68929	355507	136	-0.1584
929c8b09-faad-4e1b-b710-86bcd5f90849	4	355650	357006	3	-1.8214
929c8b09-faad-4e1b-b710-86bcd5f90849	4	360262	547938	70	-0.1974
929c8b09-faad-4e1b-b710-86bcd5f90849	4	548239	1051383	141	-0.0215
929c8b09-faad-4e1b-b710-86bcd5f90849	4	1051535	12341951	7150	-0.2109
929c8b09-faad-4e1b-b710-86bcd5f90849	4	12342459	12342622	3	-2.1936
929c8b09-faad-4e1b-b710-86bcd5f90849	4	12347791	46349261	22627	-0.206
929c8b09-faad-4e1b-b710-86bcd5f90849	4	46349651	49295203	1607	0.3716
929c8b09-faad-4e1b-b710-86bcd5f90849	4	49501149	63840033	7604	-0.1987
929c8b09-faad-4e1b-b710-86bcd5f90849	4	63841863	63850713	9	-0.9544
929c8b09-faad-4e1b-b710-86bcd5f90849	4	63851308	69257792	3253	-0.1921
929c8b09-faad-4e1b-b710-86bcd5f90849	4	69261926	69366081	54	-0.6248
929c8b09-faad-4e1b-b710-86bcd5f90849	4	69366304	86058415	10454	-0.197
929c8b09-faad-4e1b-b710-86bcd5f90849	4	86058548	90861419	2932	-0.1524
929c8b09-faad-4e1b-b710-86bcd5f90849	4	90863883	91374317	350	-0.3275
929c8b09-faad-4e1b-b710-86bcd5f90849	4	91376718	129141596	22344	-0.162
929c8b09-faad-4e1b-b710-86bcd5f90849	4	129146391	129147005	2	-3.1456
929c8b09-faad-4e1b-b710-86bcd5f90849	4	129151408	134205550	2866	-0.1648
929c8b09-faad-4e1b-b710-86bcd5f90849	4	134216144	134217159	5	-1.3189
929c8b09-faad-4e1b-b710-86bcd5f90849	4	134219248	171448195	23063	-0.1635
929c8b09-faad-4e1b-b710-86bcd5f90849	4	171453733	171456307	9	1.4223
929c8b09-faad-4e1b-b710-86bcd5f90849	4	171456559	171725584	167	-0.1528
929c8b09-faad-4e1b-b710-86bcd5f90849	4	171727481	171734851	4	-1.2144
929c8b09-faad-4e1b-b710-86bcd5f90849	4	171735285	172068073	232	-0.165
929c8b09-faad-4e1b-b710-86bcd5f90849	4	172068149	172068354	7	-2.2489
929c8b09-faad-4e1b-b710-86bcd5f90849	4	172068368	172501371	233	-0.2155
929c8b09-faad-4e1b-b710-86bcd5f90849	4	172503796	172507492	7	0.9102
929c8b09-faad-4e1b-b710-86bcd5f90849	4	172519981	184065358	7762	-0.1719
929c8b09-faad-4e1b-b710-86bcd5f90849	4	184066518	190106768	4087	-0.1214
929c8b09-faad-4e1b-b710-86bcd5f90849	5	15532	1871766	917	0.0796
929c8b09-faad-4e1b-b710-86bcd5f90849	5	1872215	24347548	16423	-0.0396
929c8b09-faad-4e1b-b710-86bcd5f90849	5	24348193	25108112	496	0.0993
929c8b09-faad-4e1b-b710-86bcd5f90849	5	25112642	33777020	5540	-0.0416
929c8b09-faad-4e1b-b710-86bcd5f90849	5	33780336	34700599	558	0.4081
929c8b09-faad-4e1b-b710-86bcd5f90849	5	34700960	34701084	2	-1.5689
929c8b09-faad-4e1b-b710-86bcd5f90849	5	34703258	35171261	300	0.4057
929c8b09-faad-4e1b-b710-86bcd5f90849	5	35171919	36031016	620	0.2021
929c8b09-faad-4e1b-b710-86bcd5f90849	5	36031768	37161108	716	0.1008
929c8b09-faad-4e1b-b710-86bcd5f90849	5	37161516	37620638	189	0.4854
929c8b09-faad-4e1b-b710-86bcd5f90849	5	37623038	46334235	4938	0.0839
929c8b09-faad-4e1b-b710-86bcd5f90849	5	46334777	58025759	5064	-0.0281
929c8b09-faad-4e1b-b710-86bcd5f90849	5	58025819	58036504	24	0.3331
929c8b09-faad-4e1b-b710-86bcd5f90849	5	58036570	58975869	717	-0.0406
929c8b09-faad-4e1b-b710-86bcd5f90849	5	58979622	59032734	46	0.1977
929c8b09-faad-4e1b-b710-86bcd5f90849	5	59034442	63304263	2711	-0.0564
929c8b09-faad-4e1b-b710-86bcd5f90849	5	63304699	102335711	22173	-0.1856
929c8b09-faad-4e1b-b710-86bcd5f90849	5	102338475	104515520	1200	0.0826
929c8b09-faad-4e1b-b710-86bcd5f90849	5	104524672	104524903	4	-1.574
929c8b09-faad-4e1b-b710-86bcd5f90849	5	104525348	104832320	245	0.0506
929c8b09-faad-4e1b-b710-86bcd5f90849	5	104833134	105311213	349	-0.1044
929c8b09-faad-4e1b-b710-86bcd5f90849	5	105311825	117400796	8343	0.0882
929c8b09-faad-4e1b-b710-86bcd5f90849	5	117402432	141866249	14809	-0.0522
929c8b09-faad-4e1b-b710-86bcd5f90849	5	141869818	143202680	995	0.2297
929c8b09-faad-4e1b-b710-86bcd5f90849	5	143205089	144030720	555	0.099
929c8b09-faad-4e1b-b710-86bcd5f90849	5	144030771	144137872	79	0.172
929c8b09-faad-4e1b-b710-86bcd5f90849	5	144145201	148996387	3235	-0.0202
929c8b09-faad-4e1b-b710-86bcd5f90849	5	148999912	150895162	1230	-0.2122
929c8b09-faad-4e1b-b710-86bcd5f90849	5	150897549	168896229	12383	-0.1816
929c8b09-faad-4e1b-b710-86bcd5f90849	5	168898845	171985260	2336	-0.2143
929c8b09-faad-4e1b-b710-86bcd5f90849	5	171985277	172184964	152	-0.0413
929c8b09-faad-4e1b-b710-86bcd5f90849	5	172189500	175946505	2820	-0.2285
929c8b09-faad-4e1b-b710-86bcd5f90849	5	175960543	175993893	7	0.6381
929c8b09-faad-4e1b-b710-86bcd5f90849	5	175999690	176628505	250	-0.2039
929c8b09-faad-4e1b-b710-86bcd5f90849	5	176631227	176886334	130	0.0021
929c8b09-faad-4e1b-b710-86bcd5f90849	5	176886981	177771448	350	-0.1701
929c8b09-faad-4e1b-b710-86bcd5f90849	5	177800550	177801578	2	2.045
929c8b09-faad-4e1b-b710-86bcd5f90849	5	177805604	177883336	9	-0.4599
929c8b09-faad-4e1b-b710-86bcd5f90849	5	177889739	180934266	1783	-0.183
929c8b09-faad-4e1b-b710-86bcd5f90849	5	180934813	181241618	170	-0.0431
929c8b09-faad-4e1b-b710-86bcd5f90849	5	181243251	181263936	15	-0.5307
929c8b09-faad-4e1b-b710-86bcd5f90849	5	181265320	181363319	9	-0.0307
929c8b09-faad-4e1b-b710-86bcd5f90849	6	149661	254283	101	0.1454
929c8b09-faad-4e1b-b710-86bcd5f90849	6	257353	382559	102	-0.4486
929c8b09-faad-4e1b-b710-86bcd5f90849	6	382897	29869295	21459	-0.0094
929c8b09-faad-4e1b-b710-86bcd5f90849	6	29869410	29881490	16	0.7739
929c8b09-faad-4e1b-b710-86bcd5f90849	6	29882419	29931120	15	-0.4155
929c8b09-faad-4e1b-b710-86bcd5f90849	6	29931900	29986587	37	0.2506
929c8b09-faad-4e1b-b710-86bcd5f90849	6	29992047	31301531	603	0.0166
929c8b09-faad-4e1b-b710-86bcd5f90849	6	31301571	31318528	11	0.2595
929c8b09-faad-4e1b-b710-86bcd5f90849	6	31318754	31328674	9	-1.6263
929c8b09-faad-4e1b-b710-86bcd5f90849	6	31342147	31370608	25	0.0946
929c8b09-faad-4e1b-b710-86bcd5f90849	6	31372219	31373030	5	-1.2443
929c8b09-faad-4e1b-b710-86bcd5f90849	6	31375827	32656527	528	0.0598
929c8b09-faad-4e1b-b710-86bcd5f90849	6	32656814	32658841	5	-1.7496
929c8b09-faad-4e1b-b710-86bcd5f90849	6	32682835	39051098	3948	-0.0114
929c8b09-faad-4e1b-b710-86bcd5f90849	6	39051478	39051727	2	-1.4662
929c8b09-faad-4e1b-b710-86bcd5f90849	6	39052446	62972184	13115	0.0009
929c8b09-faad-4e1b-b710-86bcd5f90849	6	62973615	63348992	212	0.1788
929c8b09-faad-4e1b-b710-86bcd5f90849	6	63352480	63651759	156	0.482
929c8b09-faad-4e1b-b710-86bcd5f90849	6	63661248	64091098	214	0.1531
929c8b09-faad-4e1b-b710-86bcd5f90849	6	64091687	64454879	177	0.3701
929c8b09-faad-4e1b-b710-86bcd5f90849	6	64457222	64483940	16	-0.0462
929c8b09-faad-4e1b-b710-86bcd5f90849	6	64484274	78261995	9045	-0.1591
929c8b09-faad-4e1b-b710-86bcd5f90849	6	78262064	78342896	121	-0.4035
929c8b09-faad-4e1b-b710-86bcd5f90849	6	78343128	91024144	8013	-0.1556
929c8b09-faad-4e1b-b710-86bcd5f90849	6	91024237	91215305	133	-0.3349
929c8b09-faad-4e1b-b710-86bcd5f90849	6	91216954	93865351	1809	-0.1675
929c8b09-faad-4e1b-b710-86bcd5f90849	6	93872071	93880211	11	-1.4883
929c8b09-faad-4e1b-b710-86bcd5f90849	6	93883237	103286954	5501	-0.1677
929c8b09-faad-4e1b-b710-86bcd5f90849	6	103290101	103314186	46	0.608
929c8b09-faad-4e1b-b710-86bcd5f90849	6	103317795	103609432	224	-0.1768
929c8b09-faad-4e1b-b710-86bcd5f90849	6	103609505	103705425	61	-0.421
929c8b09-faad-4e1b-b710-86bcd5f90849	6	103705931	104481736	469	-0.1878
929c8b09-faad-4e1b-b710-86bcd5f90849	6	104495548	114874292	6496	-0.1669
929c8b09-faad-4e1b-b710-86bcd5f90849	6	114881368	114881438	2	-2.0047
929c8b09-faad-4e1b-b710-86bcd5f90849	6	114881442	123455748	4948	-0.163
929c8b09-faad-4e1b-b710-86bcd5f90849	6	123459176	123459301	2	-1.6077
929c8b09-faad-4e1b-b710-86bcd5f90849	6	123459834	129235820	3612	-0.1512
929c8b09-faad-4e1b-b710-86bcd5f90849	6	129236997	161443378	21688	-0.1903
929c8b09-faad-4e1b-b710-86bcd5f90849	6	161444631	161614044	156	-0.4483
929c8b09-faad-4e1b-b710-86bcd5f90849	6	161616209	167021198	4302	-0.1853
929c8b09-faad-4e1b-b710-86bcd5f90849	6	167021837	168899819	1066	-0.1241
929c8b09-faad-4e1b-b710-86bcd5f90849	6	168901262	169713199	705	-0.212
929c8b09-faad-4e1b-b710-86bcd5f90849	6	169715369	170275315	231	-0.0777
929c8b09-faad-4e1b-b710-86bcd5f90849	6	170278918	170741917	216	-0.2042
929c8b09-faad-4e1b-b710-86bcd5f90849	7	43355	148300	90	0.5748
929c8b09-faad-4e1b-b710-86bcd5f90849	7	155066	158626	10	-0.5102
929c8b09-faad-4e1b-b710-86bcd5f90849	7	161442	5636488	2833	0.4632
929c8b09-faad-4e1b-b710-86bcd5f90849	7	5636823	8235915	1682	0.6367
929c8b09-faad-4e1b-b710-86bcd5f90849	7	8242169	12974700	3811	0.4776
929c8b09-faad-4e1b-b710-86bcd5f90849	7	12982484	12988660	4	-0.8514
929c8b09-faad-4e1b-b710-86bcd5f90849	7	12989332	17512332	3665	0.49
929c8b09-faad-4e1b-b710-86bcd5f90849	7	17519677	17528834	11	-0.0813
929c8b09-faad-4e1b-b710-86bcd5f90849	7	17533787	27901138	7880	0.482
929c8b09-faad-4e1b-b710-86bcd5f90849	7	27901565	28820242	743	0.3511
929c8b09-faad-4e1b-b710-86bcd5f90849	7	28825912	29680865	738	0.4099
929c8b09-faad-4e1b-b710-86bcd5f90849	7	29687854	33035173	2253	0.3532
929c8b09-faad-4e1b-b710-86bcd5f90849	7	33035484	33234444	127	0.5673
929c8b09-faad-4e1b-b710-86bcd5f90849	7	33237564	38248326	3524	0.3569
929c8b09-faad-4e1b-b710-86bcd5f90849	7	38251092	38326911	111	0.6687
929c8b09-faad-4e1b-b710-86bcd5f90849	7	38331191	53210849	10224	0.3574
929c8b09-faad-4e1b-b710-86bcd5f90849	7	53211865	53218292	7	-0.5905
929c8b09-faad-4e1b-b710-86bcd5f90849	7	53223103	62257227	2832	0.3623
929c8b09-faad-4e1b-b710-86bcd5f90849	7	62257782	65502323	1144	0.1544
929c8b09-faad-4e1b-b710-86bcd5f90849	7	65502854	65586825	6	-0.6026
929c8b09-faad-4e1b-b710-86bcd5f90849	7	65587678	70955452	2927	0.1375
929c8b09-faad-4e1b-b710-86bcd5f90849	7	70958264	70961155	2	-2.7975
929c8b09-faad-4e1b-b710-86bcd5f90849	7	70963257	78494689	3311	0.1509
929c8b09-faad-4e1b-b710-86bcd5f90849	7	78495107	78725372	178	-0.2205
929c8b09-faad-4e1b-b710-86bcd5f90849	7	78733311	89920171	7171	0.1476
929c8b09-faad-4e1b-b710-86bcd5f90849	7	89920693	90427727	345	-0.2201
929c8b09-faad-4e1b-b710-86bcd5f90849	7	90429767	97756658	4692	0.1622
929c8b09-faad-4e1b-b710-86bcd5f90849	7	97766148	97774928	17	-0.4295
929c8b09-faad-4e1b-b710-86bcd5f90849	7	97774965	111352141	7671	0.1281
929c8b09-faad-4e1b-b710-86bcd5f90849	7	111356157	111416265	47	-0.3277
929c8b09-faad-4e1b-b710-86bcd5f90849	7	111416720	126404869	8949	0.1299
929c8b09-faad-4e1b-b710-86bcd5f90849	7	126404920	126406561	13	-1.0438
929c8b09-faad-4e1b-b710-86bcd5f90849	7	126406822	134093899	4700	0.1284
929c8b09-faad-4e1b-b710-86bcd5f90849	7	134100424	134104408	18	-0.3668
929c8b09-faad-4e1b-b710-86bcd5f90849	7	134104531	142316549	5408	0.1274
929c8b09-faad-4e1b-b710-86bcd5f90849	7	142317254	142820543	303	0.2607
929c8b09-faad-4e1b-b710-86bcd5f90849	7	142825311	145495224	1465	0.132
929c8b09-faad-4e1b-b710-86bcd5f90849	7	145495625	145495800	2	-1.2036
929c8b09-faad-4e1b-b710-86bcd5f90849	7	145495852	159334314	8934	0.1264
929c8b09-faad-4e1b-b710-86bcd5f90849	8	81254	4282176	3992	-0.1885
929c8b09-faad-4e1b-b710-86bcd5f90849	8	4283878	4285721	6	0.7991
929c8b09-faad-4e1b-b710-86bcd5f90849	8	4286218	4329204	142	-0.1335
929c8b09-faad-4e1b-b710-86bcd5f90849	8	4329444	4331463	20	0.2773
929c8b09-faad-4e1b-b710-86bcd5f90849	8	4332223	5736745	1843	-0.2093
929c8b09-faad-4e1b-b710-86bcd5f90849	8	5741204	5746973	27	-0.6371
929c8b09-faad-4e1b-b710-86bcd5f90849	8	5749566	7336299	1705	-0.1987
929c8b09-faad-4e1b-b710-86bcd5f90849	8	7357089	7358351	8	0.2908
929c8b09-faad-4e1b-b710-86bcd5f90849	8	7358509	7380497	11	0.7659
929c8b09-faad-4e1b-b710-86bcd5f90849	8	7396819	9198971	939	0.0146
929c8b09-faad-4e1b-b710-86bcd5f90849	8	9199020	9205016	25	-0.6714
929c8b09-faad-4e1b-b710-86bcd5f90849	8	9205517	9295007	95	0.1441
929c8b09-faad-4e1b-b710-86bcd5f90849	8	9295272	10549687	1078	0.0523
929c8b09-faad-4e1b-b710-86bcd5f90849	8	10549889	11605721	842	0.1734
929c8b09-faad-4e1b-b710-86bcd5f90849	8	11607259	12142800	295	0.6596
929c8b09-faad-4e1b-b710-86bcd5f90849	8	12143614	12519969	39	-0.3572
929c8b09-faad-4e1b-b710-86bcd5f90849	8	12545544	12788880	105	0.0376
929c8b09-faad-4e1b-b710-86bcd5f90849	8	12791219	12795017	4	-1.9839
929c8b09-faad-4e1b-b710-86bcd5f90849	8	12796024	15498725	2603	-0.0067
929c8b09-faad-4e1b-b710-86bcd5f90849	8	15501292	15857331	345	0.1781
929c8b09-faad-4e1b-b710-86bcd5f90849	8	15860538	15860573	2	-1.1714
929c8b09-faad-4e1b-b710-86bcd5f90849	8	15861554	17217131	1135	0.177
929c8b09-faad-4e1b-b710-86bcd5f90849	8	17218181	18214904	976	0.0061
929c8b09-faad-4e1b-b710-86bcd5f90849	8	18215300	18407644	162	-0.2057
929c8b09-faad-4e1b-b710-86bcd5f90849	8	18408647	18413675	4	-2.6965
929c8b09-faad-4e1b-b710-86bcd5f90849	8	18413877	40489318	14952	-0.1849
929c8b09-faad-4e1b-b710-86bcd5f90849	8	40489560	40611724	92	-0.0396
929c8b09-faad-4e1b-b710-86bcd5f90849	8	40611974	40617473	3	0.9307
929c8b09-faad-4e1b-b710-86bcd5f90849	8	40617994	43475055	1635	-0.0324
929c8b09-faad-4e1b-b710-86bcd5f90849	8	43475245	46537216	229	0.0864
929c8b09-faad-4e1b-b710-86bcd5f90849	8	46537229	48053376	671	-0.0166
929c8b09-faad-4e1b-b710-86bcd5f90849	8	48057133	50119451	1188	0.1382
929c8b09-faad-4e1b-b710-86bcd5f90849	8	50119464	50120863	8	-0.5811
929c8b09-faad-4e1b-b710-86bcd5f90849	8	50126018	50264076	111	0.1432
929c8b09-faad-4e1b-b710-86bcd5f90849	8	50265615	55625633	3540	-0.0263
929c8b09-faad-4e1b-b710-86bcd5f90849	8	55627476	56301937	371	0.0594
929c8b09-faad-4e1b-b710-86bcd5f90849	8	56302016	68851712	7787	-0.0324
929c8b09-faad-4e1b-b710-86bcd5f90849	8	68852267	69295362	292	0.0914
929c8b09-faad-4e1b-b710-86bcd5f90849	8	69295681	69296082	6	-0.5872
929c8b09-faad-4e1b-b710-86bcd5f90849	8	69299337	71127483	1057	0.0925
929c8b09-faad-4e1b-b710-86bcd5f90849	8	71128233	71175756	53	-0.0221
929c8b09-faad-4e1b-b710-86bcd5f90849	8	71175936	71189514	13	0.2069
929c8b09-faad-4e1b-b710-86bcd5f90849	8	71190570	71303076	81	-0.0828
929c8b09-faad-4e1b-b710-86bcd5f90849	8	71303129	71303903	3	-1.6855
929c8b09-faad-4e1b-b710-86bcd5f90849	8	71303987	89101717	10590	-0.0279
929c8b09-faad-4e1b-b710-86bcd5f90849	8	89109230	91862960	1591	0.0945
929c8b09-faad-4e1b-b710-86bcd5f90849	8	91863041	97159925	3449	-0.0204
929c8b09-faad-4e1b-b710-86bcd5f90849	8	97160921	97700960	365	0.0889
929c8b09-faad-4e1b-b710-86bcd5f90849	8	97701282	98269896	381	0.2128
929c8b09-faad-4e1b-b710-86bcd5f90849	8	98269980	98632589	210	0.6333
929c8b09-faad-4e1b-b710-86bcd5f90849	8	98635024	98662159	11	0.2593
929c8b09-faad-4e1b-b710-86bcd5f90849	8	98663967	98996258	106	0.7573
929c8b09-faad-4e1b-b710-86bcd5f90849	8	99005507	108733828	6021	0.0322
929c8b09-faad-4e1b-b710-86bcd5f90849	8	108736404	108742239	5	-0.9536
929c8b09-faad-4e1b-b710-86bcd5f90849	8	108747104	111276327	1380	0.0241
929c8b09-faad-4e1b-b710-86bcd5f90849	8	111279123	111282852	9	-0.6701
929c8b09-faad-4e1b-b710-86bcd5f90849	8	111282973	111283031	3	-3.0381
929c8b09-faad-4e1b-b710-86bcd5f90849	8	111288052	114946621	2066	0.0228
929c8b09-faad-4e1b-b710-86bcd5f90849	8	114952125	114952288	2	-1.1852
929c8b09-faad-4e1b-b710-86bcd5f90849	8	114954720	117260215	1450	0.02
929c8b09-faad-4e1b-b710-86bcd5f90849	8	117262515	120855966	2571	0.1937
929c8b09-faad-4e1b-b710-86bcd5f90849	8	120857449	134053644	9627	0.0212
929c8b09-faad-4e1b-b710-86bcd5f90849	8	134054465	141313090	5624	-0.1727
929c8b09-faad-4e1b-b710-86bcd5f90849	8	141316346	141901773	358	-0.0016
929c8b09-faad-4e1b-b710-86bcd5f90849	8	141907476	142430065	286	0.1749
929c8b09-faad-4e1b-b710-86bcd5f90849	8	142433073	143209006	294	0.0244
929c8b09-faad-4e1b-b710-86bcd5f90849	8	143217232	143228432	14	0.4333
929c8b09-faad-4e1b-b710-86bcd5f90849	8	143228447	144227077	303	0.0523
929c8b09-faad-4e1b-b710-86bcd5f90849	8	144227251	144783110	164	0.2521
929c8b09-faad-4e1b-b710-86bcd5f90849	8	144787653	145072769	166	0.0647
929c8b09-faad-4e1b-b710-86bcd5f90849	9	46587	672786	651	-0.1881
929c8b09-faad-4e1b-b710-86bcd5f90849	9	672895	676278	9	0.4757
929c8b09-faad-4e1b-b710-86bcd5f90849	9	676305	2147099	1656	-0.1918
929c8b09-faad-4e1b-b710-86bcd5f90849	9	2148837	2150662	6	-1.5004
929c8b09-faad-4e1b-b710-86bcd5f90849	9	2152115	23361807	18112	-0.2105
929c8b09-faad-4e1b-b710-86bcd5f90849	9	23363117	23373486	8	0.6476
929c8b09-faad-4e1b-b710-86bcd5f90849	9	23378490	39140250	10711	-0.2066
929c8b09-faad-4e1b-b710-86bcd5f90849	9	39140318	40926319	61	0.0697
929c8b09-faad-4e1b-b710-86bcd5f90849	9	40928205	61405110	176	-0.1527
929c8b09-faad-4e1b-b710-86bcd5f90849	9	61520021	61629689	28	-1.5039
929c8b09-faad-4e1b-b710-86bcd5f90849	9	61633080	67107066	154	-0.1081
929c8b09-faad-4e1b-b710-86bcd5f90849	9	67135566	67832599	13	0.3944
929c8b09-faad-4e1b-b710-86bcd5f90849	9	67915741	76390092	5853	-0.2006
929c8b09-faad-4e1b-b710-86bcd5f90849	9	76393040	76463787	48	0.0986
929c8b09-faad-4e1b-b710-86bcd5f90849	9	76466163	89188284	9114	-0.2139
929c8b09-faad-4e1b-b710-86bcd5f90849	9	89192466	89192828	2	-1.7432
929c8b09-faad-4e1b-b710-86bcd5f90849	9	89193144	90796774	1179	-0.214
929c8b09-faad-4e1b-b710-86bcd5f90849	9	90799168	90924541	148	0.1841
929c8b09-faad-4e1b-b710-86bcd5f90849	9	90925576	101111139	6502	0.0561
929c8b09-faad-4e1b-b710-86bcd5f90849	9	101111256	129855664	20474	0.0802
929c8b09-faad-4e1b-b710-86bcd5f90849	9	129855696	135120224	3361	0.0614
929c8b09-faad-4e1b-b710-86bcd5f90849	9	135120566	135125350	6	0.3973
929c8b09-faad-4e1b-b710-86bcd5f90849	9	135131747	135261156	93	0.0978
929c8b09-faad-4e1b-b710-86bcd5f90849	9	135262424	135424679	118	0.2417
929c8b09-faad-4e1b-b710-86bcd5f90849	9	135426111	138061886	925	0.107
929c8b09-faad-4e1b-b710-86bcd5f90849	9	138062145	138124242	92	0.297
929c8b09-faad-4e1b-b710-86bcd5f90849	9	138130866	138200944	16	-0.2428
929c8b09-faad-4e1b-b710-86bcd5f90849	10	45792	1295296	730	0.2252
929c8b09-faad-4e1b-b710-86bcd5f90849	10	1297961	2925210	1618	0.1385
929c8b09-faad-4e1b-b710-86bcd5f90849	10	2925227	3091349	173	0.2671
929c8b09-faad-4e1b-b710-86bcd5f90849	10	3091456	16644657	11410	0.1366
929c8b09-faad-4e1b-b710-86bcd5f90849	10	16644799	16645245	3	-1.2431
929c8b09-faad-4e1b-b710-86bcd5f90849	10	16646705	24086334	5270	0.1404
929c8b09-faad-4e1b-b710-86bcd5f90849	10	24088745	24090110	15	1.289
929c8b09-faad-4e1b-b710-86bcd5f90849	10	24091731	42688523	10122	0.1411
929c8b09-faad-4e1b-b710-86bcd5f90849	10	42688924	44668308	1483	0.2419
929c8b09-faad-4e1b-b710-86bcd5f90849	10	44670301	44716049	27	0.6138
929c8b09-faad-4e1b-b710-86bcd5f90849	10	44719798	45271675	386	0.2637
929c8b09-faad-4e1b-b710-86bcd5f90849	10	45275218	45574604	156	-0.0353
929c8b09-faad-4e1b-b710-86bcd5f90849	10	45577424	45605479	16	-0.498
929c8b09-faad-4e1b-b710-86bcd5f90849	10	45606397	46215867	127	0.0207
929c8b09-faad-4e1b-b710-86bcd5f90849	10	46216095	46331879	140	0.1802
929c8b09-faad-4e1b-b710-86bcd5f90849	10	46331946	56756643	6609	0.0236
929c8b09-faad-4e1b-b710-86bcd5f90849	10	56756761	56767077	39	-0.6397
929c8b09-faad-4e1b-b710-86bcd5f90849	10	56772992	79689972	15381	0.0176
929c8b09-faad-4e1b-b710-86bcd5f90849	10	79736999	79838023	25	0.7012
929c8b09-faad-4e1b-b710-86bcd5f90849	10	79838299	87216840	5179	0.0277
929c8b09-faad-4e1b-b710-86bcd5f90849	10	87269486	87286741	3	1.422
929c8b09-faad-4e1b-b710-86bcd5f90849	10	87310039	103784608	10108	0.0186
929c8b09-faad-4e1b-b710-86bcd5f90849	10	103784933	105297280	1124	0.1391
929c8b09-faad-4e1b-b710-86bcd5f90849	10	105297860	105299412	2	-1.355
929c8b09-faad-4e1b-b710-86bcd5f90849	10	105302718	107955465	2062	0.1194
929c8b09-faad-4e1b-b710-86bcd5f90849	10	107957065	107957684	2	-1.2473
929c8b09-faad-4e1b-b710-86bcd5f90849	10	107960997	130327854	16383	0.1223
929c8b09-faad-4e1b-b710-86bcd5f90849	10	130327931	132750789	1728	0.1653
929c8b09-faad-4e1b-b710-86bcd5f90849	10	132753318	133054949	130	0.3184
929c8b09-faad-4e1b-b710-86bcd5f90849	10	133055089	133487839	152	0.1654
929c8b09-faad-4e1b-b710-86bcd5f90849	10	133488049	133654968	104	0.0779
929c8b09-faad-4e1b-b710-86bcd5f90849	11	198510	1626349	485	-0.0068
929c8b09-faad-4e1b-b710-86bcd5f90849	11	1627184	1627418	2	-1.645
929c8b09-faad-4e1b-b710-86bcd5f90849	11	1628657	2458715	287	-0.0007
929c8b09-faad-4e1b-b710-86bcd5f90849	11	2459007	2595605	66	0.2011
929c8b09-faad-4e1b-b710-86bcd5f90849	11	2596552	4946166	1578	-0.0281
929c8b09-faad-4e1b-b710-86bcd5f90849	11	4946420	4954475	29	-1.8465
929c8b09-faad-4e1b-b710-86bcd5f90849	11	4955027	5762693	786	-0.0349
929c8b09-faad-4e1b-b710-86bcd5f90849	11	5766175	5787110	30	0.3393
929c8b09-faad-4e1b-b710-86bcd5f90849	11	5787146	8831159	2238	-0.0403
929c8b09-faad-4e1b-b710-86bcd5f90849	11	8839141	9668466	457	-0.4224
929c8b09-faad-4e1b-b710-86bcd5f90849	11	9677633	25643255	12063	-0.021
929c8b09-faad-4e1b-b710-86bcd5f90849	11	25644343	25712747	80	0.512
929c8b09-faad-4e1b-b710-86bcd5f90849	11	25714100	48485271	15165	-0.0195
929c8b09-faad-4e1b-b710-86bcd5f90849	11	48485400	50791553	851	0.0481
929c8b09-faad-4e1b-b710-86bcd5f90849	11	50792187	55595864	375	-0.0511
929c8b09-faad-4e1b-b710-86bcd5f90849	11	55606556	55674842	48	0.3844
929c8b09-faad-4e1b-b710-86bcd5f90849	11	55676735	64828200	5138	-0.0234
929c8b09-faad-4e1b-b710-86bcd5f90849	11	64855397	65894490	403	0.1236
929c8b09-faad-4e1b-b710-86bcd5f90849	11	65894607	66779894	350	-0.0202
929c8b09-faad-4e1b-b710-86bcd5f90849	11	66781465	67584356	295	0.2033
929c8b09-faad-4e1b-b710-86bcd5f90849	11	67593440	67654608	24	0.5018
929c8b09-faad-4e1b-b710-86bcd5f90849	11	67654761	68458551	303	0.1858
929c8b09-faad-4e1b-b710-86bcd5f90849	11	68462557	70094329	935	0.4085
929c8b09-faad-4e1b-b710-86bcd5f90849	11	70096218	70449792	185	0.3027
929c8b09-faad-4e1b-b710-86bcd5f90849	11	70453844	76596030	3201	0.0147
929c8b09-faad-4e1b-b710-86bcd5f90849	11	76598654	90518571	9347	-0.0676
929c8b09-faad-4e1b-b710-86bcd5f90849	11	90519976	90696837	141	-0.4403
929c8b09-faad-4e1b-b710-86bcd5f90849	11	90699074	97395804	4856	-0.061
929c8b09-faad-4e1b-b710-86bcd5f90849	11	97397508	97397928	2	-1.6449
929c8b09-faad-4e1b-b710-86bcd5f90849	11	97397961	133922841	26274	-0.0646
929c8b09-faad-4e1b-b710-86bcd5f90849	11	133924593	135074876	859	0.0397
929c8b09-faad-4e1b-b710-86bcd5f90849	12	51460	152763	60	0.105
929c8b09-faad-4e1b-b710-86bcd5f90849	12	154673	223229	34	0.4245
929c8b09-faad-4e1b-b710-86bcd5f90849	12	223496	407540	103	0.0707
929c8b09-faad-4e1b-b710-86bcd5f90849	12	410852	696285	195	0.2287
929c8b09-faad-4e1b-b710-86bcd5f90849	12	698884	1183516	291	0.0837
929c8b09-faad-4e1b-b710-86bcd5f90849	12	1191092	7805809	4669	-0.0374
929c8b09-faad-4e1b-b710-86bcd5f90849	12	7806672	10604926	1573	0.0614
929c8b09-faad-4e1b-b710-86bcd5f90849	12	10605735	21246562	7179	-0.0285
929c8b09-faad-4e1b-b710-86bcd5f90849	12	21248223	21263479	9	0.2208
929c8b09-faad-4e1b-b710-86bcd5f90849	12	21263749	24613769	2295	-0.1495
929c8b09-faad-4e1b-b710-86bcd5f90849	12	24615467	25034937	348	-0.0485
929c8b09-faad-4e1b-b710-86bcd5f90849	12	25035080	25493245	442	-0.1102
929c8b09-faad-4e1b-b710-86bcd5f90849	12	25496253	25501511	9	-1.5978
929c8b09-faad-4e1b-b710-86bcd5f90849	12	25502588	27083876	1128	-0.0887
929c8b09-faad-4e1b-b710-86bcd5f90849	12	27084028	34273776	5155	-0.1607
929c8b09-faad-4e1b-b710-86bcd5f90849	12	34274850	34701563	116	0.0648
929c8b09-faad-4e1b-b710-86bcd5f90849	12	37463949	38871673	581	-0.1566
929c8b09-faad-4e1b-b710-86bcd5f90849	12	38879636	39015104	67	0.2915
929c8b09-faad-4e1b-b710-86bcd5f90849	12	39015221	39364756	210	-0.2064
929c8b09-faad-4e1b-b710-86bcd5f90849	12	39367063	39741479	148	0.2979
929c8b09-faad-4e1b-b710-86bcd5f90849	12	39751389	40666731	686	-0.163
929c8b09-faad-4e1b-b710-86bcd5f90849	12	40667898	43629265	2011	-0.0236
929c8b09-faad-4e1b-b710-86bcd5f90849	12	43631329	46648077	1735	-0.1624
929c8b09-faad-4e1b-b710-86bcd5f90849	12	46650450	46843286	123	0.1595
929c8b09-faad-4e1b-b710-86bcd5f90849	12	46843697	53595383	3868	-0.1542
929c8b09-faad-4e1b-b710-86bcd5f90849	12	53597916	54035281	275	0.6681
929c8b09-faad-4e1b-b710-86bcd5f90849	12	54042872	54530720	185	0.8168
929c8b09-faad-4e1b-b710-86bcd5f90849	12	54531890	54732477	163	0.6999
929c8b09-faad-4e1b-b710-86bcd5f90849	12	54733174	55580597	554	0.8629
929c8b09-faad-4e1b-b710-86bcd5f90849	12	55580845	56113984	271	0.7758
929c8b09-faad-4e1b-b710-86bcd5f90849	12	56116853	61007806	2869	-0.157
929c8b09-faad-4e1b-b710-86bcd5f90849	12	61008794	61075156	47	0.3146
929c8b09-faad-4e1b-b710-86bcd5f90849	12	61082317	61198700	79	0.6439
929c8b09-faad-4e1b-b710-86bcd5f90849	12	61201531	61261099	51	0.3328
929c8b09-faad-4e1b-b710-86bcd5f90849	12	61266475	61312344	31	0.7167
929c8b09-faad-4e1b-b710-86bcd5f90849	12	61312496	61788404	295	0.9298
929c8b09-faad-4e1b-b710-86bcd5f90849	12	61788880	62383166	366	1.1918
929c8b09-faad-4e1b-b710-86bcd5f90849	12	62388687	64127122	1105	0.9841
929c8b09-faad-4e1b-b710-86bcd5f90849	12	64135340	64192529	36	0.7426
929c8b09-faad-4e1b-b710-86bcd5f90849	12	64194530	79707679	10144	-0.1607
929c8b09-faad-4e1b-b710-86bcd5f90849	12	79709810	79750698	22	0.2502
929c8b09-faad-4e1b-b710-86bcd5f90849	12	79759493	83769408	2502	0.107
929c8b09-faad-4e1b-b710-86bcd5f90849	12	83769511	83771789	9	0.9508
929c8b09-faad-4e1b-b710-86bcd5f90849	12	83771808	91327341	4433	0.1187
929c8b09-faad-4e1b-b710-86bcd5f90849	12	91328156	91329416	4	-0.9409
929c8b09-faad-4e1b-b710-86bcd5f90849	12	91332574	108393642	11819	0.102
929c8b09-faad-4e1b-b710-86bcd5f90849	12	108396137	108397212	3	-1.0192
929c8b09-faad-4e1b-b710-86bcd5f90849	12	108397453	111757534	1762	0.0891
929c8b09-faad-4e1b-b710-86bcd5f90849	12	111759818	111885173	47	0.3018
929c8b09-faad-4e1b-b710-86bcd5f90849	12	111885212	113849547	1267	0.0995
929c8b09-faad-4e1b-b710-86bcd5f90849	12	113849643	114036093	190	0.239
929c8b09-faad-4e1b-b710-86bcd5f90849	12	114037803	118897577	3772	0.0955
929c8b09-faad-4e1b-b710-86bcd5f90849	12	118897833	127687756	5513	0.2281
929c8b09-faad-4e1b-b710-86bcd5f90849	12	127689393	128411864	667	0.2992
929c8b09-faad-4e1b-b710-86bcd5f90849	12	128416125	128744341	276	0.2271
929c8b09-faad-4e1b-b710-86bcd5f90849	12	128745968	128747752	6	-0.724
929c8b09-faad-4e1b-b710-86bcd5f90849	12	128748000	133201603	3065	0.2395
929c8b09-faad-4e1b-b710-86bcd5f90849	13	18452809	24546791	4091	0.3283
929c8b09-faad-4e1b-b710-86bcd5f90849	13	24556367	24559220	5	-0.5802
929c8b09-faad-4e1b-b710-86bcd5f90849	13	24561767	31957984	5476	0.3194
929c8b09-faad-4e1b-b710-86bcd5f90849	13	31958485	31964286	18	-0.7924
929c8b09-faad-4e1b-b710-86bcd5f90849	13	31965910	56695225	16213	0.3278
929c8b09-faad-4e1b-b710-86bcd5f90849	13	56695737	56986050	126	0.5143
929c8b09-faad-4e1b-b710-86bcd5f90849	13	56986560	57352300	233	0.3549
929c8b09-faad-4e1b-b710-86bcd5f90849	13	57352425	57352749	3	-0.5684
929c8b09-faad-4e1b-b710-86bcd5f90849	13	57354234	58634547	692	0.3466
929c8b09-faad-4e1b-b710-86bcd5f90849	13	58636952	60682441	1295	0.0991
929c8b09-faad-4e1b-b710-86bcd5f90849	13	60684211	71902850	6913	0.3364
929c8b09-faad-4e1b-b710-86bcd5f90849	13	71903417	71906418	4	-2.0277
929c8b09-faad-4e1b-b710-86bcd5f90849	13	71906467	77055660	3814	0.3504
929c8b09-faad-4e1b-b710-86bcd5f90849	13	77058257	78183333	675	0.232
929c8b09-faad-4e1b-b710-86bcd5f90849	13	78183404	78183683	2	-1.0426
929c8b09-faad-4e1b-b710-86bcd5f90849	13	78183961	82748133	2899	0.2482
929c8b09-faad-4e1b-b710-86bcd5f90849	13	82750482	82751137	3	-0.9146
929c8b09-faad-4e1b-b710-86bcd5f90849	13	82751632	88108039	3225	0.2297
929c8b09-faad-4e1b-b710-86bcd5f90849	13	88108686	114342922	18490	0.4681
929c8b09-faad-4e1b-b710-86bcd5f90849	14	18239283	19650668	60	0.018
929c8b09-faad-4e1b-b710-86bcd5f90849	14	19667065	19957350	109	-0.27
929c8b09-faad-4e1b-b710-86bcd5f90849	14	19957701	21936128	1367	-0.0055
929c8b09-faad-4e1b-b710-86bcd5f90849	14	21936461	22160275	192	0.1584
929c8b09-faad-4e1b-b710-86bcd5f90849	14	22162256	22509114	305	0.3085
929c8b09-faad-4e1b-b710-86bcd5f90849	14	22509351	22758550	182	0.0554
929c8b09-faad-4e1b-b710-86bcd5f90849	14	22760551	22796272	25	0.3862
929c8b09-faad-4e1b-b710-86bcd5f90849	14	22796827	22869431	34	0.0868
929c8b09-faad-4e1b-b710-86bcd5f90849	14	22878345	48273194	15729	-0.017
929c8b09-faad-4e1b-b710-86bcd5f90849	14	48278327	48390754	67	-0.8438
929c8b09-faad-4e1b-b710-86bcd5f90849	14	48391516	73529070	16184	-0.0305
929c8b09-faad-4e1b-b710-86bcd5f90849	14	73534419	73554275	9	0.7697
929c8b09-faad-4e1b-b710-86bcd5f90849	14	73563196	82379236	5787	-0.0347
929c8b09-faad-4e1b-b710-86bcd5f90849	14	82381746	82561203	116	-0.2329
929c8b09-faad-4e1b-b710-86bcd5f90849	14	82562038	82678390	78	-0.0878
929c8b09-faad-4e1b-b710-86bcd5f90849	14	82681613	89939229	4884	0.0963
929c8b09-faad-4e1b-b710-86bcd5f90849	14	89939658	89940309	3	-1.0687
929c8b09-faad-4e1b-b710-86bcd5f90849	14	89943009	98855137	6405	0.0897
929c8b09-faad-4e1b-b710-86bcd5f90849	14	98857675	98909781	44	0.3432
929c8b09-faad-4e1b-b710-86bcd5f90849	14	98909892	104311398	2949	0.0791
929c8b09-faad-4e1b-b710-86bcd5f90849	14	104311687	104655857	135	0.2403
929c8b09-faad-4e1b-b710-86bcd5f90849	14	104657063	105542308	254	0.0841
929c8b09-faad-4e1b-b710-86bcd5f90849	14	105544971	106016256	117	0.3101
929c8b09-faad-4e1b-b710-86bcd5f90849	14	106030809	106321086	113	0.1392
929c8b09-faad-4e1b-b710-86bcd5f90849	14	106340102	106346129	7	-0.5741
929c8b09-faad-4e1b-b710-86bcd5f90849	14	106360014	106418444	31	0.2722
929c8b09-faad-4e1b-b710-86bcd5f90849	14	106423925	106462183	48	-0.4033
929c8b09-faad-4e1b-b710-86bcd5f90849	14	106462724	106877229	195	0.1373
929c8b09-faad-4e1b-b710-86bcd5f90849	15	19811075	19998708	44	-0.2002
929c8b09-faad-4e1b-b710-86bcd5f90849	15	20001686	20372908	43	0.1602
929c8b09-faad-4e1b-b710-86bcd5f90849	15	20373168	20670989	64	-0.0674
929c8b09-faad-4e1b-b710-86bcd5f90849	15	20981071	21417107	24	0.4648
929c8b09-faad-4e1b-b710-86bcd5f90849	15	21975606	22003073	4	1.8451
929c8b09-faad-4e1b-b710-86bcd5f90849	15	22005276	22283167	21	0.164
929c8b09-faad-4e1b-b710-86bcd5f90849	15	22283807	22296480	4	-0.7894
929c8b09-faad-4e1b-b710-86bcd5f90849	15	22299009	23088732	284	0.2249
929c8b09-faad-4e1b-b710-86bcd5f90849	15	23088950	27774674	3179	0.1046
929c8b09-faad-4e1b-b710-86bcd5f90849	15	27783614	30284526	1181	0.1863
929c8b09-faad-4e1b-b710-86bcd5f90849	15	30291233	30503586	15	0.0215
929c8b09-faad-4e1b-b710-86bcd5f90849	15	30515739	30595753	2	-1.8079
929c8b09-faad-4e1b-b710-86bcd5f90849	15	30608675	34421922	2565	0.1085
929c8b09-faad-4e1b-b710-86bcd5f90849	15	34430601	34431375	3	-1.2482
929c8b09-faad-4e1b-b710-86bcd5f90849	15	34434971	34447720	11	0.5699
929c8b09-faad-4e1b-b710-86bcd5f90849	15	34453518	34453577	2	-2.2991
929c8b09-faad-4e1b-b710-86bcd5f90849	15	34454261	53902792	11982	0.1045
929c8b09-faad-4e1b-b710-86bcd5f90849	15	53908153	53909163	2	-3.2473
929c8b09-faad-4e1b-b710-86bcd5f90849	15	53912031	76586021	14493	0.1002
929c8b09-faad-4e1b-b710-86bcd5f90849	15	76598900	76603434	22	-1.9053
929c8b09-faad-4e1b-b710-86bcd5f90849	15	76609838	83874498	4417	0.1288
929c8b09-faad-4e1b-b710-86bcd5f90849	15	83874650	83878795	5	-0.9493
929c8b09-faad-4e1b-b710-86bcd5f90849	15	83879115	93238965	6618	0.1569
929c8b09-faad-4e1b-b710-86bcd5f90849	15	93239586	93365291	163	0.2925
929c8b09-faad-4e1b-b710-86bcd5f90849	15	93366464	97274562	2982	0.153
929c8b09-faad-4e1b-b710-86bcd5f90849	15	97274628	97288957	10	-0.7671
929c8b09-faad-4e1b-b710-86bcd5f90849	15	97290419	99872475	1850	0.1525
929c8b09-faad-4e1b-b710-86bcd5f90849	15	99873378	100530258	554	0.2296
929c8b09-faad-4e1b-b710-86bcd5f90849	15	100531513	101107632	434	0.1374
929c8b09-faad-4e1b-b710-86bcd5f90849	15	101108761	101614278	427	0.2588
929c8b09-faad-4e1b-b710-86bcd5f90849	15	101614328	101888834	154	0.1592
929c8b09-faad-4e1b-b710-86bcd5f90849	15	101888850	101928837	7	-0.4535
929c8b09-faad-4e1b-b710-86bcd5f90849	16	10777	1505082	478	0.3667
929c8b09-faad-4e1b-b710-86bcd5f90849	16	1509837	7290428	4305	0.2574
929c8b09-faad-4e1b-b710-86bcd5f90849	16	7290453	7290469	2	-1.1419
929c8b09-faad-4e1b-b710-86bcd5f90849	16	7290761	11814939	4080	0.2329
929c8b09-faad-4e1b-b710-86bcd5f90849	16	11818418	11868489	25	0.6144
929c8b09-faad-4e1b-b710-86bcd5f90849	16	11868601	12555002	526	0.2291
929c8b09-faad-4e1b-b710-86bcd5f90849	16	12555121	12555138	2	1.8293
929c8b09-faad-4e1b-b710-86bcd5f90849	16	12556390	14335636	1523	0.2156
929c8b09-faad-4e1b-b710-86bcd5f90849	16	14337428	18104860	1824	0.3182
929c8b09-faad-4e1b-b710-86bcd5f90849	16	18134261	18144432	2	-1.7421
929c8b09-faad-4e1b-b710-86bcd5f90849	16	18148869	19121842	210	0.277
929c8b09-faad-4e1b-b710-86bcd5f90849	16	19122553	78179858	28107	-0.1844
929c8b09-faad-4e1b-b710-86bcd5f90849	16	78183310	78339867	157	-0.3805
929c8b09-faad-4e1b-b710-86bcd5f90849	16	78339920	78350868	11	0.2839
929c8b09-faad-4e1b-b710-86bcd5f90849	16	78351104	78511451	243	-0.3173
929c8b09-faad-4e1b-b710-86bcd5f90849	16	78511787	79036556	716	-0.2024
929c8b09-faad-4e1b-b710-86bcd5f90849	16	79036604	79036790	2	-1.6261
929c8b09-faad-4e1b-b710-86bcd5f90849	16	79037455	84019057	5397	-0.194
929c8b09-faad-4e1b-b710-86bcd5f90849	16	84022882	84900412	790	-0.0627
929c8b09-faad-4e1b-b710-86bcd5f90849	16	84903681	85882175	640	-0.1832
929c8b09-faad-4e1b-b710-86bcd5f90849	16	85885449	85886006	4	-0.9816
929c8b09-faad-4e1b-b710-86bcd5f90849	16	85886874	86119821	290	-0.1376
929c8b09-faad-4e1b-b710-86bcd5f90849	16	86120258	86123909	4	0.6006
929c8b09-faad-4e1b-b710-86bcd5f90849	16	86125244	86242250	100	-0.2321
929c8b09-faad-4e1b-b710-86bcd5f90849	16	86242913	86258609	62	0.0389
929c8b09-faad-4e1b-b710-86bcd5f90849	16	86258687	88337138	1639	-0.2062
929c8b09-faad-4e1b-b710-86bcd5f90849	16	88341547	90051711	702	-0.0304
929c8b09-faad-4e1b-b710-86bcd5f90849	16	90051872	90096262	29	-0.254
929c8b09-faad-4e1b-b710-86bcd5f90849	16	90096352	90096867	2	0.5838
929c8b09-faad-4e1b-b710-86bcd5f90849	17	150733	1250564	556	-0.0695
929c8b09-faad-4e1b-b710-86bcd5f90849	17	1250730	18455632	10842	-0.2077
929c8b09-faad-4e1b-b710-86bcd5f90849	17	18455635	18561907	25	-0.6188
929c8b09-faad-4e1b-b710-86bcd5f90849	17	18565883	22728514	1476	-0.1797
929c8b09-faad-4e1b-b710-86bcd5f90849	17	22736323	31377103	2013	0.102
929c8b09-faad-4e1b-b710-86bcd5f90849	17	31381137	33634367	1513	-0.0308
929c8b09-faad-4e1b-b710-86bcd5f90849	17	33636853	34609520	929	0.0629
929c8b09-faad-4e1b-b710-86bcd5f90849	17	34611015	36109735	908	-0.0321
929c8b09-faad-4e1b-b710-86bcd5f90849	17	36112585	36157718	34	0.4804
929c8b09-faad-4e1b-b710-86bcd5f90849	17	36200725	36528552	78	0.144
929c8b09-faad-4e1b-b710-86bcd5f90849	17	36528656	41237517	2437	-0.0111
929c8b09-faad-4e1b-b710-86bcd5f90849	17	41239604	41265456	12	0.3542
929c8b09-faad-4e1b-b710-86bcd5f90849	17	41266762	41274279	24	-0.7169
929c8b09-faad-4e1b-b710-86bcd5f90849	17	41276472	45688586	2214	0.0022
929c8b09-faad-4e1b-b710-86bcd5f90849	17	45690265	46033304	242	0.1271
929c8b09-faad-4e1b-b710-86bcd5f90849	17	46034461	46124072	72	-0.0212
929c8b09-faad-4e1b-b710-86bcd5f90849	17	46124088	46351954	98	-0.2451
929c8b09-faad-4e1b-b710-86bcd5f90849	17	46446345	46446360	2	1.7955
929c8b09-faad-4e1b-b710-86bcd5f90849	17	46569894	73384872	16464	-0.0151
929c8b09-faad-4e1b-b710-86bcd5f90849	17	73387429	73909337	411	0.0497
929c8b09-faad-4e1b-b710-86bcd5f90849	17	73911644	74706388	507	0.1882
929c8b09-faad-4e1b-b710-86bcd5f90849	17	74710490	79245925	2449	0.05
929c8b09-faad-4e1b-b710-86bcd5f90849	17	79246197	79250308	7	-0.7351
929c8b09-faad-4e1b-b710-86bcd5f90849	17	79250962	80270438	555	0.0537
929c8b09-faad-4e1b-b710-86bcd5f90849	17	80270525	80357445	45	0.2637
929c8b09-faad-4e1b-b710-86bcd5f90849	17	80357954	80622528	159	-0.0064
929c8b09-faad-4e1b-b710-86bcd5f90849	17	80627616	80713561	55	0.1905
929c8b09-faad-4e1b-b710-86bcd5f90849	17	80714303	81139641	202	0.0171
929c8b09-faad-4e1b-b710-86bcd5f90849	17	81154966	81155301	5	-2.1542
929c8b09-faad-4e1b-b710-86bcd5f90849	17	81158113	83091923	714	0.0802
929c8b09-faad-4e1b-b710-86bcd5f90849	18	48133	6132044	4372	0.1558
929c8b09-faad-4e1b-b710-86bcd5f90849	18	6132507	6204227	49	0.4853
929c8b09-faad-4e1b-b710-86bcd5f90849	18	6204990	10029874	2900	0.1165
929c8b09-faad-4e1b-b710-86bcd5f90849	18	10029948	10072655	58	-0.1807
929c8b09-faad-4e1b-b710-86bcd5f90849	18	10072826	15401764	3032	0.1185
929c8b09-faad-4e1b-b710-86bcd5f90849	18	15402409	24072601	1614	0.3691
929c8b09-faad-4e1b-b710-86bcd5f90849	18	24073200	24242418	120	0.5533
929c8b09-faad-4e1b-b710-86bcd5f90849	18	24245447	24343671	70	0.3144
929c8b09-faad-4e1b-b710-86bcd5f90849	18	24344694	24657550	253	0.0611
929c8b09-faad-4e1b-b710-86bcd5f90849	18	24657872	25624136	678	0.3097
929c8b09-faad-4e1b-b710-86bcd5f90849	18	25624167	25825462	131	0.5474
929c8b09-faad-4e1b-b710-86bcd5f90849	18	25825725	25909713	68	0.3171
929c8b09-faad-4e1b-b710-86bcd5f90849	18	25920954	27328952	909	0.0874
929c8b09-faad-4e1b-b710-86bcd5f90849	18	27330370	27574476	138	-0.2123
929c8b09-faad-4e1b-b710-86bcd5f90849	18	27574551	27693434	94	0.0815
929c8b09-faad-4e1b-b710-86bcd5f90849	18	27699705	28280721	384	0.3408
929c8b09-faad-4e1b-b710-86bcd5f90849	18	28281248	28644629	225	0.0888
929c8b09-faad-4e1b-b710-86bcd5f90849	18	28645001	30784801	1275	-0.1788
929c8b09-faad-4e1b-b710-86bcd5f90849	18	30785312	30795029	12	0.3016
929c8b09-faad-4e1b-b710-86bcd5f90849	18	30795558	32611474	1268	0.1477
929c8b09-faad-4e1b-b710-86bcd5f90849	18	32613589	32836937	173	-0.2223
929c8b09-faad-4e1b-b710-86bcd5f90849	18	32842724	33048673	110	0.401
929c8b09-faad-4e1b-b710-86bcd5f90849	18	33049312	33438437	231	-0.2024
929c8b09-faad-4e1b-b710-86bcd5f90849	18	33443488	33504871	54	0.1845
929c8b09-faad-4e1b-b710-86bcd5f90849	18	33505140	33625225	59	-0.2616
929c8b09-faad-4e1b-b710-86bcd5f90849	18	33626416	35475181	1056	0.4172
929c8b09-faad-4e1b-b710-86bcd5f90849	18	35480279	42471713	4699	-0.1855
929c8b09-faad-4e1b-b710-86bcd5f90849	18	42476604	42477802	25	-0.8939
929c8b09-faad-4e1b-b710-86bcd5f90849	18	42478430	53740772	7739	-0.1736
929c8b09-faad-4e1b-b710-86bcd5f90849	18	53740823	53740840	2	-1.3706
929c8b09-faad-4e1b-b710-86bcd5f90849	18	53740980	53997831	161	-0.19
929c8b09-faad-4e1b-b710-86bcd5f90849	18	53998472	53998782	3	-3.0502
929c8b09-faad-4e1b-b710-86bcd5f90849	18	54001998	72498145	13042	-0.2009
929c8b09-faad-4e1b-b710-86bcd5f90849	18	72506760	72888164	333	0.0826
929c8b09-faad-4e1b-b710-86bcd5f90849	18	72893711	72899785	3	-1.058
929c8b09-faad-4e1b-b710-86bcd5f90849	18	72900015	74546289	1402	0.1137
929c8b09-faad-4e1b-b710-86bcd5f90849	18	74556752	75834967	980	-0.1855
929c8b09-faad-4e1b-b710-86bcd5f90849	18	75842559	79283071	2576	0.0733
929c8b09-faad-4e1b-b710-86bcd5f90849	18	79283285	80164702	409	-0.1193
929c8b09-faad-4e1b-b710-86bcd5f90849	18	80165310	80210509	28	0.3819
929c8b09-faad-4e1b-b710-86bcd5f90849	18	80211310	80257174	25	-0.056
929c8b09-faad-4e1b-b710-86bcd5f90849	19	90910	255578	4	0.3321
929c8b09-faad-4e1b-b710-86bcd5f90849	19	255830	827049	155	-0.1149
929c8b09-faad-4e1b-b710-86bcd5f90849	19	827975	916737	17	0.1807
929c8b09-faad-4e1b-b710-86bcd5f90849	19	931521	4514457	1013	-0.1771
929c8b09-faad-4e1b-b710-86bcd5f90849	19	4521613	4570568	16	0.1834
929c8b09-faad-4e1b-b710-86bcd5f90849	19	4570783	4572801	2	-1.8831
929c8b09-faad-4e1b-b710-86bcd5f90849	19	4573626	5506648	387	-0.1596
929c8b09-faad-4e1b-b710-86bcd5f90849	19	5510228	5510642	3	-2.1454
929c8b09-faad-4e1b-b710-86bcd5f90849	19	5510689	42835368	18846	-0.1844
929c8b09-faad-4e1b-b710-86bcd5f90849	19	42835801	43099219	111	-0.8078
929c8b09-faad-4e1b-b710-86bcd5f90849	19	43103053	43209225	54	-0.1704
929c8b09-faad-4e1b-b710-86bcd5f90849	19	43209582	43262507	17	-0.6266
929c8b09-faad-4e1b-b710-86bcd5f90849	19	43262860	49915478	3187	-0.1781
929c8b09-faad-4e1b-b710-86bcd5f90849	19	49918774	50088857	118	0.0045
929c8b09-faad-4e1b-b710-86bcd5f90849	19	50088867	51202356	527	-0.1867
929c8b09-faad-4e1b-b710-86bcd5f90849	19	51205136	51628560	315	-0.0693
929c8b09-faad-4e1b-b710-86bcd5f90849	19	51639099	51644944	11	-1.2612
929c8b09-faad-4e1b-b710-86bcd5f90849	19	51651652	53601925	1387	-0.0553
929c8b09-faad-4e1b-b710-86bcd5f90849	19	53602048	53831125	153	0.1085
929c8b09-faad-4e1b-b710-86bcd5f90849	19	53834788	54801157	487	-0.0477
929c8b09-faad-4e1b-b710-86bcd5f90849	19	54801545	54802362	2	-1.7801
929c8b09-faad-4e1b-b710-86bcd5f90849	19	54802832	54862363	27	0.1639
929c8b09-faad-4e1b-b710-86bcd5f90849	19	54866553	58389073	2194	-0.058
929c8b09-faad-4e1b-b710-86bcd5f90849	19	58389165	58586487	85	0.1001
929c8b09-faad-4e1b-b710-86bcd5f90849	20	80664	289049	166	0.7009
929c8b09-faad-4e1b-b710-86bcd5f90849	20	289062	427609	81	0.3746
929c8b09-faad-4e1b-b710-86bcd5f90849	20	429621	864479	356	0.6339
929c8b09-faad-4e1b-b710-86bcd5f90849	20	865191	1348099	361	0.329
929c8b09-faad-4e1b-b710-86bcd5f90849	20	1354379	1571811	218	0.5746
929c8b09-faad-4e1b-b710-86bcd5f90849	20	1576544	1580934	22	-1.0173
929c8b09-faad-4e1b-b710-86bcd5f90849	20	1581021	1601561	35	-0.1107
929c8b09-faad-4e1b-b710-86bcd5f90849	20	1609611	1613247	5	1.6759
929c8b09-faad-4e1b-b710-86bcd5f90849	20	1617300	1858451	212	0.476
929c8b09-faad-4e1b-b710-86bcd5f90849	20	1858638	2529996	592	0.6197
929c8b09-faad-4e1b-b710-86bcd5f90849	20	2532963	8357974	4232	0.2867
929c8b09-faad-4e1b-b710-86bcd5f90849	20	8361556	8936311	517	0.6138
929c8b09-faad-4e1b-b710-86bcd5f90849	20	8937551	9265847	260	0.9272
929c8b09-faad-4e1b-b710-86bcd5f90849	20	9267973	13873927	3584	0.6109
929c8b09-faad-4e1b-b710-86bcd5f90849	20	13874181	14814970	537	0.281
929c8b09-faad-4e1b-b710-86bcd5f90849	20	14814983	15163622	342	0.0666
929c8b09-faad-4e1b-b710-86bcd5f90849	20	15164030	15164117	2	1.1962
929c8b09-faad-4e1b-b710-86bcd5f90849	20	15170084	17536286	2251	0.0454
929c8b09-faad-4e1b-b710-86bcd5f90849	20	17537458	18135729	428	0.4954
929c8b09-faad-4e1b-b710-86bcd5f90849	20	18138763	21388869	2533	0.0359
929c8b09-faad-4e1b-b710-86bcd5f90849	20	21402263	21897581	273	-0.6742
929c8b09-faad-4e1b-b710-86bcd5f90849	20	21899823	24592166	2140	-0.0192
929c8b09-faad-4e1b-b710-86bcd5f90849	20	24593737	26324943	873	0.4324
929c8b09-faad-4e1b-b710-86bcd5f90849	20	30185676	30364187	35	0.0949
929c8b09-faad-4e1b-b710-86bcd5f90849	20	30367103	34772851	1727	-0.1515
929c8b09-faad-4e1b-b710-86bcd5f90849	20	34779597	36145652	670	0.3123
929c8b09-faad-4e1b-b710-86bcd5f90849	20	36154103	36266402	47	-0.1726
929c8b09-faad-4e1b-b710-86bcd5f90849	20	36272410	43920070	5274	0.2561
929c8b09-faad-4e1b-b710-86bcd5f90849	20	43920176	43945328	29	0.3134
929c8b09-faad-4e1b-b710-86bcd5f90849	20	43945722	44553756	422	0.5453
929c8b09-faad-4e1b-b710-86bcd5f90849	20	44559205	44708514	89	0.3575
929c8b09-faad-4e1b-b710-86bcd5f90849	20	44708898	47210081	1814	0.2781
929c8b09-faad-4e1b-b710-86bcd5f90849	20	47212273	47424753	86	0.6094
929c8b09-faad-4e1b-b710-86bcd5f90849	20	47432355	50111443	1775	0.2865
929c8b09-faad-4e1b-b710-86bcd5f90849	20	50115885	50316265	121	0.664
929c8b09-faad-4e1b-b710-86bcd5f90849	20	50316455	50632339	308	0.4037
929c8b09-faad-4e1b-b710-86bcd5f90849	20	50639287	52975018	1654	0.273
929c8b09-faad-4e1b-b710-86bcd5f90849	20	52979977	53267082	258	0.4886
929c8b09-faad-4e1b-b710-86bcd5f90849	20	53268037	53429138	135	0.2945
929c8b09-faad-4e1b-b710-86bcd5f90849	20	53431822	53630067	113	0.7306
929c8b09-faad-4e1b-b710-86bcd5f90849	20	53630107	61783213	6728	0.3587
929c8b09-faad-4e1b-b710-86bcd5f90849	20	61789636	62864183	511	0.6882
929c8b09-faad-4e1b-b710-86bcd5f90849	20	62864632	63280480	175	0.8701
929c8b09-faad-4e1b-b710-86bcd5f90849	20	63285889	63524700	63	0.6148
929c8b09-faad-4e1b-b710-86bcd5f90849	20	63526293	63787586	121	1.0002
929c8b09-faad-4e1b-b710-86bcd5f90849	20	63798885	64324800	213	0.3338
929c8b09-faad-4e1b-b710-86bcd5f90849	21	10354168	10536351	32	-0.0373
929c8b09-faad-4e1b-b710-86bcd5f90849	21	10540891	13160062	76	0.2058
929c8b09-faad-4e1b-b710-86bcd5f90849	21	13160229	43205491	22008	-0.1893
929c8b09-faad-4e1b-b710-86bcd5f90849	21	43264710	43373304	73	0.0828
929c8b09-faad-4e1b-b710-86bcd5f90849	21	43373568	46677045	1676	-0.1608
929c8b09-faad-4e1b-b710-86bcd5f90849	22	15294547	15696762	19	-0.2571
929c8b09-faad-4e1b-b710-86bcd5f90849	22	15729257	16479663	41	0.2673
929c8b09-faad-4e1b-b710-86bcd5f90849	22	16538870	16543933	5	-0.3635
929c8b09-faad-4e1b-b710-86bcd5f90849	22	16545152	18134748	1042	0.2702
929c8b09-faad-4e1b-b710-86bcd5f90849	22	18138194	18142004	3	1.0285
929c8b09-faad-4e1b-b710-86bcd5f90849	22	18143362	18146261	7	-1.0058
929c8b09-faad-4e1b-b710-86bcd5f90849	22	18146386	18620743	17	0.2962
929c8b09-faad-4e1b-b710-86bcd5f90849	22	18649244	18783014	4	-1.6748
929c8b09-faad-4e1b-b710-86bcd5f90849	22	18818348	22092478	1950	0.3828
929c8b09-faad-4e1b-b710-86bcd5f90849	22	22092496	24009046	1321	-0.1103
929c8b09-faad-4e1b-b710-86bcd5f90849	22	24009061	25245058	789	-0.1963
929c8b09-faad-4e1b-b710-86bcd5f90849	22	25245198	25540332	324	-0.0769
929c8b09-faad-4e1b-b710-86bcd5f90849	22	25540390	38947287	9710	-0.2176
929c8b09-faad-4e1b-b710-86bcd5f90849	22	38947468	39056162	57	0.0688
929c8b09-faad-4e1b-b710-86bcd5f90849	22	39063986	40397256	671	-0.2081
929c8b09-faad-4e1b-b710-86bcd5f90849	22	40398586	40398816	2	-1.4939
929c8b09-faad-4e1b-b710-86bcd5f90849	22	40401668	42308045	1086	-0.2054
929c8b09-faad-4e1b-b710-86bcd5f90849	22	42308534	42721634	222	-0.0919
929c8b09-faad-4e1b-b710-86bcd5f90849	22	42728234	49008890	4883	-0.224
929c8b09-faad-4e1b-b710-86bcd5f90849	22	49009619	50796027	1123	-0.1012
929c8b09-faad-4e1b-b710-86bcd5f90849	X	251810	4125343	915	-0.005
929c8b09-faad-4e1b-b710-86bcd5f90849	X	4125937	4128902	4	-1.5284
929c8b09-faad-4e1b-b710-86bcd5f90849	X	4130583	7333391	2598	-0.0217
929c8b09-faad-4e1b-b710-86bcd5f90849	X	7334635	7969978	499	-0.8736
929c8b09-faad-4e1b-b710-86bcd5f90849	X	7970635	47933585	24895	-0.0095
929c8b09-faad-4e1b-b710-86bcd5f90849	X	47933652	47935686	2	-4.4464
929c8b09-faad-4e1b-b710-86bcd5f90849	X	47939894	121625468	34528	0.0149
929c8b09-faad-4e1b-b710-86bcd5f90849	X	121626426	121629402	2	2.5486
929c8b09-faad-4e1b-b710-86bcd5f90849	X	121629577	125709297	2504	0.0278
929c8b09-faad-4e1b-b710-86bcd5f90849	X	125710316	125778449	29	0.6619
929c8b09-faad-4e1b-b710-86bcd5f90849	X	125778743	127302965	870	-0.0156
929c8b09-faad-4e1b-b710-86bcd5f90849	X	127311345	127311977	2	-4.2431
929c8b09-faad-4e1b-b710-86bcd5f90849	X	127312019	128122035	502	0.0037
929c8b09-faad-4e1b-b710-86bcd5f90849	X	128128593	128750925	283	-0.3128
929c8b09-faad-4e1b-b710-86bcd5f90849	X	128751132	149149598	12419	0.0239
929c8b09-faad-4e1b-b710-86bcd5f90849	X	149154312	149550633	258	-0.2454
929c8b09-faad-4e1b-b710-86bcd5f90849	X	149563013	151124426	919	0.046
929c8b09-faad-4e1b-b710-86bcd5f90849	X	151125462	151126987	2	-1.7262
929c8b09-faad-4e1b-b710-86bcd5f90849	X	151128083	151870250	539	0.0382
929c8b09-faad-4e1b-b710-86bcd5f90849	X	151872549	151873772	4	-1.9246
929c8b09-faad-4e1b-b710-86bcd5f90849	X	151874334	152819409	489	0.0595
929c8b09-faad-4e1b-b710-86bcd5f90849	X	152819883	153457180	422	0.1672
929c8b09-faad-4e1b-b710-86bcd5f90849	X	153457452	153558270	37	-0.0341
929c8b09-faad-4e1b-b710-86bcd5f90849	X	153559975	153565590	9	0.636
929c8b09-faad-4e1b-b710-86bcd5f90849	X	153568278	154334108	278	-0.0108
929c8b09-faad-4e1b-b710-86bcd5f90849	X	154334428	154360244	34	0.4337
929c8b09-faad-4e1b-b710-86bcd5f90849	X	154365810	155952689	550	0.0565
929c8b09-faad-4e1b-b710-86bcd5f90849	Y	2782397	56872112	6633	-1.4779
