GDC_Aliquot	Chromosome	Start	End	Num_Probes	Segment_Mean
79d30e38-fc4d-4dbf-b1cb-eda9ac16d82b	1	62920	259407	14	-0.345
79d30e38-fc4d-4dbf-b1cb-eda9ac16d82b	1	259422	16570326	8636	0.0286
79d30e38-fc4d-4dbf-b1cb-eda9ac16d82b	1	16583114	16689764	33	-0.2988
79d30e38-fc4d-4dbf-b1cb-eda9ac16d82b	1	16718963	16766762	7	0.3792
79d30e38-fc4d-4dbf-b1cb-eda9ac16d82b	1	16766922	16863509	14	-0.2069
79d30e38-fc4d-4dbf-b1cb-eda9ac16d82b	1	16864367	16951445	56	0.314
79d30e38-fc4d-4dbf-b1cb-eda9ac16d82b	1	16955930	45552952	16351	0.0299
79d30e38-fc4d-4dbf-b1cb-eda9ac16d82b	1	45555044	46467225	405	-0.5969
79d30e38-fc4d-4dbf-b1cb-eda9ac16d82b	1	46468457	95689620	32477	0.0322
79d30e38-fc4d-4dbf-b1cb-eda9ac16d82b	1	95690160	95690660	3	-1.2104
79d30e38-fc4d-4dbf-b1cb-eda9ac16d82b	1	95690821	105476583	5756	0.0339
79d30e38-fc4d-4dbf-b1cb-eda9ac16d82b	1	105476614	105479753	16	-1.6811
79d30e38-fc4d-4dbf-b1cb-eda9ac16d82b	1	105481433	109684893	2635	0.0471
79d30e38-fc4d-4dbf-b1cb-eda9ac16d82b	1	109690352	109697556	13	1.2892
79d30e38-fc4d-4dbf-b1cb-eda9ac16d82b	1	109702376	110833598	836	0.0514
79d30e38-fc4d-4dbf-b1cb-eda9ac16d82b	1	110834746	110845604	39	-0.5473
79d30e38-fc4d-4dbf-b1cb-eda9ac16d82b	1	110849445	111329509	399	0.0661
79d30e38-fc4d-4dbf-b1cb-eda9ac16d82b	1	111331466	112153343	669	-0.7017
79d30e38-fc4d-4dbf-b1cb-eda9ac16d82b	1	112153465	112166639	40	-0.2012
79d30e38-fc4d-4dbf-b1cb-eda9ac16d82b	1	112166663	113855177	985	-0.6478
79d30e38-fc4d-4dbf-b1cb-eda9ac16d82b	1	113856608	114343215	371	0.0407
79d30e38-fc4d-4dbf-b1cb-eda9ac16d82b	1	114345790	115726406	867	-0.6767
79d30e38-fc4d-4dbf-b1cb-eda9ac16d82b	1	115727705	117546467	1225	0.0358
79d30e38-fc4d-4dbf-b1cb-eda9ac16d82b	1	117547500	119264105	995	-0.6613
79d30e38-fc4d-4dbf-b1cb-eda9ac16d82b	1	119267783	158989785	7045	0.0413
79d30e38-fc4d-4dbf-b1cb-eda9ac16d82b	1	158992249	158993006	2	-3.1634
79d30e38-fc4d-4dbf-b1cb-eda9ac16d82b	1	158997074	189279873	20768	0.0325
79d30e38-fc4d-4dbf-b1cb-eda9ac16d82b	1	189280437	189551118	164	0.1784
79d30e38-fc4d-4dbf-b1cb-eda9ac16d82b	1	189551375	195342751	3914	0.0427
79d30e38-fc4d-4dbf-b1cb-eda9ac16d82b	1	195344735	195407267	37	0.3879
79d30e38-fc4d-4dbf-b1cb-eda9ac16d82b	1	195407805	196778780	901	0.0302
79d30e38-fc4d-4dbf-b1cb-eda9ac16d82b	1	196778912	196846661	42	-0.4088
79d30e38-fc4d-4dbf-b1cb-eda9ac16d82b	1	196847600	222193326	17383	0.036
79d30e38-fc4d-4dbf-b1cb-eda9ac16d82b	1	222201492	222203662	2	-3.0188
79d30e38-fc4d-4dbf-b1cb-eda9ac16d82b	1	222208792	248930189	18401	0.0376
79d30e38-fc4d-4dbf-b1cb-eda9ac16d82b	2	12784	1666459	1089	0.0354
79d30e38-fc4d-4dbf-b1cb-eda9ac16d82b	2	1669155	1672309	2	-1.3883
79d30e38-fc4d-4dbf-b1cb-eda9ac16d82b	2	1672921	4155990	1895	0.0317
79d30e38-fc4d-4dbf-b1cb-eda9ac16d82b	2	4158097	4174231	29	0.4558
79d30e38-fc4d-4dbf-b1cb-eda9ac16d82b	2	4174418	32390773	19547	0.0362
79d30e38-fc4d-4dbf-b1cb-eda9ac16d82b	2	32393035	32509219	59	0.2826
79d30e38-fc4d-4dbf-b1cb-eda9ac16d82b	2	32510766	34466002	1457	0.0353
79d30e38-fc4d-4dbf-b1cb-eda9ac16d82b	2	34474248	34511990	46	-0.425
79d30e38-fc4d-4dbf-b1cb-eda9ac16d82b	2	34512096	42474144	5978	0.0463
79d30e38-fc4d-4dbf-b1cb-eda9ac16d82b	2	42479707	46724353	3140	0.003
79d30e38-fc4d-4dbf-b1cb-eda9ac16d82b	2	46724783	50763901	2692	0.0349
79d30e38-fc4d-4dbf-b1cb-eda9ac16d82b	2	50764104	51136230	248	0.1701
79d30e38-fc4d-4dbf-b1cb-eda9ac16d82b	2	51136261	52527590	944	0.0638
79d30e38-fc4d-4dbf-b1cb-eda9ac16d82b	2	52527727	52554404	35	0.5903
79d30e38-fc4d-4dbf-b1cb-eda9ac16d82b	2	52560811	242147305	112275	0.0361
79d30e38-fc4d-4dbf-b1cb-eda9ac16d82b	3	20930	1907467	1710	0.0945
79d30e38-fc4d-4dbf-b1cb-eda9ac16d82b	3	1907543	11066468	7663	0.0433
79d30e38-fc4d-4dbf-b1cb-eda9ac16d82b	3	11069122	11083241	8	-0.9112
79d30e38-fc4d-4dbf-b1cb-eda9ac16d82b	3	11086063	16197556	3505	0.0296
79d30e38-fc4d-4dbf-b1cb-eda9ac16d82b	3	16199049	16199877	8	-0.7691
79d30e38-fc4d-4dbf-b1cb-eda9ac16d82b	3	16202089	29395914	9022	0.0463
79d30e38-fc4d-4dbf-b1cb-eda9ac16d82b	3	29396150	29397082	5	-1.1098
79d30e38-fc4d-4dbf-b1cb-eda9ac16d82b	3	29397969	31461468	1606	0.0417
79d30e38-fc4d-4dbf-b1cb-eda9ac16d82b	3	31461540	31468504	7	-0.7945
79d30e38-fc4d-4dbf-b1cb-eda9ac16d82b	3	31469182	52997720	12167	0.0317
79d30e38-fc4d-4dbf-b1cb-eda9ac16d82b	3	52997734	53004572	26	0.4261
79d30e38-fc4d-4dbf-b1cb-eda9ac16d82b	3	53004621	68697013	12036	0.0378
79d30e38-fc4d-4dbf-b1cb-eda9ac16d82b	3	68697108	68698262	14	-1.2267
79d30e38-fc4d-4dbf-b1cb-eda9ac16d82b	3	68699607	85411503	10364	0.0273
79d30e38-fc4d-4dbf-b1cb-eda9ac16d82b	3	85411781	85581008	105	0.2141
79d30e38-fc4d-4dbf-b1cb-eda9ac16d82b	3	85589241	89620865	2320	0.0389
79d30e38-fc4d-4dbf-b1cb-eda9ac16d82b	3	89622183	89629449	9	-0.7424
79d30e38-fc4d-4dbf-b1cb-eda9ac16d82b	3	89636157	99218940	3104	0.032
79d30e38-fc4d-4dbf-b1cb-eda9ac16d82b	3	99225614	99230577	38	-0.3757
79d30e38-fc4d-4dbf-b1cb-eda9ac16d82b	3	99232120	100760540	830	0.0539
79d30e38-fc4d-4dbf-b1cb-eda9ac16d82b	3	100760583	100764216	3	-1.0849
79d30e38-fc4d-4dbf-b1cb-eda9ac16d82b	3	100766522	119012086	11414	0.035
79d30e38-fc4d-4dbf-b1cb-eda9ac16d82b	3	119014263	119101810	44	0.8631
79d30e38-fc4d-4dbf-b1cb-eda9ac16d82b	3	119107036	126915645	4678	0.0271
79d30e38-fc4d-4dbf-b1cb-eda9ac16d82b	3	126917513	126924666	4	-1.4497
79d30e38-fc4d-4dbf-b1cb-eda9ac16d82b	3	126926465	136300257	5784	0.0295
79d30e38-fc4d-4dbf-b1cb-eda9ac16d82b	3	136304109	136306584	2	-1.416
79d30e38-fc4d-4dbf-b1cb-eda9ac16d82b	3	136319699	143372552	4185	0.0317
79d30e38-fc4d-4dbf-b1cb-eda9ac16d82b	3	143375075	143376099	4	-0.9825
79d30e38-fc4d-4dbf-b1cb-eda9ac16d82b	3	143378606	146668345	2173	0.0299
79d30e38-fc4d-4dbf-b1cb-eda9ac16d82b	3	146674197	147719227	558	0.1247
79d30e38-fc4d-4dbf-b1cb-eda9ac16d82b	3	147719398	162790390	9305	0.0366
79d30e38-fc4d-4dbf-b1cb-eda9ac16d82b	3	162790404	162803704	12	0.6112
79d30e38-fc4d-4dbf-b1cb-eda9ac16d82b	3	162803835	162815162	6	-0.0487
79d30e38-fc4d-4dbf-b1cb-eda9ac16d82b	3	162816942	162818795	2	-2.111
79d30e38-fc4d-4dbf-b1cb-eda9ac16d82b	3	162819035	175227418	7560	0.0428
79d30e38-fc4d-4dbf-b1cb-eda9ac16d82b	3	175227611	175228220	7	0.9807
79d30e38-fc4d-4dbf-b1cb-eda9ac16d82b	3	175228581	175360729	133	0.0134
79d30e38-fc4d-4dbf-b1cb-eda9ac16d82b	3	175362803	176041258	423	0.1539
79d30e38-fc4d-4dbf-b1cb-eda9ac16d82b	3	176041982	176139019	56	0.0303
79d30e38-fc4d-4dbf-b1cb-eda9ac16d82b	3	176139608	176156024	15	-0.2465
79d30e38-fc4d-4dbf-b1cb-eda9ac16d82b	3	176156146	176165961	6	0.1951
79d30e38-fc4d-4dbf-b1cb-eda9ac16d82b	3	176170271	176196691	34	-0.7576
79d30e38-fc4d-4dbf-b1cb-eda9ac16d82b	3	176198433	193678743	11325	0.0419
79d30e38-fc4d-4dbf-b1cb-eda9ac16d82b	3	193681499	193983246	233	-0.6741
79d30e38-fc4d-4dbf-b1cb-eda9ac16d82b	3	193987666	198169247	2126	0.0411
79d30e38-fc4d-4dbf-b1cb-eda9ac16d82b	4	68929	10222224	5708	0.0338
79d30e38-fc4d-4dbf-b1cb-eda9ac16d82b	4	10227159	10229188	20	0.6309
79d30e38-fc4d-4dbf-b1cb-eda9ac16d82b	4	10229279	25554958	11207	0.0379
79d30e38-fc4d-4dbf-b1cb-eda9ac16d82b	4	25555425	25571497	16	0.5513
79d30e38-fc4d-4dbf-b1cb-eda9ac16d82b	4	25572251	34764149	5743	0.0334
79d30e38-fc4d-4dbf-b1cb-eda9ac16d82b	4	34768684	34823103	47	0.7313
79d30e38-fc4d-4dbf-b1cb-eda9ac16d82b	4	34828250	49214614	8970	0.038
79d30e38-fc4d-4dbf-b1cb-eda9ac16d82b	4	49289175	49289338	2	-1.9889
79d30e38-fc4d-4dbf-b1cb-eda9ac16d82b	4	49295203	63806949	7558	0.0333
79d30e38-fc4d-4dbf-b1cb-eda9ac16d82b	4	63807836	63850713	43	0.3736
79d30e38-fc4d-4dbf-b1cb-eda9ac16d82b	4	63851308	68395346	2854	0.038
79d30e38-fc4d-4dbf-b1cb-eda9ac16d82b	4	68416487	68422424	5	-0.7755
79d30e38-fc4d-4dbf-b1cb-eda9ac16d82b	4	68429081	68620261	77	0.5375
79d30e38-fc4d-4dbf-b1cb-eda9ac16d82b	4	68623617	69252275	309	0.1089
79d30e38-fc4d-4dbf-b1cb-eda9ac16d82b	4	69254604	69420610	86	-0.2828
79d30e38-fc4d-4dbf-b1cb-eda9ac16d82b	4	69421960	87849077	11520	0.0354
79d30e38-fc4d-4dbf-b1cb-eda9ac16d82b	4	87849142	87849248	4	1.1527
79d30e38-fc4d-4dbf-b1cb-eda9ac16d82b	4	87849407	103816683	9448	0.0419
79d30e38-fc4d-4dbf-b1cb-eda9ac16d82b	4	103816743	103839872	37	0.3674
79d30e38-fc4d-4dbf-b1cb-eda9ac16d82b	4	103839885	114252544	6276	0.0367
79d30e38-fc4d-4dbf-b1cb-eda9ac16d82b	4	114254167	114261019	23	-1.1822
79d30e38-fc4d-4dbf-b1cb-eda9ac16d82b	4	114263073	126693229	7467	0.0324
79d30e38-fc4d-4dbf-b1cb-eda9ac16d82b	4	126693393	126699696	3	-1.3301
79d30e38-fc4d-4dbf-b1cb-eda9ac16d82b	4	126699751	126765726	53	-0.0547
79d30e38-fc4d-4dbf-b1cb-eda9ac16d82b	4	126769737	126853830	52	0.2605
79d30e38-fc4d-4dbf-b1cb-eda9ac16d82b	4	126854028	130251039	1926	0.0297
79d30e38-fc4d-4dbf-b1cb-eda9ac16d82b	4	130255165	130328369	26	0.3229
79d30e38-fc4d-4dbf-b1cb-eda9ac16d82b	4	130328481	130959111	377	-0.0098
79d30e38-fc4d-4dbf-b1cb-eda9ac16d82b	4	130959346	131397031	216	0.1473
79d30e38-fc4d-4dbf-b1cb-eda9ac16d82b	4	131398743	134064542	1404	0.0283
79d30e38-fc4d-4dbf-b1cb-eda9ac16d82b	4	134070448	134262939	83	0.2946
79d30e38-fc4d-4dbf-b1cb-eda9ac16d82b	4	134264476	137171085	1626	0.0345
79d30e38-fc4d-4dbf-b1cb-eda9ac16d82b	4	137171266	137172260	13	-0.625
79d30e38-fc4d-4dbf-b1cb-eda9ac16d82b	4	137173804	188300104	32717	0.0384
79d30e38-fc4d-4dbf-b1cb-eda9ac16d82b	4	188300206	188300221	2	-2.3603
79d30e38-fc4d-4dbf-b1cb-eda9ac16d82b	4	188300270	190106768	1144	0.0959
79d30e38-fc4d-4dbf-b1cb-eda9ac16d82b	5	15532	1269250	554	0.0163
79d30e38-fc4d-4dbf-b1cb-eda9ac16d82b	5	1274224	1287425	19	-0.4822
79d30e38-fc4d-4dbf-b1cb-eda9ac16d82b	5	1287588	20451616	14567	0.0383
79d30e38-fc4d-4dbf-b1cb-eda9ac16d82b	5	20455032	20563641	100	0.2402
79d30e38-fc4d-4dbf-b1cb-eda9ac16d82b	5	20563922	21449167	464	0.0331
79d30e38-fc4d-4dbf-b1cb-eda9ac16d82b	5	21451091	21452329	5	-1.2992
79d30e38-fc4d-4dbf-b1cb-eda9ac16d82b	5	21452387	45283793	14620	0.0342
79d30e38-fc4d-4dbf-b1cb-eda9ac16d82b	5	45288697	50825789	615	0.1375
79d30e38-fc4d-4dbf-b1cb-eda9ac16d82b	5	50828231	55431833	3030	0.0343
79d30e38-fc4d-4dbf-b1cb-eda9ac16d82b	5	55433683	58033288	1746	-0.6332
79d30e38-fc4d-4dbf-b1cb-eda9ac16d82b	5	58033703	58037688	27	-0.039
79d30e38-fc4d-4dbf-b1cb-eda9ac16d82b	5	58037706	59826157	1397	-0.6416
79d30e38-fc4d-4dbf-b1cb-eda9ac16d82b	5	59826922	61539934	893	0.0669
79d30e38-fc4d-4dbf-b1cb-eda9ac16d82b	5	61545206	61567460	28	-0.5495
79d30e38-fc4d-4dbf-b1cb-eda9ac16d82b	5	61568839	63296119	1132	0.0162
79d30e38-fc4d-4dbf-b1cb-eda9ac16d82b	5	63296924	63889871	340	0.1339
79d30e38-fc4d-4dbf-b1cb-eda9ac16d82b	5	63893413	84089332	11646	0.0324
79d30e38-fc4d-4dbf-b1cb-eda9ac16d82b	5	84093094	99397007	8398	-0.6121
79d30e38-fc4d-4dbf-b1cb-eda9ac16d82b	5	99397382	100507719	621	-0.4704
79d30e38-fc4d-4dbf-b1cb-eda9ac16d82b	5	100512630	111368020	6687	-0.6022
79d30e38-fc4d-4dbf-b1cb-eda9ac16d82b	5	111379224	118052727	5023	0.0446
79d30e38-fc4d-4dbf-b1cb-eda9ac16d82b	5	118052915	118053390	10	-0.536
79d30e38-fc4d-4dbf-b1cb-eda9ac16d82b	5	118068645	166087203	30651	0.037
79d30e38-fc4d-4dbf-b1cb-eda9ac16d82b	5	166091574	166094793	6	-0.8186
79d30e38-fc4d-4dbf-b1cb-eda9ac16d82b	5	166095549	181363319	10157	0.0277
79d30e38-fc4d-4dbf-b1cb-eda9ac16d82b	6	149661	303121	127	-0.0179
79d30e38-fc4d-4dbf-b1cb-eda9ac16d82b	6	314962	384521	79	-0.3261
79d30e38-fc4d-4dbf-b1cb-eda9ac16d82b	6	384546	29869295	21433	0.0374
79d30e38-fc4d-4dbf-b1cb-eda9ac16d82b	6	29869410	29881490	16	-0.7874
79d30e38-fc4d-4dbf-b1cb-eda9ac16d82b	6	29882419	31309909	661	0.0018
79d30e38-fc4d-4dbf-b1cb-eda9ac16d82b	6	31313046	31328674	12	-1.3524
79d30e38-fc4d-4dbf-b1cb-eda9ac16d82b	6	31342147	54066582	14256	0.0322
79d30e38-fc4d-4dbf-b1cb-eda9ac16d82b	6	54066621	54070993	7	1.0351
79d30e38-fc4d-4dbf-b1cb-eda9ac16d82b	6	54071056	57969626	2020	0.0372
79d30e38-fc4d-4dbf-b1cb-eda9ac16d82b	6	57970370	61797284	717	0.1264
79d30e38-fc4d-4dbf-b1cb-eda9ac16d82b	6	61797522	73882142	7639	0.0356
79d30e38-fc4d-4dbf-b1cb-eda9ac16d82b	6	73882509	73891694	10	0.9252
79d30e38-fc4d-4dbf-b1cb-eda9ac16d82b	6	73893839	73997661	71	-0.0005
79d30e38-fc4d-4dbf-b1cb-eda9ac16d82b	6	73999993	74009077	4	0.9871
79d30e38-fc4d-4dbf-b1cb-eda9ac16d82b	6	74017935	76719978	1688	0.0243
79d30e38-fc4d-4dbf-b1cb-eda9ac16d82b	6	76720013	76758749	27	0.4981
79d30e38-fc4d-4dbf-b1cb-eda9ac16d82b	6	76758871	78240104	956	0.0129
79d30e38-fc4d-4dbf-b1cb-eda9ac16d82b	6	78240510	78336944	135	0.352
79d30e38-fc4d-4dbf-b1cb-eda9ac16d82b	6	78341897	88973634	6617	0.0421
79d30e38-fc4d-4dbf-b1cb-eda9ac16d82b	6	88973817	88987381	11	-0.6161
79d30e38-fc4d-4dbf-b1cb-eda9ac16d82b	6	88989469	89121691	86	0.041
79d30e38-fc4d-4dbf-b1cb-eda9ac16d82b	6	89122360	90481532	896	-0.6573
79d30e38-fc4d-4dbf-b1cb-eda9ac16d82b	6	90481597	91392703	639	0.0413
79d30e38-fc4d-4dbf-b1cb-eda9ac16d82b	6	91397953	91412803	6	0.7768
79d30e38-fc4d-4dbf-b1cb-eda9ac16d82b	6	91420443	93755359	1617	0.0331
79d30e38-fc4d-4dbf-b1cb-eda9ac16d82b	6	93755701	94970302	795	0.1218
79d30e38-fc4d-4dbf-b1cb-eda9ac16d82b	6	95386776	133945130	23882	0.0335
79d30e38-fc4d-4dbf-b1cb-eda9ac16d82b	6	133947933	133948494	2	-1.6488
79d30e38-fc4d-4dbf-b1cb-eda9ac16d82b	6	133950934	170741917	25078	0.0364
79d30e38-fc4d-4dbf-b1cb-eda9ac16d82b	7	43355	8259105	4623	0.0306
79d30e38-fc4d-4dbf-b1cb-eda9ac16d82b	7	8259512	10632981	1891	0.0927
79d30e38-fc4d-4dbf-b1cb-eda9ac16d82b	7	10635271	18929458	6663	0.0406
79d30e38-fc4d-4dbf-b1cb-eda9ac16d82b	7	18930684	19600923	770	0.1186
79d30e38-fc4d-4dbf-b1cb-eda9ac16d82b	7	19604149	31385285	8608	0.0334
79d30e38-fc4d-4dbf-b1cb-eda9ac16d82b	7	31393893	31394619	5	-0.8482
79d30e38-fc4d-4dbf-b1cb-eda9ac16d82b	7	31398758	38254500	4788	0.0323
79d30e38-fc4d-4dbf-b1cb-eda9ac16d82b	7	38255395	38318626	103	0.28
79d30e38-fc4d-4dbf-b1cb-eda9ac16d82b	7	38318811	65502854	14206	0.0353
79d30e38-fc4d-4dbf-b1cb-eda9ac16d82b	7	65539561	65586825	5	-0.9888
79d30e38-fc4d-4dbf-b1cb-eda9ac16d82b	7	65587678	70955452	2925	0.0324
79d30e38-fc4d-4dbf-b1cb-eda9ac16d82b	7	70958264	70961155	2	-1.5411
79d30e38-fc4d-4dbf-b1cb-eda9ac16d82b	7	70963257	77093078	2310	0.0338
79d30e38-fc4d-4dbf-b1cb-eda9ac16d82b	7	77105116	77106361	2	1.409
79d30e38-fc4d-4dbf-b1cb-eda9ac16d82b	7	77109303	88522968	7424	0.04
79d30e38-fc4d-4dbf-b1cb-eda9ac16d82b	7	88523463	89576957	716	0.1122
79d30e38-fc4d-4dbf-b1cb-eda9ac16d82b	7	89579887	89776150	116	-0.0461
79d30e38-fc4d-4dbf-b1cb-eda9ac16d82b	7	89777614	90252961	320	0.1269
79d30e38-fc4d-4dbf-b1cb-eda9ac16d82b	7	90254853	101409205	6348	0.0373
79d30e38-fc4d-4dbf-b1cb-eda9ac16d82b	7	101416451	101416668	2	-2.0541
79d30e38-fc4d-4dbf-b1cb-eda9ac16d82b	7	101419630	111084377	5922	0.0396
79d30e38-fc4d-4dbf-b1cb-eda9ac16d82b	7	111084418	111623662	351	0.1592
79d30e38-fc4d-4dbf-b1cb-eda9ac16d82b	7	111624119	126405502	8834	0.0384
79d30e38-fc4d-4dbf-b1cb-eda9ac16d82b	7	126405597	126406561	10	0.8405
79d30e38-fc4d-4dbf-b1cb-eda9ac16d82b	7	126406822	126547685	106	0.0314
79d30e38-fc4d-4dbf-b1cb-eda9ac16d82b	7	126548115	126552676	3	-1.1273
79d30e38-fc4d-4dbf-b1cb-eda9ac16d82b	7	126555180	134093899	4587	0.0439
79d30e38-fc4d-4dbf-b1cb-eda9ac16d82b	7	134100424	134105690	24	-0.4699
79d30e38-fc4d-4dbf-b1cb-eda9ac16d82b	7	134110881	159334314	16093	0.0417
79d30e38-fc4d-4dbf-b1cb-eda9ac16d82b	8	81254	8078333	7783	0.0429
79d30e38-fc4d-4dbf-b1cb-eda9ac16d82b	8	8085660	12024888	3196	-0.7968
79d30e38-fc4d-4dbf-b1cb-eda9ac16d82b	8	12025748	12616034	61	-0.2546
79d30e38-fc4d-4dbf-b1cb-eda9ac16d82b	8	12616049	13632663	915	-0.7486
79d30e38-fc4d-4dbf-b1cb-eda9ac16d82b	8	13632732	13812486	222	-0.5333
79d30e38-fc4d-4dbf-b1cb-eda9ac16d82b	8	13812829	25114672	9207	-0.7475
79d30e38-fc4d-4dbf-b1cb-eda9ac16d82b	8	25116928	25122472	21	0.0143
79d30e38-fc4d-4dbf-b1cb-eda9ac16d82b	8	25126554	28088856	2311	-0.7592
79d30e38-fc4d-4dbf-b1cb-eda9ac16d82b	8	28093731	38965993	6507	0.0003
79d30e38-fc4d-4dbf-b1cb-eda9ac16d82b	8	38968045	39357136	182	-0.719
79d30e38-fc4d-4dbf-b1cb-eda9ac16d82b	8	39368221	39538338	75	-0.1846
79d30e38-fc4d-4dbf-b1cb-eda9ac16d82b	8	39539496	42429559	2062	-0.7248
79d30e38-fc4d-4dbf-b1cb-eda9ac16d82b	8	42434987	136665653	57660	0.0397
79d30e38-fc4d-4dbf-b1cb-eda9ac16d82b	8	136669376	136849952	174	-0.7605
79d30e38-fc4d-4dbf-b1cb-eda9ac16d82b	8	136850173	145072769	4999	0.029
79d30e38-fc4d-4dbf-b1cb-eda9ac16d82b	9	46587	4709615	4827	-0.6677
79d30e38-fc4d-4dbf-b1cb-eda9ac16d82b	9	4712558	6567219	1409	0.0414
79d30e38-fc4d-4dbf-b1cb-eda9ac16d82b	9	6568116	8079759	1506	-0.6636
79d30e38-fc4d-4dbf-b1cb-eda9ac16d82b	9	8083920	10403105	2193	0.0599
79d30e38-fc4d-4dbf-b1cb-eda9ac16d82b	9	10404138	10404986	2	2.1638
79d30e38-fc4d-4dbf-b1cb-eda9ac16d82b	9	10407943	11315871	751	0.0514
79d30e38-fc4d-4dbf-b1cb-eda9ac16d82b	9	11316481	11755019	367	0.1595
79d30e38-fc4d-4dbf-b1cb-eda9ac16d82b	9	11756006	22492890	8753	0.0413
79d30e38-fc4d-4dbf-b1cb-eda9ac16d82b	9	22501914	22502700	2	-2.7075
79d30e38-fc4d-4dbf-b1cb-eda9ac16d82b	9	22509341	33603567	8074	0.0431
79d30e38-fc4d-4dbf-b1cb-eda9ac16d82b	9	33611061	33805579	153	-0.6126
79d30e38-fc4d-4dbf-b1cb-eda9ac16d82b	9	33805616	34068860	155	0.0258
79d30e38-fc4d-4dbf-b1cb-eda9ac16d82b	9	34071455	34485239	200	-0.6129
79d30e38-fc4d-4dbf-b1cb-eda9ac16d82b	9	34492898	37616448	1796	0.0233
79d30e38-fc4d-4dbf-b1cb-eda9ac16d82b	9	37617856	38052132	290	0.4779
79d30e38-fc4d-4dbf-b1cb-eda9ac16d82b	9	38056963	38771790	589	0.0244
79d30e38-fc4d-4dbf-b1cb-eda9ac16d82b	9	38771834	42014203	177	0.3258
79d30e38-fc4d-4dbf-b1cb-eda9ac16d82b	9	42037471	42151481	15	1.2439
79d30e38-fc4d-4dbf-b1cb-eda9ac16d82b	9	42156306	42501791	18	0.7846
79d30e38-fc4d-4dbf-b1cb-eda9ac16d82b	9	42524983	138200944	48155	0.034
79d30e38-fc4d-4dbf-b1cb-eda9ac16d82b	10	45792	9541915	8213	0.0225
79d30e38-fc4d-4dbf-b1cb-eda9ac16d82b	10	9542714	9753870	123	0.2013
79d30e38-fc4d-4dbf-b1cb-eda9ac16d82b	10	9753953	26932703	12842	0.0276
79d30e38-fc4d-4dbf-b1cb-eda9ac16d82b	10	26933028	26939544	16	0.6889
79d30e38-fc4d-4dbf-b1cb-eda9ac16d82b	10	26941064	46221032	10319	0.028
79d30e38-fc4d-4dbf-b1cb-eda9ac16d82b	10	46221236	46225568	5	-1.1411
79d30e38-fc4d-4dbf-b1cb-eda9ac16d82b	10	46225606	46522571	143	0.004
79d30e38-fc4d-4dbf-b1cb-eda9ac16d82b	10	46525652	46693480	45	-0.6068
79d30e38-fc4d-4dbf-b1cb-eda9ac16d82b	10	46693694	48079560	310	0.0409
79d30e38-fc4d-4dbf-b1cb-eda9ac16d82b	10	48084420	48154966	7	-1.007
79d30e38-fc4d-4dbf-b1cb-eda9ac16d82b	10	48173568	55156877	5152	0.0413
79d30e38-fc4d-4dbf-b1cb-eda9ac16d82b	10	55156996	56280525	788	0.1259
79d30e38-fc4d-4dbf-b1cb-eda9ac16d82b	10	56281244	65548178	6436	0.0295
79d30e38-fc4d-4dbf-b1cb-eda9ac16d82b	10	65548193	65554688	26	-0.38
79d30e38-fc4d-4dbf-b1cb-eda9ac16d82b	10	65563037	133654968	46203	0.0211
79d30e38-fc4d-4dbf-b1cb-eda9ac16d82b	11	198510	4946021	2413	0.027
79d30e38-fc4d-4dbf-b1cb-eda9ac16d82b	11	4946166	4971052	39	0.5255
79d30e38-fc4d-4dbf-b1cb-eda9ac16d82b	11	4971283	5762693	773	0.0482
79d30e38-fc4d-4dbf-b1cb-eda9ac16d82b	11	5766175	5787909	33	0.4948
79d30e38-fc4d-4dbf-b1cb-eda9ac16d82b	11	5788108	18915920	9398	0.0398
79d30e38-fc4d-4dbf-b1cb-eda9ac16d82b	11	18916085	18949866	58	0.3111
79d30e38-fc4d-4dbf-b1cb-eda9ac16d82b	11	18950075	36953879	13299	0.0373
79d30e38-fc4d-4dbf-b1cb-eda9ac16d82b	11	36954020	37626055	449	0.1543
79d30e38-fc4d-4dbf-b1cb-eda9ac16d82b	11	37626181	55609035	7998	0.033
79d30e38-fc4d-4dbf-b1cb-eda9ac16d82b	11	55609158	55667651	34	-0.3507
79d30e38-fc4d-4dbf-b1cb-eda9ac16d82b	11	55670243	56249180	415	0.1217
79d30e38-fc4d-4dbf-b1cb-eda9ac16d82b	11	56249220	93142718	21668	0.0329
79d30e38-fc4d-4dbf-b1cb-eda9ac16d82b	11	93143600	93285549	114	0.1358
79d30e38-fc4d-4dbf-b1cb-eda9ac16d82b	11	93287317	93292250	3	-2.2707
79d30e38-fc4d-4dbf-b1cb-eda9ac16d82b	11	93296295	101723653	6350	0.0372
79d30e38-fc4d-4dbf-b1cb-eda9ac16d82b	11	101727129	101729167	6	0.8588
79d30e38-fc4d-4dbf-b1cb-eda9ac16d82b	11	101729366	135074876	23715	0.0356
79d30e38-fc4d-4dbf-b1cb-eda9ac16d82b	12	51460	9481274	6174	0.0327
79d30e38-fc4d-4dbf-b1cb-eda9ac16d82b	12	9485313	9575696	23	0.9608
79d30e38-fc4d-4dbf-b1cb-eda9ac16d82b	12	9582373	11066824	1036	0.036
79d30e38-fc4d-4dbf-b1cb-eda9ac16d82b	12	11068125	11088933	10	-0.869
79d30e38-fc4d-4dbf-b1cb-eda9ac16d82b	12	11099275	11351157	131	0.081
79d30e38-fc4d-4dbf-b1cb-eda9ac16d82b	12	11358643	11390472	31	-0.7467
79d30e38-fc4d-4dbf-b1cb-eda9ac16d82b	12	11399258	27493059	11184	0.0333
79d30e38-fc4d-4dbf-b1cb-eda9ac16d82b	12	27494808	27498429	28	-0.6867
79d30e38-fc4d-4dbf-b1cb-eda9ac16d82b	12	27504228	33141726	4149	0.0437
79d30e38-fc4d-4dbf-b1cb-eda9ac16d82b	12	33148472	33164638	40	0.5045
79d30e38-fc4d-4dbf-b1cb-eda9ac16d82b	12	33166652	38725403	1280	0.1016
79d30e38-fc4d-4dbf-b1cb-eda9ac16d82b	12	38725512	119545949	51648	0.033
79d30e38-fc4d-4dbf-b1cb-eda9ac16d82b	12	119546020	119552928	15	-0.7913
79d30e38-fc4d-4dbf-b1cb-eda9ac16d82b	12	119552943	125515122	3084	0.03
79d30e38-fc4d-4dbf-b1cb-eda9ac16d82b	12	125515339	125515889	2	-1.6258
79d30e38-fc4d-4dbf-b1cb-eda9ac16d82b	12	125516059	133201603	5958	0.0341
79d30e38-fc4d-4dbf-b1cb-eda9ac16d82b	13	18452809	32314368	9817	0.0434
79d30e38-fc4d-4dbf-b1cb-eda9ac16d82b	13	32319654	33614126	970	-0.653
79d30e38-fc4d-4dbf-b1cb-eda9ac16d82b	13	33618652	33691972	68	0.1099
79d30e38-fc4d-4dbf-b1cb-eda9ac16d82b	13	33693447	34214303	402	-0.6883
79d30e38-fc4d-4dbf-b1cb-eda9ac16d82b	13	34219013	34224151	3	-2.2916
79d30e38-fc4d-4dbf-b1cb-eda9ac16d82b	13	34225067	45450410	7691	-0.6617
79d30e38-fc4d-4dbf-b1cb-eda9ac16d82b	13	45453876	63584832	10810	0.0453
79d30e38-fc4d-4dbf-b1cb-eda9ac16d82b	13	63586328	64373621	466	0.1415
79d30e38-fc4d-4dbf-b1cb-eda9ac16d82b	13	64374278	66413830	1244	0.0264
79d30e38-fc4d-4dbf-b1cb-eda9ac16d82b	13	66416014	66598647	141	0.1838
79d30e38-fc4d-4dbf-b1cb-eda9ac16d82b	13	66602087	66603651	2	-2.0731
79d30e38-fc4d-4dbf-b1cb-eda9ac16d82b	13	66604212	114342922	32451	0.0361
79d30e38-fc4d-4dbf-b1cb-eda9ac16d82b	14	18239283	18693043	25	0.117
79d30e38-fc4d-4dbf-b1cb-eda9ac16d82b	14	18950560	19956767	141	-0.2705
79d30e38-fc4d-4dbf-b1cb-eda9ac16d82b	14	19957350	21855405	1254	0.038
79d30e38-fc4d-4dbf-b1cb-eda9ac16d82b	14	21856896	22535852	628	0.2233
79d30e38-fc4d-4dbf-b1cb-eda9ac16d82b	14	22536839	43334278	13058	0.0384
79d30e38-fc4d-4dbf-b1cb-eda9ac16d82b	14	43335141	44048992	384	0.1566
79d30e38-fc4d-4dbf-b1cb-eda9ac16d82b	14	44049650	73529070	18729	0.035
79d30e38-fc4d-4dbf-b1cb-eda9ac16d82b	14	73534419	73554275	9	-1.1305
79d30e38-fc4d-4dbf-b1cb-eda9ac16d82b	14	73563196	79638034	4037	0.0345
79d30e38-fc4d-4dbf-b1cb-eda9ac16d82b	14	79646327	79646626	2	-1.4366
79d30e38-fc4d-4dbf-b1cb-eda9ac16d82b	14	79650973	88983148	6130	0.0379
79d30e38-fc4d-4dbf-b1cb-eda9ac16d82b	14	88989108	89109451	92	-0.615
79d30e38-fc4d-4dbf-b1cb-eda9ac16d82b	14	89109469	89111069	2	-2.9608
79d30e38-fc4d-4dbf-b1cb-eda9ac16d82b	14	89114132	105514974	10304	-0.6959
79d30e38-fc4d-4dbf-b1cb-eda9ac16d82b	14	105520403	106294689	219	-0.4305
79d30e38-fc4d-4dbf-b1cb-eda9ac16d82b	14	106297265	106297273	3	1.47
79d30e38-fc4d-4dbf-b1cb-eda9ac16d82b	14	106297409	106407612	48	-0.5263
79d30e38-fc4d-4dbf-b1cb-eda9ac16d82b	14	106407614	106462144	50	-0.0257
79d30e38-fc4d-4dbf-b1cb-eda9ac16d82b	14	106462169	106531859	26	-0.4477
79d30e38-fc4d-4dbf-b1cb-eda9ac16d82b	14	106531945	106877229	171	-0.6069
79d30e38-fc4d-4dbf-b1cb-eda9ac16d82b	15	19811075	19978848	37	0.2392
79d30e38-fc4d-4dbf-b1cb-eda9ac16d82b	15	19981398	20373168	51	-0.0774
79d30e38-fc4d-4dbf-b1cb-eda9ac16d82b	15	20376198	20381689	16	-0.4373
79d30e38-fc4d-4dbf-b1cb-eda9ac16d82b	15	20381704	20655113	39	-0.0086
79d30e38-fc4d-4dbf-b1cb-eda9ac16d82b	15	20657137	22455811	67	0.3279
79d30e38-fc4d-4dbf-b1cb-eda9ac16d82b	15	22483983	53580043	18962	0.0373
79d30e38-fc4d-4dbf-b1cb-eda9ac16d82b	15	53586218	53757867	144	-0.7821
79d30e38-fc4d-4dbf-b1cb-eda9ac16d82b	15	53765310	76586021	14581	0.0246
79d30e38-fc4d-4dbf-b1cb-eda9ac16d82b	15	76598900	76603434	22	0.8105
79d30e38-fc4d-4dbf-b1cb-eda9ac16d82b	15	76609838	101888782	17601	0.033
79d30e38-fc4d-4dbf-b1cb-eda9ac16d82b	15	101888798	101928837	9	0.729
79d30e38-fc4d-4dbf-b1cb-eda9ac16d82b	16	10777	10512947	7910	0.0376
79d30e38-fc4d-4dbf-b1cb-eda9ac16d82b	16	10513977	10552774	34	-0.6434
79d30e38-fc4d-4dbf-b1cb-eda9ac16d82b	16	10556359	12618447	1587	0.0364
79d30e38-fc4d-4dbf-b1cb-eda9ac16d82b	16	12618593	12620077	4	-1.2073
79d30e38-fc4d-4dbf-b1cb-eda9ac16d82b	16	12620186	78337711	31676	0.0327
79d30e38-fc4d-4dbf-b1cb-eda9ac16d82b	16	78338543	78345778	13	0.9422
79d30e38-fc4d-4dbf-b1cb-eda9ac16d82b	16	78347366	90096867	10607	0.0242
79d30e38-fc4d-4dbf-b1cb-eda9ac16d82b	17	150733	7034313	3966	0.0174
79d30e38-fc4d-4dbf-b1cb-eda9ac16d82b	17	7044260	8007404	404	-0.718
79d30e38-fc4d-4dbf-b1cb-eda9ac16d82b	17	8009294	36109315	13875	0.024
79d30e38-fc4d-4dbf-b1cb-eda9ac16d82b	17	36109735	36157718	35	0.935
79d30e38-fc4d-4dbf-b1cb-eda9ac16d82b	17	36200725	41266762	2528	0.0164
79d30e38-fc4d-4dbf-b1cb-eda9ac16d82b	17	41266774	41274279	23	-0.8151
79d30e38-fc4d-4dbf-b1cb-eda9ac16d82b	17	41276472	46323701	2623	-0.009
79d30e38-fc4d-4dbf-b1cb-eda9ac16d82b	17	46351954	76589865	18229	0.0296
79d30e38-fc4d-4dbf-b1cb-eda9ac16d82b	17	76592551	76826626	132	-0.0417
79d30e38-fc4d-4dbf-b1cb-eda9ac16d82b	17	76826911	76835725	8	-0.7433
79d30e38-fc4d-4dbf-b1cb-eda9ac16d82b	17	76836454	83091923	3191	0.0266
79d30e38-fc4d-4dbf-b1cb-eda9ac16d82b	18	48133	26785899	13866	0.0436
79d30e38-fc4d-4dbf-b1cb-eda9ac16d82b	18	26785951	26786181	3	-2.4453
79d30e38-fc4d-4dbf-b1cb-eda9ac16d82b	18	26786415	65976399	26356	0.0339
79d30e38-fc4d-4dbf-b1cb-eda9ac16d82b	18	65978521	66065527	68	0.2793
79d30e38-fc4d-4dbf-b1cb-eda9ac16d82b	18	66065571	71369678	3804	0.0487
79d30e38-fc4d-4dbf-b1cb-eda9ac16d82b	18	71369798	73660659	1821	0.1129
79d30e38-fc4d-4dbf-b1cb-eda9ac16d82b	18	73663389	80257174	4793	0.033
79d30e38-fc4d-4dbf-b1cb-eda9ac16d82b	19	90910	19776299	8517	0.024
79d30e38-fc4d-4dbf-b1cb-eda9ac16d82b	19	19776398	21371748	934	0.1139
79d30e38-fc4d-4dbf-b1cb-eda9ac16d82b	19	21372190	35358420	7241	0.0322
79d30e38-fc4d-4dbf-b1cb-eda9ac16d82b	19	35364451	35370946	21	-1.6221
79d30e38-fc4d-4dbf-b1cb-eda9ac16d82b	19	35375842	37850859	1210	0.0218
79d30e38-fc4d-4dbf-b1cb-eda9ac16d82b	19	37853484	37853577	2	-2.083
79d30e38-fc4d-4dbf-b1cb-eda9ac16d82b	19	37855094	54812586	8866	0.0335
79d30e38-fc4d-4dbf-b1cb-eda9ac16d82b	19	54815158	54852441	16	-0.7798
79d30e38-fc4d-4dbf-b1cb-eda9ac16d82b	19	54853949	58586487	2283	0.0288
79d30e38-fc4d-4dbf-b1cb-eda9ac16d82b	20	80664	1571528	1181	0.0549
79d30e38-fc4d-4dbf-b1cb-eda9ac16d82b	20	1571784	1579916	18	-0.5188
79d30e38-fc4d-4dbf-b1cb-eda9ac16d82b	20	1580141	1580353	5	0.0762
79d30e38-fc4d-4dbf-b1cb-eda9ac16d82b	20	1580934	1613247	41	1.3095
79d30e38-fc4d-4dbf-b1cb-eda9ac16d82b	20	1617300	60990189	39309	0.0344
79d30e38-fc4d-4dbf-b1cb-eda9ac16d82b	20	60993969	61015145	50	0.5708
79d30e38-fc4d-4dbf-b1cb-eda9ac16d82b	20	61015428	63380538	1372	0.0292
79d30e38-fc4d-4dbf-b1cb-eda9ac16d82b	20	63384460	63387395	4	-0.8891
79d30e38-fc4d-4dbf-b1cb-eda9ac16d82b	20	63396857	64284715	364	0.045
79d30e38-fc4d-4dbf-b1cb-eda9ac16d82b	20	64323342	64324800	5	-0.8695
79d30e38-fc4d-4dbf-b1cb-eda9ac16d82b	21	10354168	38502162	18250	0.0401
79d30e38-fc4d-4dbf-b1cb-eda9ac16d82b	21	38503096	41492885	2630	-0.7576
79d30e38-fc4d-4dbf-b1cb-eda9ac16d82b	21	41495263	46677045	2941	0.0303
79d30e38-fc4d-4dbf-b1cb-eda9ac16d82b	22	15294547	33777419	11638	0.0246
79d30e38-fc4d-4dbf-b1cb-eda9ac16d82b	22	33778960	33778998	4	-1.9864
79d30e38-fc4d-4dbf-b1cb-eda9ac16d82b	22	33785435	50796027	11621	0.0185
79d30e38-fc4d-4dbf-b1cb-eda9ac16d82b	X	251810	149793935	80254	0.0067
79d30e38-fc4d-4dbf-b1cb-eda9ac16d82b	X	149802619	149899987	65	0.8623
79d30e38-fc4d-4dbf-b1cb-eda9ac16d82b	X	149932109	151338290	926	0.0243
79d30e38-fc4d-4dbf-b1cb-eda9ac16d82b	X	151339090	151340964	2	-5.1472
79d30e38-fc4d-4dbf-b1cb-eda9ac16d82b	X	151341233	151707681	243	-0.0334
79d30e38-fc4d-4dbf-b1cb-eda9ac16d82b	X	151708283	151709261	3	-2.12
79d30e38-fc4d-4dbf-b1cb-eda9ac16d82b	X	151709481	151710185	3	-5.9096
79d30e38-fc4d-4dbf-b1cb-eda9ac16d82b	X	151710911	155952689	1948	-0.0334
79d30e38-fc4d-4dbf-b1cb-eda9ac16d82b	Y	2782397	56872112	6640	-0.7927
