GDC_Aliquot	Chromosome	Start	End	Num_Probes	Segment_Mean
d27e7cd1-b7bb-4f77-8619-ca1f6f9618aa	1	62920	599171	20	0.1559
d27e7cd1-b7bb-4f77-8619-ca1f6f9618aa	1	668210	1715891	193	0.0322
d27e7cd1-b7bb-4f77-8619-ca1f6f9618aa	1	1716055	1741164	12	-1.4415
d27e7cd1-b7bb-4f77-8619-ca1f6f9618aa	1	1756148	9529354	4586	0.0329
d27e7cd1-b7bb-4f77-8619-ca1f6f9618aa	1	9536422	9536806	2	-1.5942
d27e7cd1-b7bb-4f77-8619-ca1f6f9618aa	1	9542315	9784716	96	0.0143
d27e7cd1-b7bb-4f77-8619-ca1f6f9618aa	1	9789250	9795530	2	-1.231
d27e7cd1-b7bb-4f77-8619-ca1f6f9618aa	1	9797820	16471261	3704	0.042
d27e7cd1-b7bb-4f77-8619-ca1f6f9618aa	1	16477281	16935752	129	0.2521
d27e7cd1-b7bb-4f77-8619-ca1f6f9618aa	1	16949746	62831090	27497	0.0253
d27e7cd1-b7bb-4f77-8619-ca1f6f9618aa	1	62831399	72305835	6498	-0.0229
d27e7cd1-b7bb-4f77-8619-ca1f6f9618aa	1	72305851	72318265	8	-0.7559
d27e7cd1-b7bb-4f77-8619-ca1f6f9618aa	1	72318471	72328779	9	0.2564
d27e7cd1-b7bb-4f77-8619-ca1f6f9618aa	1	72329532	72343748	17	-0.4464
d27e7cd1-b7bb-4f77-8619-ca1f6f9618aa	1	72345255	75492789	1862	-0.0386
d27e7cd1-b7bb-4f77-8619-ca1f6f9618aa	1	75493291	75525514	25	-0.3741
d27e7cd1-b7bb-4f77-8619-ca1f6f9618aa	1	75526334	75585159	45	-0.0102
d27e7cd1-b7bb-4f77-8619-ca1f6f9618aa	1	75589078	75589169	2	-1.1916
d27e7cd1-b7bb-4f77-8619-ca1f6f9618aa	1	75593824	75704090	82	0.0132
d27e7cd1-b7bb-4f77-8619-ca1f6f9618aa	1	75708464	75709067	5	0.6534
d27e7cd1-b7bb-4f77-8619-ca1f6f9618aa	1	75712309	76433779	570	-0.0008
d27e7cd1-b7bb-4f77-8619-ca1f6f9618aa	1	76434290	76435507	4	-1.2176
d27e7cd1-b7bb-4f77-8619-ca1f6f9618aa	1	76439667	103614695	17416	-0.0224
d27e7cd1-b7bb-4f77-8619-ca1f6f9618aa	1	103614714	103717410	9	0.7914
d27e7cd1-b7bb-4f77-8619-ca1f6f9618aa	1	103717617	109684695	3565	-0.0355
d27e7cd1-b7bb-4f77-8619-ca1f6f9618aa	1	109684893	109702376	14	-0.5033
d27e7cd1-b7bb-4f77-8619-ca1f6f9618aa	1	109703504	112147704	1945	-0.0261
d27e7cd1-b7bb-4f77-8619-ca1f6f9618aa	1	112153343	112154619	23	-0.5034
d27e7cd1-b7bb-4f77-8619-ca1f6f9618aa	1	112154754	118323364	3928	-0.0123
d27e7cd1-b7bb-4f77-8619-ca1f6f9618aa	1	118325782	143541857	1233	0.0209
d27e7cd1-b7bb-4f77-8619-ca1f6f9618aa	1	143545399	143762042	116	-0.8992
d27e7cd1-b7bb-4f77-8619-ca1f6f9618aa	1	143796140	144442342	14	-0.2295
d27e7cd1-b7bb-4f77-8619-ca1f6f9618aa	1	144445555	146150530	175	0.3076
d27e7cd1-b7bb-4f77-8619-ca1f6f9618aa	1	146161924	146250588	3	-0.9183
d27e7cd1-b7bb-4f77-8619-ca1f6f9618aa	1	146716041	152583051	2131	0.2633
d27e7cd1-b7bb-4f77-8619-ca1f6f9618aa	1	152583230	152614118	35	1.3516
d27e7cd1-b7bb-4f77-8619-ca1f6f9618aa	1	152618018	158090783	3147	0.2625
d27e7cd1-b7bb-4f77-8619-ca1f6f9618aa	1	158091253	158974031	715	0.195
d27e7cd1-b7bb-4f77-8619-ca1f6f9618aa	1	158974295	168307419	6802	0.2498
d27e7cd1-b7bb-4f77-8619-ca1f6f9618aa	1	168310094	173510971	3694	0.2183
d27e7cd1-b7bb-4f77-8619-ca1f6f9618aa	1	173512423	174827267	647	0.2431
d27e7cd1-b7bb-4f77-8619-ca1f6f9618aa	1	174827418	174832702	16	0.8715
d27e7cd1-b7bb-4f77-8619-ca1f6f9618aa	1	174832716	174835884	17	-0.0518
d27e7cd1-b7bb-4f77-8619-ca1f6f9618aa	1	174835901	175051406	97	0.1717
d27e7cd1-b7bb-4f77-8619-ca1f6f9618aa	1	175052667	182695675	5271	0.2436
d27e7cd1-b7bb-4f77-8619-ca1f6f9618aa	1	182695755	186271730	2338	0.2059
d27e7cd1-b7bb-4f77-8619-ca1f6f9618aa	1	186272573	186273026	3	-0.9922
d27e7cd1-b7bb-4f77-8619-ca1f6f9618aa	1	186274450	189354974	1962	0.2026
d27e7cd1-b7bb-4f77-8619-ca1f6f9618aa	1	189357207	189568201	125	-0.6367
d27e7cd1-b7bb-4f77-8619-ca1f6f9618aa	1	189577840	192662028	2041	0.1872
d27e7cd1-b7bb-4f77-8619-ca1f6f9618aa	1	192662107	192919215	170	-0.0484
d27e7cd1-b7bb-4f77-8619-ca1f6f9618aa	1	192920036	193186662	214	0.1921
d27e7cd1-b7bb-4f77-8619-ca1f6f9618aa	1	193187149	193187202	3	-2.048
d27e7cd1-b7bb-4f77-8619-ca1f6f9618aa	1	193187218	194479104	942	0.1879
d27e7cd1-b7bb-4f77-8619-ca1f6f9618aa	1	194482281	194485888	2	-2.6595
d27e7cd1-b7bb-4f77-8619-ca1f6f9618aa	1	194487886	196745692	1450	0.1951
d27e7cd1-b7bb-4f77-8619-ca1f6f9618aa	1	196745743	196802150	44	-0.5868
d27e7cd1-b7bb-4f77-8619-ca1f6f9618aa	1	196820098	196847600	19	0.4366
d27e7cd1-b7bb-4f77-8619-ca1f6f9618aa	1	196854187	196876538	32	0.8416
d27e7cd1-b7bb-4f77-8619-ca1f6f9618aa	1	196878281	196917640	24	0.5904
d27e7cd1-b7bb-4f77-8619-ca1f6f9618aa	1	196923704	196926717	4	1.0018
d27e7cd1-b7bb-4f77-8619-ca1f6f9618aa	1	196932623	200316830	2163	0.1896
d27e7cd1-b7bb-4f77-8619-ca1f6f9618aa	1	200316925	247560435	32821	0.236
d27e7cd1-b7bb-4f77-8619-ca1f6f9618aa	1	247562652	247999886	307	0.1782
d27e7cd1-b7bb-4f77-8619-ca1f6f9618aa	1	248002400	248008274	2	-3.0613
d27e7cd1-b7bb-4f77-8619-ca1f6f9618aa	1	248010151	248930189	454	0.2446
d27e7cd1-b7bb-4f77-8619-ca1f6f9618aa	2	12784	47119429	33495	-0.1897
d27e7cd1-b7bb-4f77-8619-ca1f6f9618aa	2	47123589	47123723	3	-2.021
d27e7cd1-b7bb-4f77-8619-ca1f6f9618aa	2	47124434	49295746	1305	-0.1678
d27e7cd1-b7bb-4f77-8619-ca1f6f9618aa	2	49295759	49314051	6	-1.4634
d27e7cd1-b7bb-4f77-8619-ca1f6f9618aa	2	49317902	51505423	1608	-0.2191
d27e7cd1-b7bb-4f77-8619-ca1f6f9618aa	2	51507538	51507548	2	-2.2241
d27e7cd1-b7bb-4f77-8619-ca1f6f9618aa	2	51507786	52527330	655	-0.208
d27e7cd1-b7bb-4f77-8619-ca1f6f9618aa	2	52527342	52563355	42	-0.5648
d27e7cd1-b7bb-4f77-8619-ca1f6f9618aa	2	52564986	59226819	4629	-0.201
d27e7cd1-b7bb-4f77-8619-ca1f6f9618aa	2	59227311	68410993	5831	0.1096
d27e7cd1-b7bb-4f77-8619-ca1f6f9618aa	2	68412585	68453889	25	0.5099
d27e7cd1-b7bb-4f77-8619-ca1f6f9618aa	2	68455037	76972798	5300	0.1123
d27e7cd1-b7bb-4f77-8619-ca1f6f9618aa	2	76972917	76989444	29	-0.3171
d27e7cd1-b7bb-4f77-8619-ca1f6f9618aa	2	76990184	86021371	5667	0.1012
d27e7cd1-b7bb-4f77-8619-ca1f6f9618aa	2	86021844	97822371	2473	0.1572
d27e7cd1-b7bb-4f77-8619-ca1f6f9618aa	2	97824895	106258266	5439	0.1126
d27e7cd1-b7bb-4f77-8619-ca1f6f9618aa	2	106263639	106268901	12	0.8715
d27e7cd1-b7bb-4f77-8619-ca1f6f9618aa	2	106270799	124680551	10862	0.1148
d27e7cd1-b7bb-4f77-8619-ca1f6f9618aa	2	124681992	126683582	1190	0.0618
d27e7cd1-b7bb-4f77-8619-ca1f6f9618aa	2	126684029	128881496	1345	0.1435
d27e7cd1-b7bb-4f77-8619-ca1f6f9618aa	2	128881653	128882741	4	1.3866
d27e7cd1-b7bb-4f77-8619-ca1f6f9618aa	2	128882755	140709159	7107	0.1112
d27e7cd1-b7bb-4f77-8619-ca1f6f9618aa	2	140710407	140789964	50	-0.2309
d27e7cd1-b7bb-4f77-8619-ca1f6f9618aa	2	140792459	140901958	56	-0.6962
d27e7cd1-b7bb-4f77-8619-ca1f6f9618aa	2	140902726	140961670	32	-0.2878
d27e7cd1-b7bb-4f77-8619-ca1f6f9618aa	2	140963573	140999662	39	-0.6598
d27e7cd1-b7bb-4f77-8619-ca1f6f9618aa	2	141001677	141174229	114	-1.6897
d27e7cd1-b7bb-4f77-8619-ca1f6f9618aa	2	141175514	141297564	72	-0.9137
d27e7cd1-b7bb-4f77-8619-ca1f6f9618aa	2	141303228	141514959	171	-0.5898
d27e7cd1-b7bb-4f77-8619-ca1f6f9618aa	2	141514987	141587438	48	-1.0877
d27e7cd1-b7bb-4f77-8619-ca1f6f9618aa	2	141587512	141637578	44	-0.1753
d27e7cd1-b7bb-4f77-8619-ca1f6f9618aa	2	141639769	154033296	7580	0.0978
d27e7cd1-b7bb-4f77-8619-ca1f6f9618aa	2	154039462	154039969	2	-3.8803
d27e7cd1-b7bb-4f77-8619-ca1f6f9618aa	2	154043710	166031916	6935	0.0997
d27e7cd1-b7bb-4f77-8619-ca1f6f9618aa	2	166031929	166145652	95	0.3542
d27e7cd1-b7bb-4f77-8619-ca1f6f9618aa	2	166146564	178721018	8074	0.1087
d27e7cd1-b7bb-4f77-8619-ca1f6f9618aa	2	178722403	185990889	4491	0.0763
d27e7cd1-b7bb-4f77-8619-ca1f6f9618aa	2	185991354	186047532	34	-0.1857
d27e7cd1-b7bb-4f77-8619-ca1f6f9618aa	2	186047860	192738370	3839	0.0924
d27e7cd1-b7bb-4f77-8619-ca1f6f9618aa	2	192742424	192743649	2	-1.3663
d27e7cd1-b7bb-4f77-8619-ca1f6f9618aa	2	192748151	199335738	3690	0.0768
d27e7cd1-b7bb-4f77-8619-ca1f6f9618aa	2	199340780	207485467	4896	0.1064
d27e7cd1-b7bb-4f77-8619-ca1f6f9618aa	2	207485523	207485538	2	-1.821
d27e7cd1-b7bb-4f77-8619-ca1f6f9618aa	2	207485595	210879930	2076	0.1106
d27e7cd1-b7bb-4f77-8619-ca1f6f9618aa	2	210879975	212775036	1328	0.0714
d27e7cd1-b7bb-4f77-8619-ca1f6f9618aa	2	212775853	212790312	3	-1.0195
d27e7cd1-b7bb-4f77-8619-ca1f6f9618aa	2	212791463	214159046	824	0.0631
d27e7cd1-b7bb-4f77-8619-ca1f6f9618aa	2	214161373	221470681	4774	0.1207
d27e7cd1-b7bb-4f77-8619-ca1f6f9618aa	2	221470854	221473090	3	-1.2504
d27e7cd1-b7bb-4f77-8619-ca1f6f9618aa	2	221473195	229685369	5480	0.0943
d27e7cd1-b7bb-4f77-8619-ca1f6f9618aa	2	229689327	242147305	7592	0.1317
d27e7cd1-b7bb-4f77-8619-ca1f6f9618aa	3	20930	3627702	3262	0.1953
d27e7cd1-b7bb-4f77-8619-ca1f6f9618aa	3	3631924	3868614	214	0.061
d27e7cd1-b7bb-4f77-8619-ca1f6f9618aa	3	3869461	8255855	3808	0.1893
d27e7cd1-b7bb-4f77-8619-ca1f6f9618aa	3	8257495	13980133	4136	0.2285
d27e7cd1-b7bb-4f77-8619-ca1f6f9618aa	3	13980168	16153640	1429	0.1969
d27e7cd1-b7bb-4f77-8619-ca1f6f9618aa	3	16154728	16199164	47	0.5536
d27e7cd1-b7bb-4f77-8619-ca1f6f9618aa	3	16199180	16286849	94	0.2212
d27e7cd1-b7bb-4f77-8619-ca1f6f9618aa	3	16287443	22237484	3787	0.1662
d27e7cd1-b7bb-4f77-8619-ca1f6f9618aa	3	22238833	22242339	2	-1.785
d27e7cd1-b7bb-4f77-8619-ca1f6f9618aa	3	22245048	36243798	9723	0.1862
d27e7cd1-b7bb-4f77-8619-ca1f6f9618aa	3	36243816	60604253	14819	0.2195
d27e7cd1-b7bb-4f77-8619-ca1f6f9618aa	3	60605486	60662399	58	-0.355
d27e7cd1-b7bb-4f77-8619-ca1f6f9618aa	3	60668436	65191652	3904	0.2168
d27e7cd1-b7bb-4f77-8619-ca1f6f9618aa	3	65194231	65194326	2	1.4944
d27e7cd1-b7bb-4f77-8619-ca1f6f9618aa	3	65194955	68697013	2480	0.2119
d27e7cd1-b7bb-4f77-8619-ca1f6f9618aa	3	68697108	68698262	14	3.3505
d27e7cd1-b7bb-4f77-8619-ca1f6f9618aa	3	68699607	75523398	4928	0.2095
d27e7cd1-b7bb-4f77-8619-ca1f6f9618aa	3	75527410	75528153	2	-1.28
d27e7cd1-b7bb-4f77-8619-ca1f6f9618aa	3	75529707	77775868	1296	0.205
d27e7cd1-b7bb-4f77-8619-ca1f6f9618aa	3	77778305	77792721	6	-0.7037
d27e7cd1-b7bb-4f77-8619-ca1f6f9618aa	3	77801580	78575655	434	0.1991
d27e7cd1-b7bb-4f77-8619-ca1f6f9618aa	3	78577072	78637795	45	-0.0673
d27e7cd1-b7bb-4f77-8619-ca1f6f9618aa	3	78637893	84650033	3200	0.1967
d27e7cd1-b7bb-4f77-8619-ca1f6f9618aa	3	84650533	84653084	16	0.811
d27e7cd1-b7bb-4f77-8619-ca1f6f9618aa	3	84653262	89937538	3000	0.1967
d27e7cd1-b7bb-4f77-8619-ca1f6f9618aa	3	89938635	110138950	9520	-0.0311
d27e7cd1-b7bb-4f77-8619-ca1f6f9618aa	3	110141323	110949996	521	0.1217
d27e7cd1-b7bb-4f77-8619-ca1f6f9618aa	3	110957150	110957830	2	-1.2383
d27e7cd1-b7bb-4f77-8619-ca1f6f9618aa	3	110958345	112583603	1060	0.1185
d27e7cd1-b7bb-4f77-8619-ca1f6f9618aa	3	112584384	112970690	246	-0.0267
d27e7cd1-b7bb-4f77-8619-ca1f6f9618aa	3	112971795	114110499	634	0.1291
d27e7cd1-b7bb-4f77-8619-ca1f6f9618aa	3	114113571	123563937	5862	-0.0144
d27e7cd1-b7bb-4f77-8619-ca1f6f9618aa	3	123563957	162490631	23951	0.1206
d27e7cd1-b7bb-4f77-8619-ca1f6f9618aa	3	162498841	162509171	31	-0.8086
d27e7cd1-b7bb-4f77-8619-ca1f6f9618aa	3	162518746	162790480	171	0.1134
d27e7cd1-b7bb-4f77-8619-ca1f6f9618aa	3	162794869	162898127	63	1.4456
d27e7cd1-b7bb-4f77-8619-ca1f6f9618aa	3	162906054	162996729	78	0.0712
d27e7cd1-b7bb-4f77-8619-ca1f6f9618aa	3	162999939	163001774	2	-3.9432
d27e7cd1-b7bb-4f77-8619-ca1f6f9618aa	3	163008371	175362822	7576	0.1059
d27e7cd1-b7bb-4f77-8619-ca1f6f9618aa	3	175362958	175363536	5	-1.0136
d27e7cd1-b7bb-4f77-8619-ca1f6f9618aa	3	175368999	198169247	14216	0.1231
d27e7cd1-b7bb-4f77-8619-ca1f6f9618aa	4	68929	4112194	1623	0.0287
d27e7cd1-b7bb-4f77-8619-ca1f6f9618aa	4	4117230	4151033	8	1.0595
d27e7cd1-b7bb-4f77-8619-ca1f6f9618aa	4	4158336	9455251	3522	0.0333
d27e7cd1-b7bb-4f77-8619-ca1f6f9618aa	4	9459504	9463248	3	-1.3944
d27e7cd1-b7bb-4f77-8619-ca1f6f9618aa	4	9469529	10208766	541	0.028
d27e7cd1-b7bb-4f77-8619-ca1f6f9618aa	4	10212536	10229874	29	1.0384
d27e7cd1-b7bb-4f77-8619-ca1f6f9618aa	4	10232590	19707105	7131	-0.0213
d27e7cd1-b7bb-4f77-8619-ca1f6f9618aa	4	19711545	20182050	247	-0.1888
d27e7cd1-b7bb-4f77-8619-ca1f6f9618aa	4	20182053	38897995	12505	-0.0277
d27e7cd1-b7bb-4f77-8619-ca1f6f9618aa	4	38898512	41483209	1538	0.0236
d27e7cd1-b7bb-4f77-8619-ca1f6f9618aa	4	41485671	44846525	2071	-0.0246
d27e7cd1-b7bb-4f77-8619-ca1f6f9618aa	4	44847146	45220115	278	-0.3528
d27e7cd1-b7bb-4f77-8619-ca1f6f9618aa	4	45227499	49086623	2175	0.0015
d27e7cd1-b7bb-4f77-8619-ca1f6f9618aa	4	49087342	51873441	73	0.2084
d27e7cd1-b7bb-4f77-8619-ca1f6f9618aa	4	51878207	51960114	42	0.551
d27e7cd1-b7bb-4f77-8619-ca1f6f9618aa	4	51960659	52630946	365	0.2624
d27e7cd1-b7bb-4f77-8619-ca1f6f9618aa	4	52632502	54747560	1609	-0.3356
d27e7cd1-b7bb-4f77-8619-ca1f6f9618aa	4	54747872	69140621	8717	-0.3792
d27e7cd1-b7bb-4f77-8619-ca1f6f9618aa	4	69142425	69523998	216	-0.2836
d27e7cd1-b7bb-4f77-8619-ca1f6f9618aa	4	69524143	69525061	2	-2.6342
d27e7cd1-b7bb-4f77-8619-ca1f6f9618aa	4	69526170	92658462	14254	-0.3798
d27e7cd1-b7bb-4f77-8619-ca1f6f9618aa	4	92659033	92667584	3	-2.667
d27e7cd1-b7bb-4f77-8619-ca1f6f9618aa	4	92671506	101270430	5114	-0.3904
d27e7cd1-b7bb-4f77-8619-ca1f6f9618aa	4	101271185	101273355	2	-2.3012
d27e7cd1-b7bb-4f77-8619-ca1f6f9618aa	4	101277555	114252544	7809	-0.3892
d27e7cd1-b7bb-4f77-8619-ca1f6f9618aa	4	114254167	114261019	23	0.2401
d27e7cd1-b7bb-4f77-8619-ca1f6f9618aa	4	114263073	114716126	300	-0.3739
d27e7cd1-b7bb-4f77-8619-ca1f6f9618aa	4	114717053	154881396	23677	-0.4118
d27e7cd1-b7bb-4f77-8619-ca1f6f9618aa	4	154881853	154881905	2	-2.8818
d27e7cd1-b7bb-4f77-8619-ca1f6f9618aa	4	154881926	160939779	3890	-0.4107
d27e7cd1-b7bb-4f77-8619-ca1f6f9618aa	4	160942741	160958989	27	0.5443
d27e7cd1-b7bb-4f77-8619-ca1f6f9618aa	4	160959045	160963756	18	1.4205
d27e7cd1-b7bb-4f77-8619-ca1f6f9618aa	4	160963767	161010500	42	0.6407
d27e7cd1-b7bb-4f77-8619-ca1f6f9618aa	4	161010744	189857111	19001	-0.4149
d27e7cd1-b7bb-4f77-8619-ca1f6f9618aa	4	189857379	190106768	62	-0.0668
d27e7cd1-b7bb-4f77-8619-ca1f6f9618aa	5	15532	685633	306	0.515
d27e7cd1-b7bb-4f77-8619-ca1f6f9618aa	5	698256	808932	32	1.3244
d27e7cd1-b7bb-4f77-8619-ca1f6f9618aa	5	817735	15719113	11837	0.4594
d27e7cd1-b7bb-4f77-8619-ca1f6f9618aa	5	15719241	15720488	10	-0.4376
d27e7cd1-b7bb-4f77-8619-ca1f6f9618aa	5	15723237	21449167	3524	0.4285
d27e7cd1-b7bb-4f77-8619-ca1f6f9618aa	5	21451091	21452329	5	1.5
d27e7cd1-b7bb-4f77-8619-ca1f6f9618aa	5	21452387	30170334	5128	0.4331
d27e7cd1-b7bb-4f77-8619-ca1f6f9618aa	5	30171131	35132506	3355	0.4811
d27e7cd1-b7bb-4f77-8619-ca1f6f9618aa	5	35135130	45939197	6412	0.4449
d27e7cd1-b7bb-4f77-8619-ca1f6f9618aa	5	45939572	45939938	2	-0.6781
d27e7cd1-b7bb-4f77-8619-ca1f6f9618aa	5	45953598	50529531	217	0.4252
d27e7cd1-b7bb-4f77-8619-ca1f6f9618aa	5	50539205	57045669	4281	0.0952
d27e7cd1-b7bb-4f77-8619-ca1f6f9618aa	5	57050511	57050524	2	-1.3723
d27e7cd1-b7bb-4f77-8619-ca1f6f9618aa	5	57051795	58025819	635	0.09
d27e7cd1-b7bb-4f77-8619-ca1f6f9618aa	5	58030200	58037688	31	-0.473
d27e7cd1-b7bb-4f77-8619-ca1f6f9618aa	5	58037706	59032734	754	0.0763
d27e7cd1-b7bb-4f77-8619-ca1f6f9618aa	5	59034442	59740752	587	-0.0635
d27e7cd1-b7bb-4f77-8619-ca1f6f9618aa	5	59741999	59868417	88	-0.4812
d27e7cd1-b7bb-4f77-8619-ca1f6f9618aa	5	59869167	76506904	9317	0.0847
d27e7cd1-b7bb-4f77-8619-ca1f6f9618aa	5	76507494	76620778	104	0.2522
d27e7cd1-b7bb-4f77-8619-ca1f6f9618aa	5	76621062	95659484	10762	0.0709
d27e7cd1-b7bb-4f77-8619-ca1f6f9618aa	5	95661330	99349649	2217	0.5216
d27e7cd1-b7bb-4f77-8619-ca1f6f9618aa	5	99350079	100188405	498	0.6857
d27e7cd1-b7bb-4f77-8619-ca1f6f9618aa	5	100195826	104361340	2405	0.0743
d27e7cd1-b7bb-4f77-8619-ca1f6f9618aa	5	104369805	104370273	4	-0.9876
d27e7cd1-b7bb-4f77-8619-ca1f6f9618aa	5	104370762	104515520	83	0.0667
d27e7cd1-b7bb-4f77-8619-ca1f6f9618aa	5	104524672	104524847	3	1.9701
d27e7cd1-b7bb-4f77-8619-ca1f6f9618aa	5	104524903	104686977	159	0.0832
d27e7cd1-b7bb-4f77-8619-ca1f6f9618aa	5	104687001	104817891	77	-0.1594
d27e7cd1-b7bb-4f77-8619-ca1f6f9618aa	5	104818169	141268049	23159	0.0859
d27e7cd1-b7bb-4f77-8619-ca1f6f9618aa	5	141268847	141268983	2	-1.5991
d27e7cd1-b7bb-4f77-8619-ca1f6f9618aa	5	141273689	144024886	1869	0.0876
d27e7cd1-b7bb-4f77-8619-ca1f6f9618aa	5	144027118	144029618	3	-1.9223
d27e7cd1-b7bb-4f77-8619-ca1f6f9618aa	5	144030720	150815622	4505	0.0907
d27e7cd1-b7bb-4f77-8619-ca1f6f9618aa	5	150819281	150839042	12	0.5382
d27e7cd1-b7bb-4f77-8619-ca1f6f9618aa	5	150843825	165156290	9639	0.0787
d27e7cd1-b7bb-4f77-8619-ca1f6f9618aa	5	165158509	165159069	3	-1.0396
d27e7cd1-b7bb-4f77-8619-ca1f6f9618aa	5	165167952	172163518	5218	0.0916
d27e7cd1-b7bb-4f77-8619-ca1f6f9618aa	5	172163545	174448604	1742	0.1184
d27e7cd1-b7bb-4f77-8619-ca1f6f9618aa	5	174452795	174452809	2	-1.753
d27e7cd1-b7bb-4f77-8619-ca1f6f9618aa	5	174453640	180947523	3630	0.132
d27e7cd1-b7bb-4f77-8619-ca1f6f9618aa	5	180951710	180991103	19	-3.046
d27e7cd1-b7bb-4f77-8619-ca1f6f9618aa	5	181006225	181287470	167	0.1447
d27e7cd1-b7bb-4f77-8619-ca1f6f9618aa	5	181288108	181363319	3	0.5969
d27e7cd1-b7bb-4f77-8619-ca1f6f9618aa	6	149661	205947	39	-0.0445
d27e7cd1-b7bb-4f77-8619-ca1f6f9618aa	6	209117	534989	287	0.1073
d27e7cd1-b7bb-4f77-8619-ca1f6f9618aa	6	535313	19039888	14428	-0.0245
d27e7cd1-b7bb-4f77-8619-ca1f6f9618aa	6	19041950	19044532	7	-0.8736
d27e7cd1-b7bb-4f77-8619-ca1f6f9618aa	6	19044638	29882497	6888	-0.0298
d27e7cd1-b7bb-4f77-8619-ca1f6f9618aa	6	29882589	29931120	12	-0.8479
d27e7cd1-b7bb-4f77-8619-ca1f6f9618aa	6	29931900	32550992	1178	0.0216
d27e7cd1-b7bb-4f77-8619-ca1f6f9618aa	6	32559507	32568621	4	-1.7779
d27e7cd1-b7bb-4f77-8619-ca1f6f9618aa	6	32570802	32722250	82	-0.0424
d27e7cd1-b7bb-4f77-8619-ca1f6f9618aa	6	32723020	32723053	3	2.5912
d27e7cd1-b7bb-4f77-8619-ca1f6f9618aa	6	32732907	34528237	1041	0.0064
d27e7cd1-b7bb-4f77-8619-ca1f6f9618aa	6	34530865	36239821	911	0.2583
d27e7cd1-b7bb-4f77-8619-ca1f6f9618aa	6	36240706	36906011	442	-0.0154
d27e7cd1-b7bb-4f77-8619-ca1f6f9618aa	6	36906610	36906675	3	-1.3359
d27e7cd1-b7bb-4f77-8619-ca1f6f9618aa	6	36908107	41165784	3120	-0.02
d27e7cd1-b7bb-4f77-8619-ca1f6f9618aa	6	41165849	45368489	2411	0.265
d27e7cd1-b7bb-4f77-8619-ca1f6f9618aa	6	45376134	54066286	5709	-0.0309
d27e7cd1-b7bb-4f77-8619-ca1f6f9618aa	6	54066353	54067057	7	-2.2203
d27e7cd1-b7bb-4f77-8619-ca1f6f9618aa	6	54070550	55471533	903	-0.0365
d27e7cd1-b7bb-4f77-8619-ca1f6f9618aa	6	55476809	55476897	2	-1.3546
d27e7cd1-b7bb-4f77-8619-ca1f6f9618aa	6	55480605	55624573	99	-0.0314
d27e7cd1-b7bb-4f77-8619-ca1f6f9618aa	6	55633277	64465787	3109	0.2443
d27e7cd1-b7bb-4f77-8619-ca1f6f9618aa	6	64468159	65678126	804	0.1876
d27e7cd1-b7bb-4f77-8619-ca1f6f9618aa	6	65678535	65693944	28	0.4466
d27e7cd1-b7bb-4f77-8619-ca1f6f9618aa	6	65693959	66196236	326	0.1669
d27e7cd1-b7bb-4f77-8619-ca1f6f9618aa	6	66196314	66901716	550	0.2655
d27e7cd1-b7bb-4f77-8619-ca1f6f9618aa	6	66901872	71512270	3027	0.0302
d27e7cd1-b7bb-4f77-8619-ca1f6f9618aa	6	71512842	72029180	356	-0.1303
d27e7cd1-b7bb-4f77-8619-ca1f6f9618aa	6	72029679	90021726	11351	0.0425
d27e7cd1-b7bb-4f77-8619-ca1f6f9618aa	6	90022858	100605988	6608	0.001
d27e7cd1-b7bb-4f77-8619-ca1f6f9618aa	6	100609492	100697089	41	-0.3491
d27e7cd1-b7bb-4f77-8619-ca1f6f9618aa	6	100697783	103949029	1991	0.0001
d27e7cd1-b7bb-4f77-8619-ca1f6f9618aa	6	103950364	119987294	9746	0.0254
d27e7cd1-b7bb-4f77-8619-ca1f6f9618aa	6	119988276	120245798	148	-0.2591
d27e7cd1-b7bb-4f77-8619-ca1f6f9618aa	6	120248864	120614375	249	0.0103
d27e7cd1-b7bb-4f77-8619-ca1f6f9618aa	6	120615048	120723349	85	-0.1584
d27e7cd1-b7bb-4f77-8619-ca1f6f9618aa	6	120728443	140528678	12800	0.011
d27e7cd1-b7bb-4f77-8619-ca1f6f9618aa	6	140531836	140538125	2	-1.4317
d27e7cd1-b7bb-4f77-8619-ca1f6f9618aa	6	140538143	162313394	14823	0.0243
d27e7cd1-b7bb-4f77-8619-ca1f6f9618aa	6	162314232	162319408	25	-0.8121
d27e7cd1-b7bb-4f77-8619-ca1f6f9618aa	6	162324548	169105573	4904	0.0407
d27e7cd1-b7bb-4f77-8619-ca1f6f9618aa	6	169107692	169118844	36	-1.1067
d27e7cd1-b7bb-4f77-8619-ca1f6f9618aa	6	169130753	170741917	904	0.0369
d27e7cd1-b7bb-4f77-8619-ca1f6f9618aa	7	43355	3050648	1137	0.5233
d27e7cd1-b7bb-4f77-8619-ca1f6f9618aa	7	3051707	3876121	746	0.4425
d27e7cd1-b7bb-4f77-8619-ca1f6f9618aa	7	3876240	7176544	1739	0.5083
d27e7cd1-b7bb-4f77-8619-ca1f6f9618aa	7	7178165	7210972	13	0.1863
d27e7cd1-b7bb-4f77-8619-ca1f6f9618aa	7	7211838	15392007	6736	0.4462
d27e7cd1-b7bb-4f77-8619-ca1f6f9618aa	7	15392045	15393664	2	-0.8519
d27e7cd1-b7bb-4f77-8619-ca1f6f9618aa	7	15394440	15423435	22	0.5077
d27e7cd1-b7bb-4f77-8619-ca1f6f9618aa	7	15427243	15499147	79	0.2108
d27e7cd1-b7bb-4f77-8619-ca1f6f9618aa	7	15499176	17609153	1684	0.4845
d27e7cd1-b7bb-4f77-8619-ca1f6f9618aa	7	17609645	17637205	24	-0.9068
d27e7cd1-b7bb-4f77-8619-ca1f6f9618aa	7	17641934	17742229	117	0.5676
d27e7cd1-b7bb-4f77-8619-ca1f6f9618aa	7	17743788	18866614	817	0.4332
d27e7cd1-b7bb-4f77-8619-ca1f6f9618aa	7	18866918	18973371	115	0.5161
d27e7cd1-b7bb-4f77-8619-ca1f6f9618aa	7	18974049	18974991	5	-0.2427
d27e7cd1-b7bb-4f77-8619-ca1f6f9618aa	7	18975220	19134606	260	0.4328
d27e7cd1-b7bb-4f77-8619-ca1f6f9618aa	7	19134683	19182548	88	0.2598
d27e7cd1-b7bb-4f77-8619-ca1f6f9618aa	7	19184707	32315175	9735	0.4562
d27e7cd1-b7bb-4f77-8619-ca1f6f9618aa	7	32316427	32328038	18	-0.0176
d27e7cd1-b7bb-4f77-8619-ca1f6f9618aa	7	32329941	38285840	4039	0.4508
d27e7cd1-b7bb-4f77-8619-ca1f6f9618aa	7	38286177	38370835	112	0.6123
d27e7cd1-b7bb-4f77-8619-ca1f6f9618aa	7	38373446	54299223	10975	0.4616
d27e7cd1-b7bb-4f77-8619-ca1f6f9618aa	7	54305455	54318824	7	1.5172
d27e7cd1-b7bb-4f77-8619-ca1f6f9618aa	7	54325795	66863400	3637	0.4631
d27e7cd1-b7bb-4f77-8619-ca1f6f9618aa	7	66867140	69016802	1336	0.2611
d27e7cd1-b7bb-4f77-8619-ca1f6f9618aa	7	69021352	70123398	621	-0.0526
d27e7cd1-b7bb-4f77-8619-ca1f6f9618aa	7	70123404	70552313	233	-0.2624
d27e7cd1-b7bb-4f77-8619-ca1f6f9618aa	7	70554865	70674738	114	-1.6562
d27e7cd1-b7bb-4f77-8619-ca1f6f9618aa	7	70675181	70766663	73	-0.5817
d27e7cd1-b7bb-4f77-8619-ca1f6f9618aa	7	70771945	70955452	105	-0.1878
d27e7cd1-b7bb-4f77-8619-ca1f6f9618aa	7	70958264	70961155	2	-2.4526
d27e7cd1-b7bb-4f77-8619-ca1f6f9618aa	7	70963257	71702926	534	-0.2124
d27e7cd1-b7bb-4f77-8619-ca1f6f9618aa	7	71712812	77118694	1782	-0.1444
d27e7cd1-b7bb-4f77-8619-ca1f6f9618aa	7	77130464	86600286	6330	-0.2673
d27e7cd1-b7bb-4f77-8619-ca1f6f9618aa	7	86604868	86615167	9	-1.3768
d27e7cd1-b7bb-4f77-8619-ca1f6f9618aa	7	86615738	89592360	1802	-0.2564
d27e7cd1-b7bb-4f77-8619-ca1f6f9618aa	7	89594070	90217494	403	-0.1612
d27e7cd1-b7bb-4f77-8619-ca1f6f9618aa	7	90223014	91728135	1058	-0.2475
d27e7cd1-b7bb-4f77-8619-ca1f6f9618aa	7	91728539	91728554	2	1.1621
d27e7cd1-b7bb-4f77-8619-ca1f6f9618aa	7	91728979	97766150	3750	-0.2518
d27e7cd1-b7bb-4f77-8619-ca1f6f9618aa	7	97766153	97766197	6	-1.1271
d27e7cd1-b7bb-4f77-8619-ca1f6f9618aa	7	97772620	97773163	8	-2.9012
d27e7cd1-b7bb-4f77-8619-ca1f6f9618aa	7	97774928	103560925	2460	-0.1832
d27e7cd1-b7bb-4f77-8619-ca1f6f9618aa	7	103561080	105946471	1636	-0.2397
d27e7cd1-b7bb-4f77-8619-ca1f6f9618aa	7	105946500	105946514	2	-1.8635
d27e7cd1-b7bb-4f77-8619-ca1f6f9618aa	7	105946772	108159214	1408	-0.2383
d27e7cd1-b7bb-4f77-8619-ca1f6f9618aa	7	108160102	120057417	7267	-0.2637
d27e7cd1-b7bb-4f77-8619-ca1f6f9618aa	7	120060454	120061014	3	-1.392
d27e7cd1-b7bb-4f77-8619-ca1f6f9618aa	7	120061058	120882429	429	-0.2906
d27e7cd1-b7bb-4f77-8619-ca1f6f9618aa	7	120884520	120909066	10	0.4219
d27e7cd1-b7bb-4f77-8619-ca1f6f9618aa	7	120909398	121555689	468	-0.2811
d27e7cd1-b7bb-4f77-8619-ca1f6f9618aa	7	121556272	121559532	2	-1.7156
d27e7cd1-b7bb-4f77-8619-ca1f6f9618aa	7	121561238	126406489	2965	-0.2543
d27e7cd1-b7bb-4f77-8619-ca1f6f9618aa	7	126406546	126406827	8	0.5016
d27e7cd1-b7bb-4f77-8619-ca1f6f9618aa	7	126412712	127468814	756	-0.2697
d27e7cd1-b7bb-4f77-8619-ca1f6f9618aa	7	127468923	134100664	3943	-0.2343
d27e7cd1-b7bb-4f77-8619-ca1f6f9618aa	7	134100967	134105690	18	-0.7198
d27e7cd1-b7bb-4f77-8619-ca1f6f9618aa	7	134110881	141303245	4713	-0.2292
d27e7cd1-b7bb-4f77-8619-ca1f6f9618aa	7	141304226	141304510	2	-1.6058
d27e7cd1-b7bb-4f77-8619-ca1f6f9618aa	7	141304666	142693032	899	-0.2235
d27e7cd1-b7bb-4f77-8619-ca1f6f9618aa	7	142693891	142693973	2	-1.8637
d27e7cd1-b7bb-4f77-8619-ca1f6f9618aa	7	142694837	154598185	7221	-0.2347
d27e7cd1-b7bb-4f77-8619-ca1f6f9618aa	7	154601461	154607903	4	-2.7706
d27e7cd1-b7bb-4f77-8619-ca1f6f9618aa	7	154609120	159334314	3228	-0.2197
d27e7cd1-b7bb-4f77-8619-ca1f6f9618aa	8	81254	208062	4	0.053
d27e7cd1-b7bb-4f77-8619-ca1f6f9618aa	8	212672	2366263	1614	-0.8375
d27e7cd1-b7bb-4f77-8619-ca1f6f9618aa	8	2370507	2370865	5	-4.5207
d27e7cd1-b7bb-4f77-8619-ca1f6f9618aa	8	2371071	7056328	5949	-0.8835
d27e7cd1-b7bb-4f77-8619-ca1f6f9618aa	8	7056566	8277491	159	-0.4567
d27e7cd1-b7bb-4f77-8619-ca1f6f9618aa	8	8277918	11153220	2494	-0.8342
d27e7cd1-b7bb-4f77-8619-ca1f6f9618aa	8	11153238	11153316	2	-3.9477
d27e7cd1-b7bb-4f77-8619-ca1f6f9618aa	8	11153662	12143614	655	-0.8189
d27e7cd1-b7bb-4f77-8619-ca1f6f9618aa	8	12176798	12720581	87	-0.251
d27e7cd1-b7bb-4f77-8619-ca1f6f9618aa	8	12727927	18062828	4929	-0.8413
d27e7cd1-b7bb-4f77-8619-ca1f6f9618aa	8	18064412	18064887	2	-5.235
d27e7cd1-b7bb-4f77-8619-ca1f6f9618aa	8	18065416	21623819	3149	-0.83
d27e7cd1-b7bb-4f77-8619-ca1f6f9618aa	8	21627550	21632647	6	-2.7616
d27e7cd1-b7bb-4f77-8619-ca1f6f9618aa	8	21636972	23544795	1036	-0.7841
d27e7cd1-b7bb-4f77-8619-ca1f6f9618aa	8	23550227	23550298	4	-3.6361
d27e7cd1-b7bb-4f77-8619-ca1f6f9618aa	8	23550358	37269625	9017	-0.8156
d27e7cd1-b7bb-4f77-8619-ca1f6f9618aa	8	37270301	37273772	3	-2.9016
d27e7cd1-b7bb-4f77-8619-ca1f6f9618aa	8	37274389	37674528	255	-0.8418
d27e7cd1-b7bb-4f77-8619-ca1f6f9618aa	8	37682496	38464828	365	-0.6551
d27e7cd1-b7bb-4f77-8619-ca1f6f9618aa	8	38472425	42222450	2342	-0.8067
d27e7cd1-b7bb-4f77-8619-ca1f6f9618aa	8	42223382	43931659	723	-0.6899
d27e7cd1-b7bb-4f77-8619-ca1f6f9618aa	8	45951913	46906076	329	-0.074
d27e7cd1-b7bb-4f77-8619-ca1f6f9618aa	8	46907497	69272096	13738	-0.2026
d27e7cd1-b7bb-4f77-8619-ca1f6f9618aa	8	69275983	69294368	12	1.094
d27e7cd1-b7bb-4f77-8619-ca1f6f9618aa	8	69295362	69296082	7	0.1546
d27e7cd1-b7bb-4f77-8619-ca1f6f9618aa	8	69299337	70040504	503	1.1141
d27e7cd1-b7bb-4f77-8619-ca1f6f9618aa	8	70041692	70042599	7	0.2528
d27e7cd1-b7bb-4f77-8619-ca1f6f9618aa	8	70048926	73786568	2470	1.0499
d27e7cd1-b7bb-4f77-8619-ca1f6f9618aa	8	73788110	74862909	685	0.9307
d27e7cd1-b7bb-4f77-8619-ca1f6f9618aa	8	74863819	78261987	1985	0.8445
d27e7cd1-b7bb-4f77-8619-ca1f6f9618aa	8	78262264	78451607	89	0.942
d27e7cd1-b7bb-4f77-8619-ca1f6f9618aa	8	78452037	78864199	209	0.6759
d27e7cd1-b7bb-4f77-8619-ca1f6f9618aa	8	78878090	78898604	44	1.0012
d27e7cd1-b7bb-4f77-8619-ca1f6f9618aa	8	78898675	79616242	460	0.7019
d27e7cd1-b7bb-4f77-8619-ca1f6f9618aa	8	79617718	89214756	5419	0.8533
d27e7cd1-b7bb-4f77-8619-ca1f6f9618aa	8	89215056	89384229	152	0.5223
d27e7cd1-b7bb-4f77-8619-ca1f6f9618aa	8	89384505	89579780	77	0.8846
d27e7cd1-b7bb-4f77-8619-ca1f6f9618aa	8	89584209	89686412	89	0.6952
d27e7cd1-b7bb-4f77-8619-ca1f6f9618aa	8	89687303	92007104	1331	0.8739
d27e7cd1-b7bb-4f77-8619-ca1f6f9618aa	8	92007199	92007901	6	0.1938
d27e7cd1-b7bb-4f77-8619-ca1f6f9618aa	8	92008360	94547824	1522	0.8562
d27e7cd1-b7bb-4f77-8619-ca1f6f9618aa	8	94547853	94558223	11	0.1957
d27e7cd1-b7bb-4f77-8619-ca1f6f9618aa	8	94564122	102486089	4945	0.8724
d27e7cd1-b7bb-4f77-8619-ca1f6f9618aa	8	102486429	102980362	309	1.0045
d27e7cd1-b7bb-4f77-8619-ca1f6f9618aa	8	102982683	102983595	2	-1.191
d27e7cd1-b7bb-4f77-8619-ca1f6f9618aa	8	102985207	105930867	1747	0.9731
d27e7cd1-b7bb-4f77-8619-ca1f6f9618aa	8	105931017	106383760	283	1.0731
d27e7cd1-b7bb-4f77-8619-ca1f6f9618aa	8	106383957	108579321	1466	0.9724
d27e7cd1-b7bb-4f77-8619-ca1f6f9618aa	8	108583483	112868282	2358	0.8499
d27e7cd1-b7bb-4f77-8619-ca1f6f9618aa	8	112878376	112891856	12	0.7291
d27e7cd1-b7bb-4f77-8619-ca1f6f9618aa	8	112895588	112908212	7	-0.5563
d27e7cd1-b7bb-4f77-8619-ca1f6f9618aa	8	112911076	113331997	209	0.8357
d27e7cd1-b7bb-4f77-8619-ca1f6f9618aa	8	113337665	115020579	1031	0.5133
d27e7cd1-b7bb-4f77-8619-ca1f6f9618aa	8	115021086	128744020	9551	0.7168
d27e7cd1-b7bb-4f77-8619-ca1f6f9618aa	8	128750889	128751839	2	1.9002
d27e7cd1-b7bb-4f77-8619-ca1f6f9618aa	8	128765208	138112285	7275	0.7159
d27e7cd1-b7bb-4f77-8619-ca1f6f9618aa	8	138112596	143222462	3332	0.7675
d27e7cd1-b7bb-4f77-8619-ca1f6f9618aa	8	143227585	143228447	10	-0.0649
d27e7cd1-b7bb-4f77-8619-ca1f6f9618aa	8	143232207	143616987	119	0.8068
d27e7cd1-b7bb-4f77-8619-ca1f6f9618aa	8	143622987	143625638	9	0.233
d27e7cd1-b7bb-4f77-8619-ca1f6f9618aa	8	143636819	144986209	460	0.7985
d27e7cd1-b7bb-4f77-8619-ca1f6f9618aa	8	144988072	145072769	44	0.658
d27e7cd1-b7bb-4f77-8619-ca1f6f9618aa	9	46587	5081416	5239	-0.0123
d27e7cd1-b7bb-4f77-8619-ca1f6f9618aa	9	5081528	5083017	12	0.5925
d27e7cd1-b7bb-4f77-8619-ca1f6f9618aa	9	5084226	7316250	1753	-0.0071
d27e7cd1-b7bb-4f77-8619-ca1f6f9618aa	9	7317290	7319089	5	0.821
d27e7cd1-b7bb-4f77-8619-ca1f6f9618aa	9	7319208	8143420	828	-0.0323
d27e7cd1-b7bb-4f77-8619-ca1f6f9618aa	9	8143686	12554856	3850	-0.0619
d27e7cd1-b7bb-4f77-8619-ca1f6f9618aa	9	12556594	12562294	3	-2.4709
d27e7cd1-b7bb-4f77-8619-ca1f6f9618aa	9	12565520	16461431	3224	-0.0269
d27e7cd1-b7bb-4f77-8619-ca1f6f9618aa	9	16461877	17316543	696	0.0367
d27e7cd1-b7bb-4f77-8619-ca1f6f9618aa	9	17316983	23361807	4782	-0.0282
d27e7cd1-b7bb-4f77-8619-ca1f6f9618aa	9	23363117	23373486	8	0.9928
d27e7cd1-b7bb-4f77-8619-ca1f6f9618aa	9	23378490	24272885	637	-0.0034
d27e7cd1-b7bb-4f77-8619-ca1f6f9618aa	9	24278839	31452553	5311	-0.0452
d27e7cd1-b7bb-4f77-8619-ca1f6f9618aa	9	31453589	36351483	3028	0.003
d27e7cd1-b7bb-4f77-8619-ca1f6f9618aa	9	36353782	38808961	1688	-0.1546
d27e7cd1-b7bb-4f77-8619-ca1f6f9618aa	9	38912300	41473331	140	0.0549
d27e7cd1-b7bb-4f77-8619-ca1f6f9618aa	9	41473518	42014203	32	0.5691
d27e7cd1-b7bb-4f77-8619-ca1f6f9618aa	9	42037471	42156306	16	-2.0231
d27e7cd1-b7bb-4f77-8619-ca1f6f9618aa	9	42159409	61860153	115	-0.2789
d27e7cd1-b7bb-4f77-8619-ca1f6f9618aa	9	61918788	67042427	136	0.1527
d27e7cd1-b7bb-4f77-8619-ca1f6f9618aa	9	67073081	67216687	11	-0.748
d27e7cd1-b7bb-4f77-8619-ca1f6f9618aa	9	67375814	86175445	12823	-0.1693
d27e7cd1-b7bb-4f77-8619-ca1f6f9618aa	9	86180063	86180304	2	-1.872
d27e7cd1-b7bb-4f77-8619-ca1f6f9618aa	9	86184784	93707815	5267	-0.1587
d27e7cd1-b7bb-4f77-8619-ca1f6f9618aa	9	93708429	93708675	2	-3.1735
d27e7cd1-b7bb-4f77-8619-ca1f6f9618aa	9	93710664	95679348	1349	-0.1551
d27e7cd1-b7bb-4f77-8619-ca1f6f9618aa	9	95679604	95682778	2	-1.9742
d27e7cd1-b7bb-4f77-8619-ca1f6f9618aa	9	95683282	123807424	20441	-0.1657
d27e7cd1-b7bb-4f77-8619-ca1f6f9618aa	9	123808903	138064586	7872	-0.1197
d27e7cd1-b7bb-4f77-8619-ca1f6f9618aa	9	138065037	138200944	104	-0.0045
d27e7cd1-b7bb-4f77-8619-ca1f6f9618aa	10	45792	487391	255	0.4845
d27e7cd1-b7bb-4f77-8619-ca1f6f9618aa	10	488279	489348	2	-1.0693
d27e7cd1-b7bb-4f77-8619-ca1f6f9618aa	10	491808	34073539	26055	0.4746
d27e7cd1-b7bb-4f77-8619-ca1f6f9618aa	10	34073637	44784738	4575	0.1412
d27e7cd1-b7bb-4f77-8619-ca1f6f9618aa	10	44786477	44900134	83	0.5674
d27e7cd1-b7bb-4f77-8619-ca1f6f9618aa	10	44906877	45720318	452	0.7596
d27e7cd1-b7bb-4f77-8619-ca1f6f9618aa	10	45729929	51385945	2819	0.1338
d27e7cd1-b7bb-4f77-8619-ca1f6f9618aa	10	51386191	54559465	2540	-0.3688
d27e7cd1-b7bb-4f77-8619-ca1f6f9618aa	10	54565416	57307078	1913	0.4341
d27e7cd1-b7bb-4f77-8619-ca1f6f9618aa	10	57310605	58278917	750	0.9978
d27e7cd1-b7bb-4f77-8619-ca1f6f9618aa	10	58279704	59246685	667	0.4941
d27e7cd1-b7bb-4f77-8619-ca1f6f9618aa	10	59254406	59510907	167	-0.3535
d27e7cd1-b7bb-4f77-8619-ca1f6f9618aa	10	59512666	60742428	989	0.125
d27e7cd1-b7bb-4f77-8619-ca1f6f9618aa	10	60744463	61377425	420	0.7463
d27e7cd1-b7bb-4f77-8619-ca1f6f9618aa	10	61378225	62906195	1036	0.4542
d27e7cd1-b7bb-4f77-8619-ca1f6f9618aa	10	62908272	63965950	599	0.1272
d27e7cd1-b7bb-4f77-8619-ca1f6f9618aa	10	63966775	65548193	1075	-0.3634
d27e7cd1-b7bb-4f77-8619-ca1f6f9618aa	10	65548259	65554688	25	0.488
d27e7cd1-b7bb-4f77-8619-ca1f6f9618aa	10	65563037	66461791	712	-0.3559
d27e7cd1-b7bb-4f77-8619-ca1f6f9618aa	10	66463938	66532610	50	-0.9036
d27e7cd1-b7bb-4f77-8619-ca1f6f9618aa	10	66532630	75542263	5307	-0.3298
d27e7cd1-b7bb-4f77-8619-ca1f6f9618aa	10	75542586	75665367	87	-0.8974
d27e7cd1-b7bb-4f77-8619-ca1f6f9618aa	10	75670683	78352399	2058	-0.3379
d27e7cd1-b7bb-4f77-8619-ca1f6f9618aa	10	78352427	78352437	2	1.0008
d27e7cd1-b7bb-4f77-8619-ca1f6f9618aa	10	78352458	79624129	991	-0.3385
d27e7cd1-b7bb-4f77-8619-ca1f6f9618aa	10	79625643	79754434	14	-0.9784
d27e7cd1-b7bb-4f77-8619-ca1f6f9618aa	10	79763550	80160044	181	-0.2146
d27e7cd1-b7bb-4f77-8619-ca1f6f9618aa	10	80160106	87021249	4943	-0.3578
d27e7cd1-b7bb-4f77-8619-ca1f6f9618aa	10	87022551	87406711	82	-0.1171
d27e7cd1-b7bb-4f77-8619-ca1f6f9618aa	10	87407654	91731819	3137	-0.3718
d27e7cd1-b7bb-4f77-8619-ca1f6f9618aa	10	91731849	98567196	4150	-0.3277
d27e7cd1-b7bb-4f77-8619-ca1f6f9618aa	10	98567668	98568448	2	-1.8655
d27e7cd1-b7bb-4f77-8619-ca1f6f9618aa	10	98571193	103785646	2765	-0.3177
d27e7cd1-b7bb-4f77-8619-ca1f6f9618aa	10	103787093	118416205	10421	-0.3589
d27e7cd1-b7bb-4f77-8619-ca1f6f9618aa	10	118416293	118418795	6	-4.7548
d27e7cd1-b7bb-4f77-8619-ca1f6f9618aa	10	118419847	130862896	9560	-0.3402
d27e7cd1-b7bb-4f77-8619-ca1f6f9618aa	10	130864472	130864635	2	-2.4615
d27e7cd1-b7bb-4f77-8619-ca1f6f9618aa	10	130864810	133654968	1622	-0.3228
d27e7cd1-b7bb-4f77-8619-ca1f6f9618aa	11	198510	4063665	1607	0.0049
d27e7cd1-b7bb-4f77-8619-ca1f6f9618aa	11	4064299	4109060	38	-0.3119
d27e7cd1-b7bb-4f77-8619-ca1f6f9618aa	11	4116844	4213518	87	-0.0751
d27e7cd1-b7bb-4f77-8619-ca1f6f9618aa	11	4214545	4337826	34	0.2814
d27e7cd1-b7bb-4f77-8619-ca1f6f9618aa	11	4363567	4946420	651	-0.0497
d27e7cd1-b7bb-4f77-8619-ca1f6f9618aa	11	4947280	4955042	30	-2.1786
d27e7cd1-b7bb-4f77-8619-ca1f6f9618aa	11	4955781	5862087	892	-0.0683
d27e7cd1-b7bb-4f77-8619-ca1f6f9618aa	11	5864481	5922991	39	0.5633
d27e7cd1-b7bb-4f77-8619-ca1f6f9618aa	11	5924672	18919323	9284	-0.0343
d27e7cd1-b7bb-4f77-8619-ca1f6f9618aa	11	18927525	18949628	50	0.5305
d27e7cd1-b7bb-4f77-8619-ca1f6f9618aa	11	18949833	20832621	1675	-0.0328
d27e7cd1-b7bb-4f77-8619-ca1f6f9618aa	11	20832721	39233578	13007	-0.0602
d27e7cd1-b7bb-4f77-8619-ca1f6f9618aa	11	39233848	41863952	1823	-0.0382
d27e7cd1-b7bb-4f77-8619-ca1f6f9618aa	11	41864195	41979164	85	0.2121
d27e7cd1-b7bb-4f77-8619-ca1f6f9618aa	11	41982038	48822872	4050	-0.015
d27e7cd1-b7bb-4f77-8619-ca1f6f9618aa	11	48822906	48871638	8	0.6155
d27e7cd1-b7bb-4f77-8619-ca1f6f9618aa	11	48871667	49737304	355	-0.0519
d27e7cd1-b7bb-4f77-8619-ca1f6f9618aa	11	49737435	49739136	7	-1.2009
d27e7cd1-b7bb-4f77-8619-ca1f6f9618aa	11	49744609	60898869	3975	-0.0402
d27e7cd1-b7bb-4f77-8619-ca1f6f9618aa	11	60900435	78155234	8458	0.0104
d27e7cd1-b7bb-4f77-8619-ca1f6f9618aa	11	78157884	80256469	1591	-0.0423
d27e7cd1-b7bb-4f77-8619-ca1f6f9618aa	11	80256504	80256520	2	-2.657
d27e7cd1-b7bb-4f77-8619-ca1f6f9618aa	11	80256642	135074876	38984	-0.0425
d27e7cd1-b7bb-4f77-8619-ca1f6f9618aa	12	51460	7725671	5319	0.2503
d27e7cd1-b7bb-4f77-8619-ca1f6f9618aa	12	7731755	7792788	24	0.7197
d27e7cd1-b7bb-4f77-8619-ca1f6f9618aa	12	7799180	9477960	829	0.2645
d27e7cd1-b7bb-4f77-8619-ca1f6f9618aa	12	9481274	9561078	22	-2.0761
d27e7cd1-b7bb-4f77-8619-ca1f6f9618aa	12	9562969	11358644	1178	0.2035
d27e7cd1-b7bb-4f77-8619-ca1f6f9618aa	12	11359558	11390472	29	0.6843
d27e7cd1-b7bb-4f77-8619-ca1f6f9618aa	12	11399258	33235894	15447	0.2338
d27e7cd1-b7bb-4f77-8619-ca1f6f9618aa	12	33237809	33242207	3	-3.9112
d27e7cd1-b7bb-4f77-8619-ca1f6f9618aa	12	33242483	58449676	12873	0.2395
d27e7cd1-b7bb-4f77-8619-ca1f6f9618aa	12	58450075	58450202	3	-1.344
d27e7cd1-b7bb-4f77-8619-ca1f6f9618aa	12	58450372	70478078	7831	0.2233
d27e7cd1-b7bb-4f77-8619-ca1f6f9618aa	12	70478895	70485605	10	-0.4763
d27e7cd1-b7bb-4f77-8619-ca1f6f9618aa	12	70485653	92628820	13833	0.2133
d27e7cd1-b7bb-4f77-8619-ca1f6f9618aa	12	92630032	108512946	10998	0.2378
d27e7cd1-b7bb-4f77-8619-ca1f6f9618aa	12	108515980	127147836	11956	0.2683
d27e7cd1-b7bb-4f77-8619-ca1f6f9618aa	12	127149591	127150001	7	-0.5326
d27e7cd1-b7bb-4f77-8619-ca1f6f9618aa	12	127150302	133008073	4359	0.2625
d27e7cd1-b7bb-4f77-8619-ca1f6f9618aa	12	133008144	133201603	100	0.1672
d27e7cd1-b7bb-4f77-8619-ca1f6f9618aa	13	18452809	22659627	2587	0.259
d27e7cd1-b7bb-4f77-8619-ca1f6f9618aa	13	22660102	29898828	5401	-0.0261
d27e7cd1-b7bb-4f77-8619-ca1f6f9618aa	13	29899537	29901422	2	-1.5865
d27e7cd1-b7bb-4f77-8619-ca1f6f9618aa	13	29901713	31244883	1101	-0.0319
d27e7cd1-b7bb-4f77-8619-ca1f6f9618aa	13	31256099	31289466	28	-0.8064
d27e7cd1-b7bb-4f77-8619-ca1f6f9618aa	13	31290190	31958485	433	-0.0462
d27e7cd1-b7bb-4f77-8619-ca1f6f9618aa	13	31958590	31964286	17	-1.2973
d27e7cd1-b7bb-4f77-8619-ca1f6f9618aa	13	31965910	37501828	3900	-0.0347
d27e7cd1-b7bb-4f77-8619-ca1f6f9618aa	13	37502130	37510406	10	-0.7801
d27e7cd1-b7bb-4f77-8619-ca1f6f9618aa	13	37510595	39220594	1234	-0.0724
d27e7cd1-b7bb-4f77-8619-ca1f6f9618aa	13	39224053	53169422	9040	-0.0287
d27e7cd1-b7bb-4f77-8619-ca1f6f9618aa	13	53169454	63877419	6190	-0.0568
d27e7cd1-b7bb-4f77-8619-ca1f6f9618aa	13	63877488	63878837	2	-2.7892
d27e7cd1-b7bb-4f77-8619-ca1f6f9618aa	13	63879658	78628317	9890	-0.067
d27e7cd1-b7bb-4f77-8619-ca1f6f9618aa	13	78628970	78633509	4	-1.6263
d27e7cd1-b7bb-4f77-8619-ca1f6f9618aa	13	78635700	78925839	189	-0.0813
d27e7cd1-b7bb-4f77-8619-ca1f6f9618aa	13	78926583	78928933	2	-1.3674
d27e7cd1-b7bb-4f77-8619-ca1f6f9618aa	13	78930313	82070032	1971	-0.0494
d27e7cd1-b7bb-4f77-8619-ca1f6f9618aa	13	82070234	85039558	1884	-0.0953
d27e7cd1-b7bb-4f77-8619-ca1f6f9618aa	13	85040339	101894885	10893	-0.0409
d27e7cd1-b7bb-4f77-8619-ca1f6f9618aa	13	101896338	107403496	4542	-0.0675
d27e7cd1-b7bb-4f77-8619-ca1f6f9618aa	13	107403766	114337399	4762	-0.0241
d27e7cd1-b7bb-4f77-8619-ca1f6f9618aa	13	114340311	114342922	3	0.4798
d27e7cd1-b7bb-4f77-8619-ca1f6f9618aa	14	18239283	18693043	25	1.1588
d27e7cd1-b7bb-4f77-8619-ca1f6f9618aa	14	18950560	19367655	25	-0.4503
d27e7cd1-b7bb-4f77-8619-ca1f6f9618aa	14	19380699	19669187	12	0.1565
d27e7cd1-b7bb-4f77-8619-ca1f6f9618aa	14	19675350	19823991	34	-0.4256
d27e7cd1-b7bb-4f77-8619-ca1f6f9618aa	14	19824032	19957701	73	-0.7271
d27e7cd1-b7bb-4f77-8619-ca1f6f9618aa	14	19957752	27186573	4865	-0.3367
d27e7cd1-b7bb-4f77-8619-ca1f6f9618aa	14	27188410	27391391	139	-0.8188
d27e7cd1-b7bb-4f77-8619-ca1f6f9618aa	14	27398580	28584973	642	-0.3523
d27e7cd1-b7bb-4f77-8619-ca1f6f9618aa	14	28587704	28589839	2	-1.979
d27e7cd1-b7bb-4f77-8619-ca1f6f9618aa	14	28592054	37416118	5666	-0.3541
d27e7cd1-b7bb-4f77-8619-ca1f6f9618aa	14	37417505	38050412	309	-0.7917
d27e7cd1-b7bb-4f77-8619-ca1f6f9618aa	14	38052576	65296918	17282	-0.3619
d27e7cd1-b7bb-4f77-8619-ca1f6f9618aa	14	65297351	80446226	9654	-0.5505
d27e7cd1-b7bb-4f77-8619-ca1f6f9618aa	14	80448285	80448550	2	-3.0985
d27e7cd1-b7bb-4f77-8619-ca1f6f9618aa	14	80448690	98683894	12469	-0.5685
d27e7cd1-b7bb-4f77-8619-ca1f6f9618aa	14	98684021	98684461	2	-2.76
d27e7cd1-b7bb-4f77-8619-ca1f6f9618aa	14	98684474	105360751	3480	-0.5201
d27e7cd1-b7bb-4f77-8619-ca1f6f9618aa	14	105362000	106877229	553	-0.4492
d27e7cd1-b7bb-4f77-8619-ca1f6f9618aa	15	19811075	20187568	55	0.2911
d27e7cd1-b7bb-4f77-8619-ca1f6f9618aa	15	20190276	22413894	154	0.7637
d27e7cd1-b7bb-4f77-8619-ca1f6f9618aa	15	22455811	24424509	989	0.1542
d27e7cd1-b7bb-4f77-8619-ca1f6f9618aa	15	24424598	24480146	36	-0.1678
d27e7cd1-b7bb-4f77-8619-ca1f6f9618aa	15	24482084	33613936	5595	0.1473
d27e7cd1-b7bb-4f77-8619-ca1f6f9618aa	15	33614264	33616418	8	-0.88
d27e7cd1-b7bb-4f77-8619-ca1f6f9618aa	15	33616769	46679070	7924	0.1491
d27e7cd1-b7bb-4f77-8619-ca1f6f9618aa	15	46680015	47220457	325	0.1235
d27e7cd1-b7bb-4f77-8619-ca1f6f9618aa	15	47221056	47227357	7	-0.4192
d27e7cd1-b7bb-4f77-8619-ca1f6f9618aa	15	47233464	49574891	1523	0.1086
d27e7cd1-b7bb-4f77-8619-ca1f6f9618aa	15	49575413	76586021	17279	0.1471
d27e7cd1-b7bb-4f77-8619-ca1f6f9618aa	15	76598900	76603434	22	0.8951
d27e7cd1-b7bb-4f77-8619-ca1f6f9618aa	15	76609838	96851386	13882	0.1416
d27e7cd1-b7bb-4f77-8619-ca1f6f9618aa	15	96851514	96851596	3	-2.2503
d27e7cd1-b7bb-4f77-8619-ca1f6f9618aa	15	96855147	101928837	3719	0.1428
d27e7cd1-b7bb-4f77-8619-ca1f6f9618aa	16	10777	5901423	3020	-0.3011
d27e7cd1-b7bb-4f77-8619-ca1f6f9618aa	16	5901721	6697138	959	-0.3985
d27e7cd1-b7bb-4f77-8619-ca1f6f9618aa	16	6698455	6698741	2	-2.5484
d27e7cd1-b7bb-4f77-8619-ca1f6f9618aa	16	6699080	7658032	1226	-0.3891
d27e7cd1-b7bb-4f77-8619-ca1f6f9618aa	16	7658588	18595356	7524	-0.3197
d27e7cd1-b7bb-4f77-8619-ca1f6f9618aa	16	18615979	18618085	2	-3.846
d27e7cd1-b7bb-4f77-8619-ca1f6f9618aa	16	18621034	22430699	1984	-0.3123
d27e7cd1-b7bb-4f77-8619-ca1f6f9618aa	16	22546611	22699421	73	0.0376
d27e7cd1-b7bb-4f77-8619-ca1f6f9618aa	16	22701658	31927134	5075	-0.3155
d27e7cd1-b7bb-4f77-8619-ca1f6f9618aa	16	31927270	34176391	129	-0.0785
d27e7cd1-b7bb-4f77-8619-ca1f6f9618aa	16	34196508	55761136	6855	-0.3265
d27e7cd1-b7bb-4f77-8619-ca1f6f9618aa	16	55762477	55782331	17	0.6861
d27e7cd1-b7bb-4f77-8619-ca1f6f9618aa	16	55782734	58898078	1883	-0.3132
d27e7cd1-b7bb-4f77-8619-ca1f6f9618aa	16	58899378	66216112	5060	-0.3498
d27e7cd1-b7bb-4f77-8619-ca1f6f9618aa	16	66219719	70090510	1791	-0.292
d27e7cd1-b7bb-4f77-8619-ca1f6f9618aa	16	70090862	70212430	23	0.293
d27e7cd1-b7bb-4f77-8619-ca1f6f9618aa	16	70212436	72988374	1273	-0.3054
d27e7cd1-b7bb-4f77-8619-ca1f6f9618aa	16	72988598	72998767	8	-2.145
d27e7cd1-b7bb-4f77-8619-ca1f6f9618aa	16	72999080	73479635	338	-0.3259
d27e7cd1-b7bb-4f77-8619-ca1f6f9618aa	16	73479663	73482401	2	-2.5992
d27e7cd1-b7bb-4f77-8619-ca1f6f9618aa	16	73485152	78154903	3695	-0.3346
d27e7cd1-b7bb-4f77-8619-ca1f6f9618aa	16	78155401	78320176	166	-0.8257
d27e7cd1-b7bb-4f77-8619-ca1f6f9618aa	16	78327252	78381741	75	-0.5681
d27e7cd1-b7bb-4f77-8619-ca1f6f9618aa	16	78382229	78456684	85	-0.7783
d27e7cd1-b7bb-4f77-8619-ca1f6f9618aa	16	78458928	83106663	5085	-0.3444
d27e7cd1-b7bb-4f77-8619-ca1f6f9618aa	16	83106724	83106873	2	-2.4933
d27e7cd1-b7bb-4f77-8619-ca1f6f9618aa	16	83107501	83855218	987	-0.3432
d27e7cd1-b7bb-4f77-8619-ca1f6f9618aa	16	83856075	83858164	4	-5.1988
d27e7cd1-b7bb-4f77-8619-ca1f6f9618aa	16	83858313	90096867	4370	-0.3205
d27e7cd1-b7bb-4f77-8619-ca1f6f9618aa	17	150733	18414080	11364	-0.3131
d27e7cd1-b7bb-4f77-8619-ca1f6f9618aa	17	18452078	18523147	18	0.5471
d27e7cd1-b7bb-4f77-8619-ca1f6f9618aa	17	18529764	22668477	1452	-0.2763
d27e7cd1-b7bb-4f77-8619-ca1f6f9618aa	17	22669468	26943491	34	-0.1789
d27e7cd1-b7bb-4f77-8619-ca1f6f9618aa	17	26943774	28792968	907	0.162
d27e7cd1-b7bb-4f77-8619-ca1f6f9618aa	17	28795148	41557666	7296	-0.1486
d27e7cd1-b7bb-4f77-8619-ca1f6f9618aa	17	41559749	42204342	286	-0.4479
d27e7cd1-b7bb-4f77-8619-ca1f6f9618aa	17	42204730	51031300	4312	-0.1257
d27e7cd1-b7bb-4f77-8619-ca1f6f9618aa	17	51035802	51243269	76	0.068
d27e7cd1-b7bb-4f77-8619-ca1f6f9618aa	17	51251245	53363069	1561	-0.1717
d27e7cd1-b7bb-4f77-8619-ca1f6f9618aa	17	53366288	53368147	3	-1.5853
d27e7cd1-b7bb-4f77-8619-ca1f6f9618aa	17	53370566	53614723	151	-0.1737
d27e7cd1-b7bb-4f77-8619-ca1f6f9618aa	17	53619928	53649820	15	-2.0081
d27e7cd1-b7bb-4f77-8619-ca1f6f9618aa	17	53651183	78634082	15376	-0.1439
d27e7cd1-b7bb-4f77-8619-ca1f6f9618aa	17	78634453	78634683	4	-1.3008
d27e7cd1-b7bb-4f77-8619-ca1f6f9618aa	17	78637503	83091923	2090	-0.1115
d27e7cd1-b7bb-4f77-8619-ca1f6f9618aa	18	48133	40538724	22664	-0.0222
d27e7cd1-b7bb-4f77-8619-ca1f6f9618aa	18	40539247	40680456	101	-0.2138
d27e7cd1-b7bb-4f77-8619-ca1f6f9618aa	18	40680470	40688060	19	-1.7768
d27e7cd1-b7bb-4f77-8619-ca1f6f9618aa	18	40689534	63980661	16046	-0.1852
d27e7cd1-b7bb-4f77-8619-ca1f6f9618aa	18	63980719	67278335	2239	-0.2405
d27e7cd1-b7bb-4f77-8619-ca1f6f9618aa	18	67278609	67300797	39	0.1009
d27e7cd1-b7bb-4f77-8619-ca1f6f9618aa	18	67300944	71234189	2878	-0.2113
d27e7cd1-b7bb-4f77-8619-ca1f6f9618aa	18	71237398	71237560	2	-2.0761
d27e7cd1-b7bb-4f77-8619-ca1f6f9618aa	18	71238000	73648366	1887	-0.249
d27e7cd1-b7bb-4f77-8619-ca1f6f9618aa	18	73653691	80257174	4792	-0.1798
d27e7cd1-b7bb-4f77-8619-ca1f6f9618aa	19	90910	10478746	3999	-0.268
d27e7cd1-b7bb-4f77-8619-ca1f6f9618aa	19	10482366	10485210	4	-1.6509
d27e7cd1-b7bb-4f77-8619-ca1f6f9618aa	19	10488048	14901914	2062	-0.271
d27e7cd1-b7bb-4f77-8619-ca1f6f9618aa	19	14902796	14905818	3	-2.3741
d27e7cd1-b7bb-4f77-8619-ca1f6f9618aa	19	14905848	34352095	9941	-0.3047
d27e7cd1-b7bb-4f77-8619-ca1f6f9618aa	19	34353510	35358285	664	0.0105
d27e7cd1-b7bb-4f77-8619-ca1f6f9618aa	19	35358319	35387478	35	0.3973
d27e7cd1-b7bb-4f77-8619-ca1f6f9618aa	19	35389988	35391557	2	-0.5201
d27e7cd1-b7bb-4f77-8619-ca1f6f9618aa	19	35391585	40828847	2749	0.0393
d27e7cd1-b7bb-4f77-8619-ca1f6f9618aa	19	40832930	40854267	7	-0.4905
d27e7cd1-b7bb-4f77-8619-ca1f6f9618aa	19	40854465	40870114	19	-2.8719
d27e7cd1-b7bb-4f77-8619-ca1f6f9618aa	19	40886250	43198881	1073	0.036
d27e7cd1-b7bb-4f77-8619-ca1f6f9618aa	19	43199352	43252085	21	-1.0816
d27e7cd1-b7bb-4f77-8619-ca1f6f9618aa	19	43262507	43305795	23	0.059
d27e7cd1-b7bb-4f77-8619-ca1f6f9618aa	19	43307659	43313843	6	-0.7451
d27e7cd1-b7bb-4f77-8619-ca1f6f9618aa	19	43315252	44401739	715	0.0184
d27e7cd1-b7bb-4f77-8619-ca1f6f9618aa	19	44402359	44402382	2	1.9873
d27e7cd1-b7bb-4f77-8619-ca1f6f9618aa	19	44402845	53901012	4975	0.0373
d27e7cd1-b7bb-4f77-8619-ca1f6f9618aa	19	53901209	53901222	2	-1.7408
d27e7cd1-b7bb-4f77-8619-ca1f6f9618aa	19	53901924	58586487	2761	0.0274
d27e7cd1-b7bb-4f77-8619-ca1f6f9618aa	20	80664	1580353	1203	0.2912
d27e7cd1-b7bb-4f77-8619-ca1f6f9618aa	20	1580934	1613203	40	2.2049
d27e7cd1-b7bb-4f77-8619-ca1f6f9618aa	20	1617300	14717654	9851	0.2668
d27e7cd1-b7bb-4f77-8619-ca1f6f9618aa	20	14722256	14812166	71	0.0014
d27e7cd1-b7bb-4f77-8619-ca1f6f9618aa	20	14812188	14812192	2	-2.0671
d27e7cd1-b7bb-4f77-8619-ca1f6f9618aa	20	14812769	14835816	34	-0.346
d27e7cd1-b7bb-4f77-8619-ca1f6f9618aa	20	14836372	14836441	2	-1.1022
d27e7cd1-b7bb-4f77-8619-ca1f6f9618aa	20	14836523	14911141	75	-1.4286
d27e7cd1-b7bb-4f77-8619-ca1f6f9618aa	20	14912030	15306895	332	-0.8687
d27e7cd1-b7bb-4f77-8619-ca1f6f9618aa	20	15309055	15543443	234	-0.3531
d27e7cd1-b7bb-4f77-8619-ca1f6f9618aa	20	15544072	15712662	175	-0.8438
d27e7cd1-b7bb-4f77-8619-ca1f6f9618aa	20	15712710	15748723	29	-0.3661
d27e7cd1-b7bb-4f77-8619-ca1f6f9618aa	20	15753730	15948843	192	0.0023
d27e7cd1-b7bb-4f77-8619-ca1f6f9618aa	20	15951120	18309354	2089	0.2721
d27e7cd1-b7bb-4f77-8619-ca1f6f9618aa	20	18311721	22135117	2801	0.2429
d27e7cd1-b7bb-4f77-8619-ca1f6f9618aa	20	22136306	47148347	12915	0.2795
d27e7cd1-b7bb-4f77-8619-ca1f6f9618aa	20	47151467	47156382	10	-0.504
d27e7cd1-b7bb-4f77-8619-ca1f6f9618aa	20	47160047	49981986	1856	0.2844
d27e7cd1-b7bb-4f77-8619-ca1f6f9618aa	20	49984387	49985637	2	-1.5235
d27e7cd1-b7bb-4f77-8619-ca1f6f9618aa	20	49986086	52092891	1506	0.2982
d27e7cd1-b7bb-4f77-8619-ca1f6f9618aa	20	52094848	61220812	7409	0.2706
d27e7cd1-b7bb-4f77-8619-ca1f6f9618aa	20	61221161	64324800	1522	0.3167
d27e7cd1-b7bb-4f77-8619-ca1f6f9618aa	21	10354168	10511939	20	0.3882
d27e7cd1-b7bb-4f77-8619-ca1f6f9618aa	21	10512663	10756733	66	0.7702
d27e7cd1-b7bb-4f77-8619-ca1f6f9618aa	21	10775586	13166236	25	0.2849
d27e7cd1-b7bb-4f77-8619-ca1f6f9618aa	21	13169048	13224711	9	-0.3297
d27e7cd1-b7bb-4f77-8619-ca1f6f9618aa	21	13227761	14248374	333	-0.1091
d27e7cd1-b7bb-4f77-8619-ca1f6f9618aa	21	14248477	22278814	5843	-0.1901
d27e7cd1-b7bb-4f77-8619-ca1f6f9618aa	21	22283580	22292338	9	0.5924
d27e7cd1-b7bb-4f77-8619-ca1f6f9618aa	21	22294679	28655128	4878	-0.2021
d27e7cd1-b7bb-4f77-8619-ca1f6f9618aa	21	28657885	46677045	12650	-0.1563
d27e7cd1-b7bb-4f77-8619-ca1f6f9618aa	22	15294547	15315221	2	1.4013
d27e7cd1-b7bb-4f77-8619-ca1f6f9618aa	22	15324751	16793318	153	-0.0164
d27e7cd1-b7bb-4f77-8619-ca1f6f9618aa	22	16793545	16828406	22	-0.3271
d27e7cd1-b7bb-4f77-8619-ca1f6f9618aa	22	16828472	16828571	2	-2.2006
d27e7cd1-b7bb-4f77-8619-ca1f6f9618aa	22	16828665	18167915	949	-0.1204
d27e7cd1-b7bb-4f77-8619-ca1f6f9618aa	22	18190590	18783014	8	1.0161
d27e7cd1-b7bb-4f77-8619-ca1f6f9618aa	22	18818348	38967614	14071	-0.12
d27e7cd1-b7bb-4f77-8619-ca1f6f9618aa	22	38967679	38979302	23	-0.9843
d27e7cd1-b7bb-4f77-8619-ca1f6f9618aa	22	38993700	50796027	7997	-0.1224
d27e7cd1-b7bb-4f77-8619-ca1f6f9618aa	X	251810	35640383	22052	0.0051
d27e7cd1-b7bb-4f77-8619-ca1f6f9618aa	X	35641862	35642965	4	-7.887
d27e7cd1-b7bb-4f77-8619-ca1f6f9618aa	X	35643389	70185031	14527	0.0255
d27e7cd1-b7bb-4f77-8619-ca1f6f9618aa	X	70186529	70187606	4	-2.2258
d27e7cd1-b7bb-4f77-8619-ca1f6f9618aa	X	70187714	128607875	30587	0.0006
d27e7cd1-b7bb-4f77-8619-ca1f6f9618aa	X	128607927	128879183	175	-0.4956
d27e7cd1-b7bb-4f77-8619-ca1f6f9618aa	X	128886860	142381716	7614	0.0078
d27e7cd1-b7bb-4f77-8619-ca1f6f9618aa	X	142382126	142383093	11	-1.2769
d27e7cd1-b7bb-4f77-8619-ca1f6f9618aa	X	142392113	144291581	1239	-0.0308
d27e7cd1-b7bb-4f77-8619-ca1f6f9618aa	X	144297863	146087364	1212	-0.2377
d27e7cd1-b7bb-4f77-8619-ca1f6f9618aa	X	146096173	147004401	659	-0.0099
d27e7cd1-b7bb-4f77-8619-ca1f6f9618aa	X	147013776	147230594	157	0.1817
d27e7cd1-b7bb-4f77-8619-ca1f6f9618aa	X	147231155	147270568	38	-0.0344
d27e7cd1-b7bb-4f77-8619-ca1f6f9618aa	X	147271495	147417452	119	-0.2203
d27e7cd1-b7bb-4f77-8619-ca1f6f9618aa	X	147417683	155952689	4713	0.0073
d27e7cd1-b7bb-4f77-8619-ca1f6f9618aa	Y	2782397	6249869	785	-3.1196
d27e7cd1-b7bb-4f77-8619-ca1f6f9618aa	Y	6252391	6892157	131	-3.7242
d27e7cd1-b7bb-4f77-8619-ca1f6f9618aa	Y	6896447	7124607	124	-3.237
d27e7cd1-b7bb-4f77-8619-ca1f6f9618aa	Y	7126364	7127482	2	-7.6439
d27e7cd1-b7bb-4f77-8619-ca1f6f9618aa	Y	7128090	7531801	181	-3.3236
d27e7cd1-b7bb-4f77-8619-ca1f6f9618aa	Y	7532705	10090113	1178	-3.7964
d27e7cd1-b7bb-4f77-8619-ca1f6f9618aa	Y	10092079	10236314	42	-2.3002
d27e7cd1-b7bb-4f77-8619-ca1f6f9618aa	Y	10624017	23586854	4005	-3.6556
d27e7cd1-b7bb-4f77-8619-ca1f6f9618aa	Y	23784615	56872112	192	-2.917
