GDC_Aliquot	Chromosome	Start	End	Num_Probes	Segment_Mean
7a8c7cef-1a07-4297-9c4d-3b8c59d1dccc	1	62920	1710664	213	0.1088
7a8c7cef-1a07-4297-9c4d-3b8c59d1dccc	1	1715891	1720956	6	-0.9171
7a8c7cef-1a07-4297-9c4d-3b8c59d1dccc	1	1731499	10307151	4947	0.0392
7a8c7cef-1a07-4297-9c4d-3b8c59d1dccc	1	10307286	10321714	20	-0.3805
7a8c7cef-1a07-4297-9c4d-3b8c59d1dccc	1	10321730	10396090	50	0.0632
7a8c7cef-1a07-4297-9c4d-3b8c59d1dccc	1	10398321	10398382	2	-0.8103
7a8c7cef-1a07-4297-9c4d-3b8c59d1dccc	1	10408661	12792599	1256	0.0281
7a8c7cef-1a07-4297-9c4d-3b8c59d1dccc	1	12797714	12868035	31	0.3017
7a8c7cef-1a07-4297-9c4d-3b8c59d1dccc	1	12922922	15823420	1818	0.0284
7a8c7cef-1a07-4297-9c4d-3b8c59d1dccc	1	15827002	15828471	9	0.622
7a8c7cef-1a07-4297-9c4d-3b8c59d1dccc	1	15828515	16689764	335	0.0298
7a8c7cef-1a07-4297-9c4d-3b8c59d1dccc	1	16718963	16721984	6	-0.7382
7a8c7cef-1a07-4297-9c4d-3b8c59d1dccc	1	16766762	25256850	5335	0.0264
7a8c7cef-1a07-4297-9c4d-3b8c59d1dccc	1	25266637	25320455	24	0.4232
7a8c7cef-1a07-4297-9c4d-3b8c59d1dccc	1	25336819	34637053	4954	0.024
7a8c7cef-1a07-4297-9c4d-3b8c59d1dccc	1	34637069	34638890	19	-0.5204
7a8c7cef-1a07-4297-9c4d-3b8c59d1dccc	1	34648667	72542484	23938	0.018
7a8c7cef-1a07-4297-9c4d-3b8c59d1dccc	1	72546237	72622475	49	-1.0927
7a8c7cef-1a07-4297-9c4d-3b8c59d1dccc	1	72631417	104497098	20294	0.0104
7a8c7cef-1a07-4297-9c4d-3b8c59d1dccc	1	104503262	104508392	4	-1.1674
7a8c7cef-1a07-4297-9c4d-3b8c59d1dccc	1	104512295	104956399	213	-0.005
7a8c7cef-1a07-4297-9c4d-3b8c59d1dccc	1	104957900	104963200	3	-0.9272
7a8c7cef-1a07-4297-9c4d-3b8c59d1dccc	1	104963330	105476583	286	0.007
7a8c7cef-1a07-4297-9c4d-3b8c59d1dccc	1	105476614	105486456	23	-0.392
7a8c7cef-1a07-4297-9c4d-3b8c59d1dccc	1	105486697	112147704	4595	0.018
7a8c7cef-1a07-4297-9c4d-3b8c59d1dccc	1	112153343	112154768	25	-0.5192
7a8c7cef-1a07-4297-9c4d-3b8c59d1dccc	1	112163334	121573287	5153	0.0156
7a8c7cef-1a07-4297-9c4d-3b8c59d1dccc	1	121573699	144442098	142	0.1841
7a8c7cef-1a07-4297-9c4d-3b8c59d1dccc	1	144442342	152583051	2312	0.0213
7a8c7cef-1a07-4297-9c4d-3b8c59d1dccc	1	152583230	152613762	31	-2.1729
7a8c7cef-1a07-4297-9c4d-3b8c59d1dccc	1	152613802	152618018	5	-0.8613
7a8c7cef-1a07-4297-9c4d-3b8c59d1dccc	1	152618089	158896783	3818	0.0217
7a8c7cef-1a07-4297-9c4d-3b8c59d1dccc	1	158898711	158899969	2	-1.7385
7a8c7cef-1a07-4297-9c4d-3b8c59d1dccc	1	158905028	167795598	6554	0.013
7a8c7cef-1a07-4297-9c4d-3b8c59d1dccc	1	167796946	167797682	4	-0.9971
7a8c7cef-1a07-4297-9c4d-3b8c59d1dccc	1	167799276	169247699	1112	0.0226
7a8c7cef-1a07-4297-9c4d-3b8c59d1dccc	1	169264736	169272528	7	0.6938
7a8c7cef-1a07-4297-9c4d-3b8c59d1dccc	1	169273163	178684145	6041	0.02
7a8c7cef-1a07-4297-9c4d-3b8c59d1dccc	1	178684914	178702586	48	-0.1995
7a8c7cef-1a07-4297-9c4d-3b8c59d1dccc	1	178702615	179354603	523	0.0275
7a8c7cef-1a07-4297-9c4d-3b8c59d1dccc	1	179361393	179364180	4	-1.0807
7a8c7cef-1a07-4297-9c4d-3b8c59d1dccc	1	179370071	196762956	11574	0.0102
7a8c7cef-1a07-4297-9c4d-3b8c59d1dccc	1	196769493	196846661	57	-0.5824
7a8c7cef-1a07-4297-9c4d-3b8c59d1dccc	1	196847600	212831113	10740	0.0128
7a8c7cef-1a07-4297-9c4d-3b8c59d1dccc	1	212831670	212841111	8	-0.9953
7a8c7cef-1a07-4297-9c4d-3b8c59d1dccc	1	212847437	215682652	1932	0.0069
7a8c7cef-1a07-4297-9c4d-3b8c59d1dccc	1	215684851	215688763	14	-0.9726
7a8c7cef-1a07-4297-9c4d-3b8c59d1dccc	1	215692667	222193326	4709	0.0137
7a8c7cef-1a07-4297-9c4d-3b8c59d1dccc	1	222201492	222203662	2	-2.9709
7a8c7cef-1a07-4297-9c4d-3b8c59d1dccc	1	222208792	235117260	8685	0.0196
7a8c7cef-1a07-4297-9c4d-3b8c59d1dccc	1	235124437	235124487	2	-2.0734
7a8c7cef-1a07-4297-9c4d-3b8c59d1dccc	1	235136069	241958718	5248	0.0076
7a8c7cef-1a07-4297-9c4d-3b8c59d1dccc	1	241964690	241995035	14	-0.4324
7a8c7cef-1a07-4297-9c4d-3b8c59d1dccc	1	241995550	245473108	2279	0.0232
7a8c7cef-1a07-4297-9c4d-3b8c59d1dccc	1	245473737	245483602	11	-1.0221
7a8c7cef-1a07-4297-9c4d-3b8c59d1dccc	1	245486349	248930189	2187	0.0175
7a8c7cef-1a07-4297-9c4d-3b8c59d1dccc	2	12784	242147305	149596	0.0106
7a8c7cef-1a07-4297-9c4d-3b8c59d1dccc	3	20930	176980	151	0.005
7a8c7cef-1a07-4297-9c4d-3b8c59d1dccc	3	177449	191117	7	-0.7222
7a8c7cef-1a07-4297-9c4d-3b8c59d1dccc	3	193194	6604856	5663	0.0093
7a8c7cef-1a07-4297-9c4d-3b8c59d1dccc	3	6609441	6610392	11	-1.1732
7a8c7cef-1a07-4297-9c4d-3b8c59d1dccc	3	6610426	6610904	5	-0.3316
7a8c7cef-1a07-4297-9c4d-3b8c59d1dccc	3	6610989	6611645	7	-1.0935
7a8c7cef-1a07-4297-9c4d-3b8c59d1dccc	3	6613391	52989195	29895	0.0125
7a8c7cef-1a07-4297-9c4d-3b8c59d1dccc	3	52994359	53005100	37	-0.696
7a8c7cef-1a07-4297-9c4d-3b8c59d1dccc	3	53005201	162794951	67035	0.0122
7a8c7cef-1a07-4297-9c4d-3b8c59d1dccc	3	162795304	162807070	10	-2.8016
7a8c7cef-1a07-4297-9c4d-3b8c59d1dccc	3	162810842	162898127	52	-1.3643
7a8c7cef-1a07-4297-9c4d-3b8c59d1dccc	3	162906054	175362822	7662	0.003
7a8c7cef-1a07-4297-9c4d-3b8c59d1dccc	3	175362958	175363437	4	-1.2693
7a8c7cef-1a07-4297-9c4d-3b8c59d1dccc	3	175363536	184505604	5364	-0.001
7a8c7cef-1a07-4297-9c4d-3b8c59d1dccc	3	184506142	184506885	3	-1.1624
7a8c7cef-1a07-4297-9c4d-3b8c59d1dccc	3	184507296	186980310	1644	0.0169
7a8c7cef-1a07-4297-9c4d-3b8c59d1dccc	3	186983049	186983135	2	-1.3603
7a8c7cef-1a07-4297-9c4d-3b8c59d1dccc	3	186991016	193160113	4503	0.01
7a8c7cef-1a07-4297-9c4d-3b8c59d1dccc	3	193160173	193165114	19	1.5178
7a8c7cef-1a07-4297-9c4d-3b8c59d1dccc	3	193168646	193416581	176	-0.0026
7a8c7cef-1a07-4297-9c4d-3b8c59d1dccc	3	193416596	193425547	3	-0.9884
7a8c7cef-1a07-4297-9c4d-3b8c59d1dccc	3	193425591	195558822	1304	0.0197
7a8c7cef-1a07-4297-9c4d-3b8c59d1dccc	3	195559056	195720051	26	-0.954
7a8c7cef-1a07-4297-9c4d-3b8c59d1dccc	3	195728637	195934679	99	0.0076
7a8c7cef-1a07-4297-9c4d-3b8c59d1dccc	3	195963975	195974292	4	-1.2313
7a8c7cef-1a07-4297-9c4d-3b8c59d1dccc	3	195974457	198142659	1078	0.0279
7a8c7cef-1a07-4297-9c4d-3b8c59d1dccc	3	198169114	198169247	4	0.8486
7a8c7cef-1a07-4297-9c4d-3b8c59d1dccc	4	68929	9455251	5161	0.0256
7a8c7cef-1a07-4297-9c4d-3b8c59d1dccc	4	9459504	9463248	3	-1.1213
7a8c7cef-1a07-4297-9c4d-3b8c59d1dccc	4	9469529	10190726	503	0.0122
7a8c7cef-1a07-4297-9c4d-3b8c59d1dccc	4	10191803	10203397	27	-0.6182
7a8c7cef-1a07-4297-9c4d-3b8c59d1dccc	4	10207101	10208766	13	0.0706
7a8c7cef-1a07-4297-9c4d-3b8c59d1dccc	4	10221792	10233644	35	1.3964
7a8c7cef-1a07-4297-9c4d-3b8c59d1dccc	4	10234518	10389091	171	0.0186
7a8c7cef-1a07-4297-9c4d-3b8c59d1dccc	4	10390730	10399044	16	-0.622
7a8c7cef-1a07-4297-9c4d-3b8c59d1dccc	4	10401094	19067152	6530	0.0158
7a8c7cef-1a07-4297-9c4d-3b8c59d1dccc	4	19070447	19073332	2	-1.7884
7a8c7cef-1a07-4297-9c4d-3b8c59d1dccc	4	19077768	26021252	4831	0.0183
7a8c7cef-1a07-4297-9c4d-3b8c59d1dccc	4	26026097	26026175	2	-1.2903
7a8c7cef-1a07-4297-9c4d-3b8c59d1dccc	4	26026565	34764075	5418	0.0107
7a8c7cef-1a07-4297-9c4d-3b8c59d1dccc	4	34764149	34823103	48	-0.5779
7a8c7cef-1a07-4297-9c4d-3b8c59d1dccc	4	34828250	44963179	6600	0.0177
7a8c7cef-1a07-4297-9c4d-3b8c59d1dccc	4	44964987	45004175	44	0.9378
7a8c7cef-1a07-4297-9c4d-3b8c59d1dccc	4	45004295	45004318	2	-1.7116
7a8c7cef-1a07-4297-9c4d-3b8c59d1dccc	4	45008952	60631418	8152	0.0188
7a8c7cef-1a07-4297-9c4d-3b8c59d1dccc	4	60635111	60635552	2	-1.6103
7a8c7cef-1a07-4297-9c4d-3b8c59d1dccc	4	60638258	69261926	5051	-0.0028
7a8c7cef-1a07-4297-9c4d-3b8c59d1dccc	4	69261934	69366081	53	-0.5131
7a8c7cef-1a07-4297-9c4d-3b8c59d1dccc	4	69366304	69523998	110	-0.0233
7a8c7cef-1a07-4297-9c4d-3b8c59d1dccc	4	69524143	69525061	2	-2.1761
7a8c7cef-1a07-4297-9c4d-3b8c59d1dccc	4	69526170	115244948	27862	0.0124
7a8c7cef-1a07-4297-9c4d-3b8c59d1dccc	4	115251455	115254969	22	-0.7334
7a8c7cef-1a07-4297-9c4d-3b8c59d1dccc	4	115259026	121360818	3708	0.0084
7a8c7cef-1a07-4297-9c4d-3b8c59d1dccc	4	121361313	121363980	28	-0.6546
7a8c7cef-1a07-4297-9c4d-3b8c59d1dccc	4	121369976	129141596	4356	0.0156
7a8c7cef-1a07-4297-9c4d-3b8c59d1dccc	4	129146391	129147005	2	-3.2974
7a8c7cef-1a07-4297-9c4d-3b8c59d1dccc	4	129151408	171448195	25941	0.0162
7a8c7cef-1a07-4297-9c4d-3b8c59d1dccc	4	171453733	171456573	11	1.0853
7a8c7cef-1a07-4297-9c4d-3b8c59d1dccc	4	171456625	172066706	397	-0.007
7a8c7cef-1a07-4297-9c4d-3b8c59d1dccc	4	172066777	172068368	12	-1.1975
7a8c7cef-1a07-4297-9c4d-3b8c59d1dccc	4	172068382	188300104	10943	0.0156
7a8c7cef-1a07-4297-9c4d-3b8c59d1dccc	4	188300206	188300221	2	-1.6778
7a8c7cef-1a07-4297-9c4d-3b8c59d1dccc	4	188300270	190106768	1144	0.0143
7a8c7cef-1a07-4297-9c4d-3b8c59d1dccc	5	15532	698357	308	0.0619
7a8c7cef-1a07-4297-9c4d-3b8c59d1dccc	5	698390	808932	30	-0.3059
7a8c7cef-1a07-4297-9c4d-3b8c59d1dccc	5	817735	12800777	9856	0.0246
7a8c7cef-1a07-4297-9c4d-3b8c59d1dccc	5	12815668	12838421	14	-1.5593
7a8c7cef-1a07-4297-9c4d-3b8c59d1dccc	5	12849089	58025819	25558	0.0137
7a8c7cef-1a07-4297-9c4d-3b8c59d1dccc	5	58030200	58037706	32	1.8566
7a8c7cef-1a07-4297-9c4d-3b8c59d1dccc	5	58042530	63550240	3592	0.009
7a8c7cef-1a07-4297-9c4d-3b8c59d1dccc	5	63550277	63552871	4	-0.8718
7a8c7cef-1a07-4297-9c4d-3b8c59d1dccc	5	63556088	64685688	603	0.0047
7a8c7cef-1a07-4297-9c4d-3b8c59d1dccc	5	64685963	64688795	2	-1.179
7a8c7cef-1a07-4297-9c4d-3b8c59d1dccc	5	64688835	69550476	3097	0.0086
7a8c7cef-1a07-4297-9c4d-3b8c59d1dccc	5	69571467	69822308	5	-0.9839
7a8c7cef-1a07-4297-9c4d-3b8c59d1dccc	5	69937600	97575366	15536	0.0128
7a8c7cef-1a07-4297-9c4d-3b8c59d1dccc	5	97575825	97580979	2	-2.2515
7a8c7cef-1a07-4297-9c4d-3b8c59d1dccc	5	97582130	99609711	1140	0.0229
7a8c7cef-1a07-4297-9c4d-3b8c59d1dccc	5	99612781	100047882	309	-0.0871
7a8c7cef-1a07-4297-9c4d-3b8c59d1dccc	5	100051743	104515520	2557	0.0087
7a8c7cef-1a07-4297-9c4d-3b8c59d1dccc	5	104524672	104524903	4	2.0809
7a8c7cef-1a07-4297-9c4d-3b8c59d1dccc	5	104525348	105093203	444	0.0094
7a8c7cef-1a07-4297-9c4d-3b8c59d1dccc	5	105097721	105159055	44	-1.0409
7a8c7cef-1a07-4297-9c4d-3b8c59d1dccc	5	105162694	106890738	912	0.0079
7a8c7cef-1a07-4297-9c4d-3b8c59d1dccc	5	106891408	106924920	52	-1.0438
7a8c7cef-1a07-4297-9c4d-3b8c59d1dccc	5	106926598	156049762	32008	0.0113
7a8c7cef-1a07-4297-9c4d-3b8c59d1dccc	5	156049910	156055719	13	-0.6113
7a8c7cef-1a07-4297-9c4d-3b8c59d1dccc	5	156068240	176033084	14083	0.0184
7a8c7cef-1a07-4297-9c4d-3b8c59d1dccc	5	176038686	176042504	2	-1.9203
7a8c7cef-1a07-4297-9c4d-3b8c59d1dccc	5	176043321	177771448	724	0.0329
7a8c7cef-1a07-4297-9c4d-3b8c59d1dccc	5	177800550	177805604	3	2.3469
7a8c7cef-1a07-4297-9c4d-3b8c59d1dccc	5	177827964	177964445	24	0.0424
7a8c7cef-1a07-4297-9c4d-3b8c59d1dccc	5	177964976	177974394	8	-1.0696
7a8c7cef-1a07-4297-9c4d-3b8c59d1dccc	5	177982825	181363319	1953	0.0346
7a8c7cef-1a07-4297-9c4d-3b8c59d1dccc	6	149661	257353	102	0.0255
7a8c7cef-1a07-4297-9c4d-3b8c59d1dccc	6	258265	366333	92	-0.3282
7a8c7cef-1a07-4297-9c4d-3b8c59d1dccc	6	373453	29869295	21472	0.0161
7a8c7cef-1a07-4297-9c4d-3b8c59d1dccc	6	29869410	29906865	22	-0.6522
7a8c7cef-1a07-4297-9c4d-3b8c59d1dccc	6	29906932	32657318	1229	0.0557
7a8c7cef-1a07-4297-9c4d-3b8c59d1dccc	6	32658111	32658841	3	-1.9328
7a8c7cef-1a07-4297-9c4d-3b8c59d1dccc	6	32682835	32718419	36	-0.0015
7a8c7cef-1a07-4297-9c4d-3b8c59d1dccc	6	32720838	32723053	11	0.7117
7a8c7cef-1a07-4297-9c4d-3b8c59d1dccc	6	32732907	54066286	13657	0.0213
7a8c7cef-1a07-4297-9c4d-3b8c59d1dccc	6	54066353	54067057	7	2.2299
7a8c7cef-1a07-4297-9c4d-3b8c59d1dccc	6	54070550	65000836	4468	0.0098
7a8c7cef-1a07-4297-9c4d-3b8c59d1dccc	6	65001506	65003899	3	-1.4718
7a8c7cef-1a07-4297-9c4d-3b8c59d1dccc	6	65007491	73882142	5921	0.0061
7a8c7cef-1a07-4297-9c4d-3b8c59d1dccc	6	73882509	73887625	9	-0.6868
7a8c7cef-1a07-4297-9c4d-3b8c59d1dccc	6	73891694	74169592	165	0.0075
7a8c7cef-1a07-4297-9c4d-3b8c59d1dccc	6	74170123	74174494	2	-1.3651
7a8c7cef-1a07-4297-9c4d-3b8c59d1dccc	6	74174953	76305231	1306	0.0109
7a8c7cef-1a07-4297-9c4d-3b8c59d1dccc	6	76307183	76307209	3	-1.185
7a8c7cef-1a07-4297-9c4d-3b8c59d1dccc	6	76307276	76726815	296	0.0074
7a8c7cef-1a07-4297-9c4d-3b8c59d1dccc	6	76730151	76742956	19	-0.4829
7a8c7cef-1a07-4297-9c4d-3b8c59d1dccc	6	76742972	78261995	983	0.0218
7a8c7cef-1a07-4297-9c4d-3b8c59d1dccc	6	78262064	78325468	109	0.4048
7a8c7cef-1a07-4297-9c4d-3b8c59d1dccc	6	78329517	103286954	15481	0.0091
7a8c7cef-1a07-4297-9c4d-3b8c59d1dccc	6	103290101	103314186	46	-1.1781
7a8c7cef-1a07-4297-9c4d-3b8c59d1dccc	6	103317795	170741917	44193	0.0137
7a8c7cef-1a07-4297-9c4d-3b8c59d1dccc	7	43355	70724326	44491	0.0158
7a8c7cef-1a07-4297-9c4d-3b8c59d1dccc	7	70732291	70736956	6	-1.0804
7a8c7cef-1a07-4297-9c4d-3b8c59d1dccc	7	70737259	70955452	136	-0.0141
7a8c7cef-1a07-4297-9c4d-3b8c59d1dccc	7	70958264	70961155	2	-1.9526
7a8c7cef-1a07-4297-9c4d-3b8c59d1dccc	7	70963257	76524031	2144	0.0289
7a8c7cef-1a07-4297-9c4d-3b8c59d1dccc	7	76524046	76531991	4	1.0021
7a8c7cef-1a07-4297-9c4d-3b8c59d1dccc	7	76532105	89187987	8085	0.0109
7a8c7cef-1a07-4297-9c4d-3b8c59d1dccc	7	89190158	89214538	16	-0.4532
7a8c7cef-1a07-4297-9c4d-3b8c59d1dccc	7	89218873	89527443	185	0.0342
7a8c7cef-1a07-4297-9c4d-3b8c59d1dccc	7	89529165	89529475	2	-1.7974
7a8c7cef-1a07-4297-9c4d-3b8c59d1dccc	7	89531096	89890325	202	-0.0075
7a8c7cef-1a07-4297-9c4d-3b8c59d1dccc	7	89892494	89893896	2	-1.1927
7a8c7cef-1a07-4297-9c4d-3b8c59d1dccc	7	89895535	109797612	11691	0.0135
7a8c7cef-1a07-4297-9c4d-3b8c59d1dccc	7	109797616	109813801	25	0.4838
7a8c7cef-1a07-4297-9c4d-3b8c59d1dccc	7	109813853	143529806	20912	0.0117
7a8c7cef-1a07-4297-9c4d-3b8c59d1dccc	7	143530003	143603307	4	1.4739
7a8c7cef-1a07-4297-9c4d-3b8c59d1dccc	7	143728285	144295437	309	0.0095
7a8c7cef-1a07-4297-9c4d-3b8c59d1dccc	7	144306653	144312471	2	-1.5676
7a8c7cef-1a07-4297-9c4d-3b8c59d1dccc	7	144326306	148016888	2412	0.0146
7a8c7cef-1a07-4297-9c4d-3b8c59d1dccc	7	148016901	148019073	6	-0.784
7a8c7cef-1a07-4297-9c4d-3b8c59d1dccc	7	148020170	159334314	7238	0.0268
7a8c7cef-1a07-4297-9c4d-3b8c59d1dccc	8	81254	643041	322	0.0551
7a8c7cef-1a07-4297-9c4d-3b8c59d1dccc	8	644944	645875	8	1.3322
7a8c7cef-1a07-4297-9c4d-3b8c59d1dccc	8	645892	645908	2	4.9944
7a8c7cef-1a07-4297-9c4d-3b8c59d1dccc	8	656117	5741242	5675	0.0215
7a8c7cef-1a07-4297-9c4d-3b8c59d1dccc	8	5741248	5746973	24	-0.8237
7a8c7cef-1a07-4297-9c4d-3b8c59d1dccc	8	5749566	6982183	1612	0.038
7a8c7cef-1a07-4297-9c4d-3b8c59d1dccc	8	6982775	7021331	6	0.7874
7a8c7cef-1a07-4297-9c4d-3b8c59d1dccc	8	7022281	8426157	335	0.0548
7a8c7cef-1a07-4297-9c4d-3b8c59d1dccc	8	8429535	8433847	6	-1.0876
7a8c7cef-1a07-4297-9c4d-3b8c59d1dccc	8	8434235	12002231	3025	0.0298
7a8c7cef-1a07-4297-9c4d-3b8c59d1dccc	8	12004300	12382326	27	-0.3224
7a8c7cef-1a07-4297-9c4d-3b8c59d1dccc	8	12382653	14652059	1985	0.0067
7a8c7cef-1a07-4297-9c4d-3b8c59d1dccc	8	14652523	14652565	3	-1.4751
7a8c7cef-1a07-4297-9c4d-3b8c59d1dccc	8	14652887	15435453	692	0.0048
7a8c7cef-1a07-4297-9c4d-3b8c59d1dccc	8	15436422	15437936	2	-1.6639
7a8c7cef-1a07-4297-9c4d-3b8c59d1dccc	8	15439194	25116961	7764	0.0169
7a8c7cef-1a07-4297-9c4d-3b8c59d1dccc	8	25117007	25126818	25	0.5344
7a8c7cef-1a07-4297-9c4d-3b8c59d1dccc	8	25133589	39373140	9022	0.0198
7a8c7cef-1a07-4297-9c4d-3b8c59d1dccc	8	39378084	39529446	58	-1.8691
7a8c7cef-1a07-4297-9c4d-3b8c59d1dccc	8	39530780	71300130	17904	0.0139
7a8c7cef-1a07-4297-9c4d-3b8c59d1dccc	8	71303076	71303791	3	-1.3737
7a8c7cef-1a07-4297-9c4d-3b8c59d1dccc	8	71303903	84345754	7977	0.0103
7a8c7cef-1a07-4297-9c4d-3b8c59d1dccc	8	84350648	84356431	19	-0.9167
7a8c7cef-1a07-4297-9c4d-3b8c59d1dccc	8	84358447	106419617	13194	0.0138
7a8c7cef-1a07-4297-9c4d-3b8c59d1dccc	8	106421260	106432667	10	-0.4917
7a8c7cef-1a07-4297-9c4d-3b8c59d1dccc	8	106434278	106847912	268	0.0637
7a8c7cef-1a07-4297-9c4d-3b8c59d1dccc	8	106847945	106847952	2	-1.3768
7a8c7cef-1a07-4297-9c4d-3b8c59d1dccc	8	106847973	111279265	2643	0.0121
7a8c7cef-1a07-4297-9c4d-3b8c59d1dccc	8	111282050	111283031	10	-1.2164
7a8c7cef-1a07-4297-9c4d-3b8c59d1dccc	8	111288052	119139771	4970	0.014
7a8c7cef-1a07-4297-9c4d-3b8c59d1dccc	8	119142545	119147207	4	-0.9734
7a8c7cef-1a07-4297-9c4d-3b8c59d1dccc	8	119150615	141394519	16402	0.0229
7a8c7cef-1a07-4297-9c4d-3b8c59d1dccc	8	141400723	142384532	593	0.1088
7a8c7cef-1a07-4297-9c4d-3b8c59d1dccc	8	142392565	145072769	960	0.0411
7a8c7cef-1a07-4297-9c4d-3b8c59d1dccc	9	46587	597054	487	0.0525
7a8c7cef-1a07-4297-9c4d-3b8c59d1dccc	9	597085	607937	32	-0.283
7a8c7cef-1a07-4297-9c4d-3b8c59d1dccc	9	608659	5079156	4728	0.0312
7a8c7cef-1a07-4297-9c4d-3b8c59d1dccc	9	5081416	5082995	11	-0.6801
7a8c7cef-1a07-4297-9c4d-3b8c59d1dccc	9	5083003	42585140	26084	0.0082
7a8c7cef-1a07-4297-9c4d-3b8c59d1dccc	9	42697878	42726239	12	0.8143
7a8c7cef-1a07-4297-9c4d-3b8c59d1dccc	9	42727685	61405110	42	0.1964
7a8c7cef-1a07-4297-9c4d-3b8c59d1dccc	9	61520021	61647899	30	-1.2507
7a8c7cef-1a07-4297-9c4d-3b8c59d1dccc	9	61665362	63580418	38	0.1677
7a8c7cef-1a07-4297-9c4d-3b8c59d1dccc	9	63590317	63592813	7	1.3236
7a8c7cef-1a07-4297-9c4d-3b8c59d1dccc	9	63614182	64503154	56	0.0247
7a8c7cef-1a07-4297-9c4d-3b8c59d1dccc	9	64507211	67073081	45	0.316
7a8c7cef-1a07-4297-9c4d-3b8c59d1dccc	9	67073620	138200944	47970	0.0195
7a8c7cef-1a07-4297-9c4d-3b8c59d1dccc	10	45792	18334534	15193	0.0217
7a8c7cef-1a07-4297-9c4d-3b8c59d1dccc	10	18335159	18335236	2	-1.7143
7a8c7cef-1a07-4297-9c4d-3b8c59d1dccc	10	18336266	26856669	5953	0.0158
7a8c7cef-1a07-4297-9c4d-3b8c59d1dccc	10	26864254	26869418	2	1.3632
7a8c7cef-1a07-4297-9c4d-3b8c59d1dccc	10	26870939	30957581	3087	0.0116
7a8c7cef-1a07-4297-9c4d-3b8c59d1dccc	10	30962405	30962850	11	-0.6788
7a8c7cef-1a07-4297-9c4d-3b8c59d1dccc	10	30962893	130381157	64400	0.0157
7a8c7cef-1a07-4297-9c4d-3b8c59d1dccc	10	130383003	131773809	1184	0.079
7a8c7cef-1a07-4297-9c4d-3b8c59d1dccc	10	131774243	133415637	734	0.0122
7a8c7cef-1a07-4297-9c4d-3b8c59d1dccc	10	133416215	133416364	2	-3.2688
7a8c7cef-1a07-4297-9c4d-3b8c59d1dccc	10	133419150	133654968	148	0.0569
7a8c7cef-1a07-4297-9c4d-3b8c59d1dccc	11	198510	235619	19	-0.0381
7a8c7cef-1a07-4297-9c4d-3b8c59d1dccc	11	235915	450189	81	0.1896
7a8c7cef-1a07-4297-9c4d-3b8c59d1dccc	11	452664	3465494	1197	0.0323
7a8c7cef-1a07-4297-9c4d-3b8c59d1dccc	11	3466435	3467311	3	-0.8388
7a8c7cef-1a07-4297-9c4d-3b8c59d1dccc	11	3485296	4247390	446	0.0306
7a8c7cef-1a07-4297-9c4d-3b8c59d1dccc	11	4247845	4337579	22	0.4581
7a8c7cef-1a07-4297-9c4d-3b8c59d1dccc	11	4337826	4946420	652	0.0132
7a8c7cef-1a07-4297-9c4d-3b8c59d1dccc	11	4947280	4952799	25	0.5293
7a8c7cef-1a07-4297-9c4d-3b8c59d1dccc	11	4953934	5499745	544	0.0006
7a8c7cef-1a07-4297-9c4d-3b8c59d1dccc	11	5500921	5501334	6	-0.6568
7a8c7cef-1a07-4297-9c4d-3b8c59d1dccc	11	5502363	5762452	238	0.0228
7a8c7cef-1a07-4297-9c4d-3b8c59d1dccc	11	5762693	5787818	33	0.288
7a8c7cef-1a07-4297-9c4d-3b8c59d1dccc	11	5787909	6011711	190	-0.0031
7a8c7cef-1a07-4297-9c4d-3b8c59d1dccc	11	6012061	6014659	4	0.6909
7a8c7cef-1a07-4297-9c4d-3b8c59d1dccc	11	6016225	9713895	2524	0.0203
7a8c7cef-1a07-4297-9c4d-3b8c59d1dccc	11	9714061	9715940	4	-0.9922
7a8c7cef-1a07-4297-9c4d-3b8c59d1dccc	11	9715973	18919323	6693	0.0156
7a8c7cef-1a07-4297-9c4d-3b8c59d1dccc	11	18927525	18940441	45	0.593
7a8c7cef-1a07-4297-9c4d-3b8c59d1dccc	11	18940469	31371747	9093	0.0145
7a8c7cef-1a07-4297-9c4d-3b8c59d1dccc	11	31372721	31375533	2	-2.1565
7a8c7cef-1a07-4297-9c4d-3b8c59d1dccc	11	31376660	42791601	8093	0.0076
7a8c7cef-1a07-4297-9c4d-3b8c59d1dccc	11	42794936	42796489	2	-2.3979
7a8c7cef-1a07-4297-9c4d-3b8c59d1dccc	11	42799053	135074876	56968	0.0167
7a8c7cef-1a07-4297-9c4d-3b8c59d1dccc	12	51460	760097	420	0.0585
7a8c7cef-1a07-4297-9c4d-3b8c59d1dccc	12	760112	764863	15	0.4452
7a8c7cef-1a07-4297-9c4d-3b8c59d1dccc	12	766188	4279366	2456	0.0148
7a8c7cef-1a07-4297-9c4d-3b8c59d1dccc	12	4279989	4280308	6	-0.8144
7a8c7cef-1a07-4297-9c4d-3b8c59d1dccc	12	4280335	8204911	2644	0.0139
7a8c7cef-1a07-4297-9c4d-3b8c59d1dccc	12	8209454	8220161	9	1.2873
7a8c7cef-1a07-4297-9c4d-3b8c59d1dccc	12	8241232	9477960	628	0.0235
7a8c7cef-1a07-4297-9c4d-3b8c59d1dccc	12	9481274	9575696	24	-1.7354
7a8c7cef-1a07-4297-9c4d-3b8c59d1dccc	12	9582373	12377763	2030	0
7a8c7cef-1a07-4297-9c4d-3b8c59d1dccc	12	12383285	12388935	17	-2.0972
7a8c7cef-1a07-4297-9c4d-3b8c59d1dccc	12	12389946	15471545	2215	0.0179
7a8c7cef-1a07-4297-9c4d-3b8c59d1dccc	12	15471970	15472468	3	-0.8933
7a8c7cef-1a07-4297-9c4d-3b8c59d1dccc	12	15477929	16266471	473	0.0023
7a8c7cef-1a07-4297-9c4d-3b8c59d1dccc	12	16268053	16268391	2	-2.1753
7a8c7cef-1a07-4297-9c4d-3b8c59d1dccc	12	16275623	31846771	10903	0.0119
7a8c7cef-1a07-4297-9c4d-3b8c59d1dccc	12	31849362	31915081	61	0.5827
7a8c7cef-1a07-4297-9c4d-3b8c59d1dccc	12	31915216	33141726	889	0.0151
7a8c7cef-1a07-4297-9c4d-3b8c59d1dccc	12	33148472	33154440	27	-0.5433
7a8c7cef-1a07-4297-9c4d-3b8c59d1dccc	12	33155426	133201603	62061	0.0156
7a8c7cef-1a07-4297-9c4d-3b8c59d1dccc	13	18452809	23058992	2866	0.0173
7a8c7cef-1a07-4297-9c4d-3b8c59d1dccc	13	23059009	23059362	4	-0.8428
7a8c7cef-1a07-4297-9c4d-3b8c59d1dccc	13	23059376	37496998	10622	0.0164
7a8c7cef-1a07-4297-9c4d-3b8c59d1dccc	13	37497899	37510620	16	0.5714
7a8c7cef-1a07-4297-9c4d-3b8c59d1dccc	13	37514193	57184136	12532	0.0115
7a8c7cef-1a07-4297-9c4d-3b8c59d1dccc	13	57184155	57204246	33	-0.7636
7a8c7cef-1a07-4297-9c4d-3b8c59d1dccc	13	57215580	63616479	3774	0.0116
7a8c7cef-1a07-4297-9c4d-3b8c59d1dccc	13	63616777	64360470	440	-0.0828
7a8c7cef-1a07-4297-9c4d-3b8c59d1dccc	13	64363350	114342922	33896	0.0111
7a8c7cef-1a07-4297-9c4d-3b8c59d1dccc	14	18239283	19955213	167	0.1707
7a8c7cef-1a07-4297-9c4d-3b8c59d1dccc	14	19956767	73529070	34091	0.0118
7a8c7cef-1a07-4297-9c4d-3b8c59d1dccc	14	73534419	73554275	9	-0.7547
7a8c7cef-1a07-4297-9c4d-3b8c59d1dccc	14	73563196	86533275	8669	0.0191
7a8c7cef-1a07-4297-9c4d-3b8c59d1dccc	14	86536572	86537955	2	-1.2694
7a8c7cef-1a07-4297-9c4d-3b8c59d1dccc	14	86540209	106258891	12185	0.0245
7a8c7cef-1a07-4297-9c4d-3b8c59d1dccc	14	106260759	106290365	14	-0.4632
7a8c7cef-1a07-4297-9c4d-3b8c59d1dccc	14	106290506	106314594	18	-0.004
7a8c7cef-1a07-4297-9c4d-3b8c59d1dccc	14	106320716	106475361	90	0.2504
7a8c7cef-1a07-4297-9c4d-3b8c59d1dccc	14	106487515	106877229	193	-0.0063
7a8c7cef-1a07-4297-9c4d-3b8c59d1dccc	15	19811075	20026653	47	0.0578
7a8c7cef-1a07-4297-9c4d-3b8c59d1dccc	15	20041119	20056983	3	-1.3972
7a8c7cef-1a07-4297-9c4d-3b8c59d1dccc	15	20059033	21997003	127	0.0668
7a8c7cef-1a07-4297-9c4d-3b8c59d1dccc	15	21999319	22299523	29	-0.487
7a8c7cef-1a07-4297-9c4d-3b8c59d1dccc	15	22385639	26315045	2358	0.0304
7a8c7cef-1a07-4297-9c4d-3b8c59d1dccc	15	26317005	26318009	2	-3.9281
7a8c7cef-1a07-4297-9c4d-3b8c59d1dccc	15	26318441	76586021	31366	0.0208
7a8c7cef-1a07-4297-9c4d-3b8c59d1dccc	15	76598900	76602857	14	0.9166
7a8c7cef-1a07-4297-9c4d-3b8c59d1dccc	15	76603003	101888798	17621	0.0256
7a8c7cef-1a07-4297-9c4d-3b8c59d1dccc	15	101888834	101928837	8	-0.6198
7a8c7cef-1a07-4297-9c4d-3b8c59d1dccc	16	10777	35305370	20219	0.0342
7a8c7cef-1a07-4297-9c4d-3b8c59d1dccc	16	35307996	35475736	101	-0.1721
7a8c7cef-1a07-4297-9c4d-3b8c59d1dccc	16	35475839	55761136	6624	0.0203
7a8c7cef-1a07-4297-9c4d-3b8c59d1dccc	16	55762477	55788485	21	-2.3917
7a8c7cef-1a07-4297-9c4d-3b8c59d1dccc	16	55788532	55808470	3	-0.2024
7a8c7cef-1a07-4297-9c4d-3b8c59d1dccc	16	55808544	55824881	11	0.8621
7a8c7cef-1a07-4297-9c4d-3b8c59d1dccc	16	55834527	83995534	20625	0.025
7a8c7cef-1a07-4297-9c4d-3b8c59d1dccc	16	83995951	84921132	833	0.0997
7a8c7cef-1a07-4297-9c4d-3b8c59d1dccc	16	84921945	90096867	3456	0.0362
7a8c7cef-1a07-4297-9c4d-3b8c59d1dccc	17	150733	46136800	23384	0.0274
7a8c7cef-1a07-4297-9c4d-3b8c59d1dccc	17	46137998	46284643	85	0.4631
7a8c7cef-1a07-4297-9c4d-3b8c59d1dccc	17	46284997	73741253	16755	0.0204
7a8c7cef-1a07-4297-9c4d-3b8c59d1dccc	17	73742096	74909560	739	0.1066
7a8c7cef-1a07-4297-9c4d-3b8c59d1dccc	17	74909975	78280402	1769	0.0367
7a8c7cef-1a07-4297-9c4d-3b8c59d1dccc	17	78285287	78286051	2	-1.5367
7a8c7cef-1a07-4297-9c4d-3b8c59d1dccc	17	78286887	83091923	2322	0.0403
7a8c7cef-1a07-4297-9c4d-3b8c59d1dccc	18	48133	80257174	50764	0.0132
7a8c7cef-1a07-4297-9c4d-3b8c59d1dccc	19	90910	9163996	3390	0.0297
7a8c7cef-1a07-4297-9c4d-3b8c59d1dccc	19	9164676	9167445	4	-1.0901
7a8c7cef-1a07-4297-9c4d-3b8c59d1dccc	19	9174084	19895929	5212	0.0198
7a8c7cef-1a07-4297-9c4d-3b8c59d1dccc	19	19899008	19900349	2	-1.5108
7a8c7cef-1a07-4297-9c4d-3b8c59d1dccc	19	19900607	40854267	10903	0.0241
7a8c7cef-1a07-4297-9c4d-3b8c59d1dccc	19	40854465	40864857	15	-1.0428
7a8c7cef-1a07-4297-9c4d-3b8c59d1dccc	19	40864888	58586487	9597	0.0317
7a8c7cef-1a07-4297-9c4d-3b8c59d1dccc	20	80664	1580305	1203	0.0313
7a8c7cef-1a07-4297-9c4d-3b8c59d1dccc	20	1580353	1601561	37	-0.2844
7a8c7cef-1a07-4297-9c4d-3b8c59d1dccc	20	1609611	1613247	5	-1.8464
7a8c7cef-1a07-4297-9c4d-3b8c59d1dccc	20	1617300	64284715	41150	0.02
7a8c7cef-1a07-4297-9c4d-3b8c59d1dccc	20	64323342	64324800	5	-1.997
7a8c7cef-1a07-4297-9c4d-3b8c59d1dccc	21	10354168	13583316	269	0.0735
7a8c7cef-1a07-4297-9c4d-3b8c59d1dccc	21	13612103	13677975	4	-0.9918
7a8c7cef-1a07-4297-9c4d-3b8c59d1dccc	21	13803967	46677045	23598	0.0119
7a8c7cef-1a07-4297-9c4d-3b8c59d1dccc	22	15294547	17012476	300	0.0073
7a8c7cef-1a07-4297-9c4d-3b8c59d1dccc	22	17014661	17018618	3	1.6017
7a8c7cef-1a07-4297-9c4d-3b8c59d1dccc	22	17019000	18966491	846	0.0212
7a8c7cef-1a07-4297-9c4d-3b8c59d1dccc	22	18968690	21084774	1496	0.1138
7a8c7cef-1a07-4297-9c4d-3b8c59d1dccc	22	21088394	23987520	1751	0.0506
7a8c7cef-1a07-4297-9c4d-3b8c59d1dccc	22	23988078	23989773	2	-3.5425
7a8c7cef-1a07-4297-9c4d-3b8c59d1dccc	22	23990431	26293258	1836	0.0379
7a8c7cef-1a07-4297-9c4d-3b8c59d1dccc	22	26293669	30162461	2865	-0.0364
7a8c7cef-1a07-4297-9c4d-3b8c59d1dccc	22	30163732	48833435	12938	0.0343
7a8c7cef-1a07-4297-9c4d-3b8c59d1dccc	22	48833553	50796027	1247	0.0878
7a8c7cef-1a07-4297-9c4d-3b8c59d1dccc	X	251810	5785597	2336	0.0222
7a8c7cef-1a07-4297-9c4d-3b8c59d1dccc	X	5788866	5793196	3	-1.5219
7a8c7cef-1a07-4297-9c4d-3b8c59d1dccc	X	5794092	155952689	81338	0.0165
7a8c7cef-1a07-4297-9c4d-3b8c59d1dccc	Y	2782397	6249869	785	-2.6176
7a8c7cef-1a07-4297-9c4d-3b8c59d1dccc	Y	6252391	13478396	2480	-2.9536
7a8c7cef-1a07-4297-9c4d-3b8c59d1dccc	Y	13478462	13482643	3	-7.5064
7a8c7cef-1a07-4297-9c4d-3b8c59d1dccc	Y	13483009	17053374	1750	-2.9811
7a8c7cef-1a07-4297-9c4d-3b8c59d1dccc	Y	17054981	17070391	9	-5.6954
7a8c7cef-1a07-4297-9c4d-3b8c59d1dccc	Y	17073469	22804854	1411	-3.035
7a8c7cef-1a07-4297-9c4d-3b8c59d1dccc	Y	22913244	56872112	202	-2.5701
