GDC_Aliquot	Chromosome	Start	End	Num_Probes	Segment_Mean
252fb659-7b72-4579-848b-5ce3d11c92e3	1	62920	259407	14	0.0894
252fb659-7b72-4579-848b-5ce3d11c92e3	1	259422	2647902	502	-0.2016
252fb659-7b72-4579-848b-5ce3d11c92e3	1	2777898	5969877	2279	-0.3
252fb659-7b72-4579-848b-5ce3d11c92e3	1	5971884	15823420	5543	-0.2424
252fb659-7b72-4579-848b-5ce3d11c92e3	1	15827002	15827430	6	-1.7336
252fb659-7b72-4579-848b-5ce3d11c92e3	1	15827706	25266637	5676	-0.2379
252fb659-7b72-4579-848b-5ce3d11c92e3	1	25269390	25320198	21	-0.7291
252fb659-7b72-4579-848b-5ce3d11c92e3	1	25320253	61647430	21441	-0.2448
252fb659-7b72-4579-848b-5ce3d11c92e3	1	61648334	61652515	3	-3.4064
252fb659-7b72-4579-848b-5ce3d11c92e3	1	61654137	72305460	7300	-0.2623
252fb659-7b72-4579-848b-5ce3d11c92e3	1	72305684	72351338	47	0.2139
252fb659-7b72-4579-848b-5ce3d11c92e3	1	72352916	83126410	6991	-0.2912
252fb659-7b72-4579-848b-5ce3d11c92e3	1	83126540	95982221	8361	-0.2428
252fb659-7b72-4579-848b-5ce3d11c92e3	1	95982243	105470754	5601	-0.278
252fb659-7b72-4579-848b-5ce3d11c92e3	1	105476583	105481468	20	0.2094
252fb659-7b72-4579-848b-5ce3d11c92e3	1	105481515	109679105	2632	-0.2559
252fb659-7b72-4579-848b-5ce3d11c92e3	1	109684695	109702376	16	1.076
252fb659-7b72-4579-848b-5ce3d11c92e3	1	109703504	110638178	670	-0.238
252fb659-7b72-4579-848b-5ce3d11c92e3	1	110638464	110641423	4	-1.0563
252fb659-7b72-4579-848b-5ce3d11c92e3	1	110641959	110836788	176	-0.2222
252fb659-7b72-4579-848b-5ce3d11c92e3	1	110836933	110869132	54	0.023
252fb659-7b72-4579-848b-5ce3d11c92e3	1	110869141	112153651	1049	-0.2632
252fb659-7b72-4579-848b-5ce3d11c92e3	1	112153686	112154390	14	0.3638
252fb659-7b72-4579-848b-5ce3d11c92e3	1	112154552	121705338	5168	-0.2384
252fb659-7b72-4579-848b-5ce3d11c92e3	1	143459641	152583051	2444	0.4149
252fb659-7b72-4579-848b-5ce3d11c92e3	1	152583230	152614100	34	-1.8907
252fb659-7b72-4579-848b-5ce3d11c92e3	1	152614118	152789447	169	0.3969
252fb659-7b72-4579-848b-5ce3d11c92e3	1	152789463	152796224	36	0.856
252fb659-7b72-4579-848b-5ce3d11c92e3	1	152801429	153699771	624	0.3838
252fb659-7b72-4579-848b-5ce3d11c92e3	1	153701198	153720772	8	1.044
252fb659-7b72-4579-848b-5ce3d11c92e3	1	153722864	169247699	10656	0.388
252fb659-7b72-4579-848b-5ce3d11c92e3	1	169264736	169273163	8	-0.4615
252fb659-7b72-4579-848b-5ce3d11c92e3	1	169285639	182806749	8975	0.3868
252fb659-7b72-4579-848b-5ce3d11c92e3	1	182808270	182811915	5	-1.3727
252fb659-7b72-4579-848b-5ce3d11c92e3	1	182814759	186411310	2356	0.3939
252fb659-7b72-4579-848b-5ce3d11c92e3	1	186419188	192418115	3877	0.3456
252fb659-7b72-4579-848b-5ce3d11c92e3	1	192420909	195673786	2249	0.3778
252fb659-7b72-4579-848b-5ce3d11c92e3	1	195675499	195677918	2	-1.1008
252fb659-7b72-4579-848b-5ce3d11c92e3	1	195680112	196762956	726	0.3496
252fb659-7b72-4579-848b-5ce3d11c92e3	1	196769493	196789019	32	0.6868
252fb659-7b72-4579-848b-5ce3d11c92e3	1	196789029	199138574	1400	0.3819
252fb659-7b72-4579-848b-5ce3d11c92e3	1	199142235	199144712	9	-1.065
252fb659-7b72-4579-848b-5ce3d11c92e3	1	199145110	222847162	16359	0.3845
252fb659-7b72-4579-848b-5ce3d11c92e3	1	222849581	222850262	2	-3.1502
252fb659-7b72-4579-848b-5ce3d11c92e3	1	222850427	236232553	8957	0.3901
252fb659-7b72-4579-848b-5ce3d11c92e3	1	236233752	244080273	6035	0.3529
252fb659-7b72-4579-848b-5ce3d11c92e3	1	244084378	248930189	3096	0.4014
252fb659-7b72-4579-848b-5ce3d11c92e3	2	12784	4155597	2986	0.0272
252fb659-7b72-4579-848b-5ce3d11c92e3	2	4155990	4176429	44	-0.7133
252fb659-7b72-4579-848b-5ce3d11c92e3	2	4182472	4604273	351	0.0481
252fb659-7b72-4579-848b-5ce3d11c92e3	2	4605401	6582780	1730	-0.0109
252fb659-7b72-4579-848b-5ce3d11c92e3	2	6583051	34466002	18993	0.0613
252fb659-7b72-4579-848b-5ce3d11c92e3	2	34474248	34511990	46	0.7702
252fb659-7b72-4579-848b-5ce3d11c92e3	2	34512096	35577820	721	-0.013
252fb659-7b72-4579-848b-5ce3d11c92e3	2	35579695	35671420	101	0.1124
252fb659-7b72-4579-848b-5ce3d11c92e3	2	35679740	35701447	18	-0.1937
252fb659-7b72-4579-848b-5ce3d11c92e3	2	35702568	35750907	32	0.1884
252fb659-7b72-4579-848b-5ce3d11c92e3	2	35752724	35762881	7	0.8995
252fb659-7b72-4579-848b-5ce3d11c92e3	2	35772407	40101751	3150	0.0816
252fb659-7b72-4579-848b-5ce3d11c92e3	2	40101965	40991520	739	0.0039
252fb659-7b72-4579-848b-5ce3d11c92e3	2	40994614	50694794	6999	0.0754
252fb659-7b72-4579-848b-5ce3d11c92e3	2	50696595	50853303	105	0.0139
252fb659-7b72-4579-848b-5ce3d11c92e3	2	50853343	50853699	3	-1.1119
252fb659-7b72-4579-848b-5ce3d11c92e3	2	50855616	52527330	1136	0.0121
252fb659-7b72-4579-848b-5ce3d11c92e3	2	52527342	52554404	39	0.7652
252fb659-7b72-4579-848b-5ce3d11c92e3	2	52560811	76354782	15354	0.0579
252fb659-7b72-4579-848b-5ce3d11c92e3	2	76355201	83696657	4803	0.0301
252fb659-7b72-4579-848b-5ce3d11c92e3	2	83697315	85105322	805	0.0799
252fb659-7b72-4579-848b-5ce3d11c92e3	2	85105337	85106283	2	-1.5497
252fb659-7b72-4579-848b-5ce3d11c92e3	2	85106853	97078611	2824	0.0631
252fb659-7b72-4579-848b-5ce3d11c92e3	2	97086272	97359885	72	-0.7353
252fb659-7b72-4579-848b-5ce3d11c92e3	2	97524284	97560849	15	0.7027
252fb659-7b72-4579-848b-5ce3d11c92e3	2	97562741	102997556	3350	0.0539
252fb659-7b72-4579-848b-5ce3d11c92e3	2	102998457	104923345	1146	0.0047
252fb659-7b72-4579-848b-5ce3d11c92e3	2	104923971	106258193	1065	0.0959
252fb659-7b72-4579-848b-5ce3d11c92e3	2	106258266	106270952	15	-0.4989
252fb659-7b72-4579-848b-5ce3d11c92e3	2	106271414	115070211	4684	0.0609
252fb659-7b72-4579-848b-5ce3d11c92e3	2	115070916	116747382	1011	-0.0064
252fb659-7b72-4579-848b-5ce3d11c92e3	2	116747801	116753476	3	-1.1545
252fb659-7b72-4579-848b-5ce3d11c92e3	2	116755919	117019180	162	0.0703
252fb659-7b72-4579-848b-5ce3d11c92e3	2	117021263	117166589	71	1.1322
252fb659-7b72-4579-848b-5ce3d11c92e3	2	117167971	119287781	1517	0.0307
252fb659-7b72-4579-848b-5ce3d11c92e3	2	119287958	119292266	5	-0.8203
252fb659-7b72-4579-848b-5ce3d11c92e3	2	119293268	122719438	2042	0.0702
252fb659-7b72-4579-848b-5ce3d11c92e3	2	122722323	125683734	1947	0.0193
252fb659-7b72-4579-848b-5ce3d11c92e3	2	125683791	125684175	3	-1.2515
252fb659-7b72-4579-848b-5ce3d11c92e3	2	125684423	128880904	1951	0.0549
252fb659-7b72-4579-848b-5ce3d11c92e3	2	128880928	128881662	12	-0.6675
252fb659-7b72-4579-848b-5ce3d11c92e3	2	128882723	133581576	2543	0.0184
252fb659-7b72-4579-848b-5ce3d11c92e3	2	133582193	139255933	3656	0.0547
252fb659-7b72-4579-848b-5ce3d11c92e3	2	139256451	147530311	4959	0.0069
252fb659-7b72-4579-848b-5ce3d11c92e3	2	147531051	179548644	19797	0.0656
252fb659-7b72-4579-848b-5ce3d11c92e3	2	179553484	179557394	29	-0.7741
252fb659-7b72-4579-848b-5ce3d11c92e3	2	179557410	198191593	10796	0.0555
252fb659-7b72-4579-848b-5ce3d11c92e3	2	198191672	199208129	668	0.1466
252fb659-7b72-4579-848b-5ce3d11c92e3	2	199208423	203032174	2088	0.0781
252fb659-7b72-4579-848b-5ce3d11c92e3	2	203035077	203039417	4	-0.7731
252fb659-7b72-4579-848b-5ce3d11c92e3	2	203040995	207490614	2894	0.0681
252fb659-7b72-4579-848b-5ce3d11c92e3	2	207490972	207495072	18	-0.7375
252fb659-7b72-4579-848b-5ce3d11c92e3	2	207495422	222461466	9638	0.0395
252fb659-7b72-4579-848b-5ce3d11c92e3	2	222463867	234894621	8037	0.0647
252fb659-7b72-4579-848b-5ce3d11c92e3	2	234894768	242147305	4414	0.0353
252fb659-7b72-4579-848b-5ce3d11c92e3	3	20930	815775	651	-0.0068
252fb659-7b72-4579-848b-5ce3d11c92e3	3	816107	819470	3	-1.5478
252fb659-7b72-4579-848b-5ce3d11c92e3	3	822550	2716704	1692	0.0009
252fb659-7b72-4579-848b-5ce3d11c92e3	3	2717422	40326163	26852	0.0708
252fb659-7b72-4579-848b-5ce3d11c92e3	3	40327532	40330787	2	-3.5975
252fb659-7b72-4579-848b-5ce3d11c92e3	3	40333060	46790347	4014	0.0852
252fb659-7b72-4579-848b-5ce3d11c92e3	3	46790471	46790486	2	-2.1021
252fb659-7b72-4579-848b-5ce3d11c92e3	3	46790521	47437019	285	0.0756
252fb659-7b72-4579-848b-5ce3d11c92e3	3	47450332	47451230	2	-1.8405
252fb659-7b72-4579-848b-5ce3d11c92e3	3	47455724	52989195	2223	0.1027
252fb659-7b72-4579-848b-5ce3d11c92e3	3	52994359	53005100	37	-1.5936
252fb659-7b72-4579-848b-5ce3d11c92e3	3	53005201	59733232	4550	0.0755
252fb659-7b72-4579-848b-5ce3d11c92e3	3	59733446	60838058	1274	-0.0582
252fb659-7b72-4579-848b-5ce3d11c92e3	3	60838588	68697013	6213	0.0803
252fb659-7b72-4579-848b-5ce3d11c92e3	3	68697108	68698262	14	-1.4227
252fb659-7b72-4579-848b-5ce3d11c92e3	3	68699607	72588623	2981	0.06
252fb659-7b72-4579-848b-5ce3d11c92e3	3	72590078	72590181	2	-1.8599
252fb659-7b72-4579-848b-5ce3d11c92e3	3	72592265	75412686	1901	0.0709
252fb659-7b72-4579-848b-5ce3d11c92e3	3	75413478	75413495	2	-1.4203
252fb659-7b72-4579-848b-5ce3d11c92e3	3	75413665	75519398	44	0.1253
252fb659-7b72-4579-848b-5ce3d11c92e3	3	75523398	75537654	6	1.0858
252fb659-7b72-4579-848b-5ce3d11c92e3	3	75546030	82759677	4073	0.0458
252fb659-7b72-4579-848b-5ce3d11c92e3	3	82765491	82765627	2	-3.1318
252fb659-7b72-4579-848b-5ce3d11c92e3	3	82768827	99218940	6901	0.047
252fb659-7b72-4579-848b-5ce3d11c92e3	3	99225614	99230577	38	-1.7503
252fb659-7b72-4579-848b-5ce3d11c92e3	3	99232120	103271406	2252	0.0748
252fb659-7b72-4579-848b-5ce3d11c92e3	3	103272420	103273767	2	-2.7882
252fb659-7b72-4579-848b-5ce3d11c92e3	3	103273801	105422582	1408	0.0399
252fb659-7b72-4579-848b-5ce3d11c92e3	3	105424566	105424822	2	-1.5898
252fb659-7b72-4579-848b-5ce3d11c92e3	3	105425926	114518518	5558	0.076
252fb659-7b72-4579-848b-5ce3d11c92e3	3	114519822	119092687	3068	0.0395
252fb659-7b72-4579-848b-5ce3d11c92e3	3	119093180	119631498	333	0.0772
252fb659-7b72-4579-848b-5ce3d11c92e3	3	119632551	119635091	5	-4.7641
252fb659-7b72-4579-848b-5ce3d11c92e3	3	119636564	130044855	6086	0.0711
252fb659-7b72-4579-848b-5ce3d11c92e3	3	130047743	130087209	36	0.6908
252fb659-7b72-4579-848b-5ce3d11c92e3	3	130087393	131182642	634	0.0614
252fb659-7b72-4579-848b-5ce3d11c92e3	3	131184002	131187273	3	-2.462
252fb659-7b72-4579-848b-5ce3d11c92e3	3	131188657	151014182	12378	0.0606
252fb659-7b72-4579-848b-5ce3d11c92e3	3	151020968	151021043	2	-1.9073
252fb659-7b72-4579-848b-5ce3d11c92e3	3	151021812	162795304	7260	0.0612
252fb659-7b72-4579-848b-5ce3d11c92e3	3	162795361	162863680	39	0.6819
252fb659-7b72-4579-848b-5ce3d11c92e3	3	162869490	162908207	28	0.2057
252fb659-7b72-4579-848b-5ce3d11c92e3	3	162908784	162908815	2	-2.1674
252fb659-7b72-4579-848b-5ce3d11c92e3	3	162910826	166216864	1896	0.0206
252fb659-7b72-4579-848b-5ce3d11c92e3	3	166216931	169630215	2012	0.0934
252fb659-7b72-4579-848b-5ce3d11c92e3	3	169631156	169636064	6	-0.876
252fb659-7b72-4579-848b-5ce3d11c92e3	3	169639072	174704760	3239	0.0809
252fb659-7b72-4579-848b-5ce3d11c92e3	3	174705052	174980169	171	-0.0775
252fb659-7b72-4579-848b-5ce3d11c92e3	3	174981465	175061307	59	-0.6569
252fb659-7b72-4579-848b-5ce3d11c92e3	3	175068193	175789521	564	-0.0034
252fb659-7b72-4579-848b-5ce3d11c92e3	3	175789665	188258702	7735	0.0698
252fb659-7b72-4579-848b-5ce3d11c92e3	3	188259251	188261228	2	-2.2807
252fb659-7b72-4579-848b-5ce3d11c92e3	3	188261945	193160113	3491	0.064
252fb659-7b72-4579-848b-5ce3d11c92e3	3	193160173	193165114	19	2.4411
252fb659-7b72-4579-848b-5ce3d11c92e3	3	193168646	198169247	2693	0.1011
252fb659-7b72-4579-848b-5ce3d11c92e3	4	68929	9444321	5154	0.0435
252fb659-7b72-4579-848b-5ce3d11c92e3	4	9445117	9477699	11	-0.8782
252fb659-7b72-4579-848b-5ce3d11c92e3	4	9484440	10227193	545	0.0516
252fb659-7b72-4579-848b-5ce3d11c92e3	4	10227256	10228326	11	0.9963
252fb659-7b72-4579-848b-5ce3d11c92e3	4	10228533	10389091	189	0.0693
252fb659-7b72-4579-848b-5ce3d11c92e3	4	10390730	10399044	16	-0.5646
252fb659-7b72-4579-848b-5ce3d11c92e3	4	10401094	27529581	12299	0.0423
252fb659-7b72-4579-848b-5ce3d11c92e3	4	27529959	34777353	4492	0.0021
252fb659-7b72-4579-848b-5ce3d11c92e3	4	34777382	34822561	41	-0.3964
252fb659-7b72-4579-848b-5ce3d11c92e3	4	34823103	35374407	354	0.0113
252fb659-7b72-4579-848b-5ce3d11c92e3	4	35374460	41248266	3918	0.0783
252fb659-7b72-4579-848b-5ce3d11c92e3	4	41250488	48154714	4142	0.0229
252fb659-7b72-4579-848b-5ce3d11c92e3	4	48154904	49204422	565	0.103
252fb659-7b72-4579-848b-5ce3d11c92e3	4	49214614	49654578	20	-0.8485
252fb659-7b72-4579-848b-5ce3d11c92e3	4	49656206	57515031	3839	0.0621
252fb659-7b72-4579-848b-5ce3d11c92e3	4	57515257	61071220	2225	0.0193
252fb659-7b72-4579-848b-5ce3d11c92e3	4	61075217	61076234	2	-1.289
252fb659-7b72-4579-848b-5ce3d11c92e3	4	61079968	63841887	1525	0.0273
252fb659-7b72-4579-848b-5ce3d11c92e3	4	63842036	63842505	5	0.7944
252fb659-7b72-4579-848b-5ce3d11c92e3	4	63842540	68548225	2896	0.036
252fb659-7b72-4579-848b-5ce3d11c92e3	4	68554305	68564418	7	-0.8177
252fb659-7b72-4579-848b-5ce3d11c92e3	4	68564432	68935214	175	0.0185
252fb659-7b72-4579-848b-5ce3d11c92e3	4	68936560	89506725	12828	0.0809
252fb659-7b72-4579-848b-5ce3d11c92e3	4	89507019	97661949	4821	0.0362
252fb659-7b72-4579-848b-5ce3d11c92e3	4	97662027	115864961	10918	0.0714
252fb659-7b72-4579-848b-5ce3d11c92e3	4	115865474	115867359	2	-1.3537
252fb659-7b72-4579-848b-5ce3d11c92e3	4	115875096	124643617	5198	0.0691
252fb659-7b72-4579-848b-5ce3d11c92e3	4	124644784	138432904	7998	0.0328
252fb659-7b72-4579-848b-5ce3d11c92e3	4	138433467	154879477	9879	0.0742
252fb659-7b72-4579-848b-5ce3d11c92e3	4	154879690	155964036	789	0.0245
252fb659-7b72-4579-848b-5ce3d11c92e3	4	155966920	155966937	2	-1.1075
252fb659-7b72-4579-848b-5ce3d11c92e3	4	155967088	156319087	249	0.0102
252fb659-7b72-4579-848b-5ce3d11c92e3	4	156322044	156325110	2	1.1131
252fb659-7b72-4579-848b-5ce3d11c92e3	4	156325728	157471582	695	0.0373
252fb659-7b72-4579-848b-5ce3d11c92e3	4	157472417	160149115	1593	0.0857
252fb659-7b72-4579-848b-5ce3d11c92e3	4	160149352	160959560	607	-0.0016
252fb659-7b72-4579-848b-5ce3d11c92e3	4	160959660	160963432	10	-1.0068
252fb659-7b72-4579-848b-5ce3d11c92e3	4	160963448	170346931	5982	0.0465
252fb659-7b72-4579-848b-5ce3d11c92e3	4	170346943	170355685	12	-0.6846
252fb659-7b72-4579-848b-5ce3d11c92e3	4	170365943	170694678	189	0.0291
252fb659-7b72-4579-848b-5ce3d11c92e3	4	170697533	170705194	6	-0.6805
252fb659-7b72-4579-848b-5ce3d11c92e3	4	170705497	171448195	483	0.038
252fb659-7b72-4579-848b-5ce3d11c92e3	4	171453733	171455823	4	0.6088
252fb659-7b72-4579-848b-5ce3d11c92e3	4	171456106	171456307	5	1.3942
252fb659-7b72-4579-848b-5ce3d11c92e3	4	171456559	183016512	7806	0.0332
252fb659-7b72-4579-848b-5ce3d11c92e3	4	183018988	188052040	3403	0.0754
252fb659-7b72-4579-848b-5ce3d11c92e3	4	188055394	190106768	1291	0.0244
252fb659-7b72-4579-848b-5ce3d11c92e3	5	15532	698256	307	0.541
252fb659-7b72-4579-848b-5ce3d11c92e3	5	698357	733497	15	0.0593
252fb659-7b72-4579-848b-5ce3d11c92e3	5	741924	5680920	4095	0.5338
252fb659-7b72-4579-848b-5ce3d11c92e3	5	5682419	5713974	30	1.237
252fb659-7b72-4579-848b-5ce3d11c92e3	5	5715019	8413243	2238	0.5537
252fb659-7b72-4579-848b-5ce3d11c92e3	5	8421891	10835490	2104	0.6025
252fb659-7b72-4579-848b-5ce3d11c92e3	5	10836469	12815668	1405	0.5529
252fb659-7b72-4579-848b-5ce3d11c92e3	5	12815753	12819964	8	1.2268
252fb659-7b72-4579-848b-5ce3d11c92e3	5	12824299	13749843	526	0.5728
252fb659-7b72-4579-848b-5ce3d11c92e3	5	13750014	15310015	1202	0.6343
252fb659-7b72-4579-848b-5ce3d11c92e3	5	15312913	17075305	1170	0.5832
252fb659-7b72-4579-848b-5ce3d11c92e3	5	17075351	31569369	8767	0.5433
252fb659-7b72-4579-848b-5ce3d11c92e3	5	31571204	31571269	2	-0.9236
252fb659-7b72-4579-848b-5ce3d11c92e3	5	31571522	31814894	196	0.5267
252fb659-7b72-4579-848b-5ce3d11c92e3	5	31816404	46271006	8618	0.5841
252fb659-7b72-4579-848b-5ce3d11c92e3	5	46271828	46273400	6	-2.4129
252fb659-7b72-4579-848b-5ce3d11c92e3	5	46278110	52839926	1486	0.5778
252fb659-7b72-4579-848b-5ce3d11c92e3	5	52842092	52865027	21	-0.2026
252fb659-7b72-4579-848b-5ce3d11c92e3	5	52866449	52875476	7	-0.4939
252fb659-7b72-4579-848b-5ce3d11c92e3	5	52877706	53048780	162	0.6105
252fb659-7b72-4579-848b-5ce3d11c92e3	5	53054691	58025819	3398	-0.3055
252fb659-7b72-4579-848b-5ce3d11c92e3	5	58030200	58037706	32	2.2506
252fb659-7b72-4579-848b-5ce3d11c92e3	5	58042530	181288108	77076	-0.3062
252fb659-7b72-4579-848b-5ce3d11c92e3	5	181292801	181363319	2	0.2539
252fb659-7b72-4579-848b-5ce3d11c92e3	6	149661	254283	101	-0.0056
252fb659-7b72-4579-848b-5ce3d11c92e3	6	257353	381149	97	-1.0149
252fb659-7b72-4579-848b-5ce3d11c92e3	6	382559	23057409	17517	0.0297
252fb659-7b72-4579-848b-5ce3d11c92e3	6	23060763	23064026	4	-1.1841
252fb659-7b72-4579-848b-5ce3d11c92e3	6	23067417	26743855	2522	0.0232
252fb659-7b72-4579-848b-5ce3d11c92e3	6	26747492	26759781	5	-1.0396
252fb659-7b72-4579-848b-5ce3d11c92e3	6	26831719	27578671	328	0.013
252fb659-7b72-4579-848b-5ce3d11c92e3	6	27579690	28660689	587	0.4623
252fb659-7b72-4579-848b-5ce3d11c92e3	6	28666683	29867174	492	0.0562
252fb659-7b72-4579-848b-5ce3d11c92e3	6	29867877	29969534	68	0.3081
252fb659-7b72-4579-848b-5ce3d11c92e3	6	29971000	31319445	626	0.0761
252fb659-7b72-4579-848b-5ce3d11c92e3	6	31319724	31328674	6	-1.354
252fb659-7b72-4579-848b-5ce3d11c92e3	6	31342147	64676796	18526	0.0433
252fb659-7b72-4579-848b-5ce3d11c92e3	6	64680602	66295080	1079	-0.0203
252fb659-7b72-4579-848b-5ce3d11c92e3	6	66298369	66338736	57	-0.7875
252fb659-7b72-4579-848b-5ce3d11c92e3	6	66339513	76305231	6485	0.018
252fb659-7b72-4579-848b-5ce3d11c92e3	6	76307183	76307194	2	-1.2679
252fb659-7b72-4579-848b-5ce3d11c92e3	6	76307209	78262371	1303	0.0193
252fb659-7b72-4579-848b-5ce3d11c92e3	6	78262427	78318053	99	0.5429
252fb659-7b72-4579-848b-5ce3d11c92e3	6	78322600	80575042	1442	0.0473
252fb659-7b72-4579-848b-5ce3d11c92e3	6	80575241	80579817	27	-0.86
252fb659-7b72-4579-848b-5ce3d11c92e3	6	80584624	91389933	6804	0.0336
252fb659-7b72-4579-848b-5ce3d11c92e3	6	91390949	94646166	2221	-0.0219
252fb659-7b72-4579-848b-5ce3d11c92e3	6	94646726	99649426	2831	0.0226
252fb659-7b72-4579-848b-5ce3d11c92e3	6	99651827	99653460	3	-2.1162
252fb659-7b72-4579-848b-5ce3d11c92e3	6	99653468	101198637	880	0.0296
252fb659-7b72-4579-848b-5ce3d11c92e3	6	101198925	104295982	1925	-0.0092
252fb659-7b72-4579-848b-5ce3d11c92e3	6	104297539	115057911	6717	0.0469
252fb659-7b72-4579-848b-5ce3d11c92e3	6	115057996	115248187	23	-1.0063
252fb659-7b72-4579-848b-5ce3d11c92e3	6	115263884	124846836	5838	0.0137
252fb659-7b72-4579-848b-5ce3d11c92e3	6	124847052	151834387	17690	0.0414
252fb659-7b72-4579-848b-5ce3d11c92e3	6	151834932	154483516	2058	-0.0089
252fb659-7b72-4579-848b-5ce3d11c92e3	6	154488268	160978579	4263	0.0421
252fb659-7b72-4579-848b-5ce3d11c92e3	6	160979180	161885947	767	-0.0115
252fb659-7b72-4579-848b-5ce3d11c92e3	6	161886241	162026458	108	-0.924
252fb659-7b72-4579-848b-5ce3d11c92e3	6	162026580	162076944	68	-2.8992
252fb659-7b72-4579-848b-5ce3d11c92e3	6	162076957	162086658	16	-1.5514
252fb659-7b72-4579-848b-5ce3d11c92e3	6	162089942	162143022	42	-0.7292
252fb659-7b72-4579-848b-5ce3d11c92e3	6	162148169	162209667	57	-0.0286
252fb659-7b72-4579-848b-5ce3d11c92e3	6	162210233	162522029	249	-0.82
252fb659-7b72-4579-848b-5ce3d11c92e3	6	162522510	170741917	5695	0.0007
252fb659-7b72-4579-848b-5ce3d11c92e3	7	43355	3067549	1165	0.5776
252fb659-7b72-4579-848b-5ce3d11c92e3	7	3071299	5158746	1585	0.5148
252fb659-7b72-4579-848b-5ce3d11c92e3	7	5163978	9002040	2540	0.5802
252fb659-7b72-4579-848b-5ce3d11c92e3	7	9003006	9003084	2	-2.2127
252fb659-7b72-4579-848b-5ce3d11c92e3	7	9008308	15392007	5095	0.5499
252fb659-7b72-4579-848b-5ce3d11c92e3	7	15392045	15393664	2	-2.0227
252fb659-7b72-4579-848b-5ce3d11c92e3	7	15394440	17464569	1651	0.5853
252fb659-7b72-4579-848b-5ce3d11c92e3	7	17465005	17465270	4	-1.5921
252fb659-7b72-4579-848b-5ce3d11c92e3	7	17468584	18881598	1114	0.5701
252fb659-7b72-4579-848b-5ce3d11c92e3	7	18881989	19205841	468	0.4713
252fb659-7b72-4579-848b-5ce3d11c92e3	7	19207978	38248326	13752	0.5671
252fb659-7b72-4579-848b-5ce3d11c92e3	7	38251092	38288684	33	1.3259
252fb659-7b72-4579-848b-5ce3d11c92e3	7	38288895	38364786	97	1.0358
252fb659-7b72-4579-848b-5ce3d11c92e3	7	38365370	54305455	10992	0.5494
252fb659-7b72-4579-848b-5ce3d11c92e3	7	54318812	54318824	6	-0.3188
252fb659-7b72-4579-848b-5ce3d11c92e3	7	54325795	56694420	1560	0.5212
252fb659-7b72-4579-848b-5ce3d11c92e3	7	56700314	56704771	4	-0.4198
252fb659-7b72-4579-848b-5ce3d11c92e3	7	56709172	56908389	51	0.4243
252fb659-7b72-4579-848b-5ce3d11c92e3	7	56997653	57016425	4	-0.6299
252fb659-7b72-4579-848b-5ce3d11c92e3	7	57048761	62265500	438	0.4994
252fb659-7b72-4579-848b-5ce3d11c92e3	7	62271467	65539561	1141	0.0278
252fb659-7b72-4579-848b-5ce3d11c92e3	7	65539576	65561579	3	-1.1397
252fb659-7b72-4579-848b-5ce3d11c92e3	7	65586825	67728677	868	0.0503
252fb659-7b72-4579-848b-5ce3d11c92e3	7	67729591	69877988	1388	-0.027
252fb659-7b72-4579-848b-5ce3d11c92e3	7	69880542	70955452	672	0.0494
252fb659-7b72-4579-848b-5ce3d11c92e3	7	70958264	70961155	2	-2.0674
252fb659-7b72-4579-848b-5ce3d11c92e3	7	70963257	89187987	10233	0.0302
252fb659-7b72-4579-848b-5ce3d11c92e3	7	89190158	89246098	32	-0.3245
252fb659-7b72-4579-848b-5ce3d11c92e3	7	89252959	97756658	5437	0.0336
252fb659-7b72-4579-848b-5ce3d11c92e3	7	97766148	97766159	6	-0.8212
252fb659-7b72-4579-848b-5ce3d11c92e3	7	97766194	105457859	3760	0.0535
252fb659-7b72-4579-848b-5ce3d11c92e3	7	105458908	105464366	4	-0.9492
252fb659-7b72-4579-848b-5ce3d11c92e3	7	105472042	109797041	2855	0.0383
252fb659-7b72-4579-848b-5ce3d11c92e3	7	109797042	109813853	30	0.4949
252fb659-7b72-4579-848b-5ce3d11c92e3	7	109813925	117653769	4820	0.0266
252fb659-7b72-4579-848b-5ce3d11c92e3	7	117658632	117665320	12	-0.7191
252fb659-7b72-4579-848b-5ce3d11c92e3	7	117680075	126620696	5358	0.039
252fb659-7b72-4579-848b-5ce3d11c92e3	7	126621795	126622802	2	-2.315
252fb659-7b72-4579-848b-5ce3d11c92e3	7	126622941	126655831	20	-0.4153
252fb659-7b72-4579-848b-5ce3d11c92e3	7	126655865	132315048	3375	0.0487
252fb659-7b72-4579-848b-5ce3d11c92e3	7	132319304	138893028	4434	0.0123
252fb659-7b72-4579-848b-5ce3d11c92e3	7	138893165	142059987	1952	0.0493
252fb659-7b72-4579-848b-5ce3d11c92e3	7	142060194	142090177	33	-0.4367
252fb659-7b72-4579-848b-5ce3d11c92e3	7	142090279	142523008	343	0.0621
252fb659-7b72-4579-848b-5ce3d11c92e3	7	142523057	142785320	107	0.4776
252fb659-7b72-4579-848b-5ce3d11c92e3	7	142785841	148016901	3181	0.0137
252fb659-7b72-4579-848b-5ce3d11c92e3	7	148017689	148018502	3	-1.9435
252fb659-7b72-4579-848b-5ce3d11c92e3	7	148018804	148998888	641	0.0405
252fb659-7b72-4579-848b-5ce3d11c92e3	7	149001817	149097327	36	0.2711
252fb659-7b72-4579-848b-5ce3d11c92e3	7	149097497	150074205	482	0.0386
252fb659-7b72-4579-848b-5ce3d11c92e3	7	150077358	150077948	3	-1.0446
252fb659-7b72-4579-848b-5ce3d11c92e3	7	150078199	150855785	470	0.0569
252fb659-7b72-4579-848b-5ce3d11c92e3	7	150856669	150861523	5	-1.1708
252fb659-7b72-4579-848b-5ce3d11c92e3	7	150861529	150868240	15	-0.0911
252fb659-7b72-4579-848b-5ce3d11c92e3	7	150868870	150875482	7	-0.7492
252fb659-7b72-4579-848b-5ce3d11c92e3	7	150877476	151980588	653	0.0441
252fb659-7b72-4579-848b-5ce3d11c92e3	7	151981261	151981515	2	-1.1377
252fb659-7b72-4579-848b-5ce3d11c92e3	7	151982987	153450553	832	0.0212
252fb659-7b72-4579-848b-5ce3d11c92e3	7	153450560	153450627	2	-2.5679
252fb659-7b72-4579-848b-5ce3d11c92e3	7	153450630	159334314	4092	0.0136
252fb659-7b72-4579-848b-5ce3d11c92e3	8	81254	208062	4	0.9554
252fb659-7b72-4579-848b-5ce3d11c92e3	8	212672	2657302	1825	-0.7664
252fb659-7b72-4579-848b-5ce3d11c92e3	8	2657495	6202908	4740	-0.8148
252fb659-7b72-4579-848b-5ce3d11c92e3	8	6202925	7064587	1090	-0.7319
252fb659-7b72-4579-848b-5ce3d11c92e3	8	7067590	8214781	104	-0.4295
252fb659-7b72-4579-848b-5ce3d11c92e3	8	8234503	12374772	3220	-0.7384
252fb659-7b72-4579-848b-5ce3d11c92e3	8	12374907	12376131	2	-2.8278
252fb659-7b72-4579-848b-5ce3d11c92e3	8	12376245	12389977	23	-0.8216
252fb659-7b72-4579-848b-5ce3d11c92e3	8	12418301	12675278	32	-0.2054
252fb659-7b72-4579-848b-5ce3d11c92e3	8	12682020	13791602	1090	-0.7347
252fb659-7b72-4579-848b-5ce3d11c92e3	8	13791634	16401388	2401	-0.7907
252fb659-7b72-4579-848b-5ce3d11c92e3	8	16401632	25114672	6874	-0.7286
252fb659-7b72-4579-848b-5ce3d11c92e3	8	25116928	25133893	34	-0.2045
252fb659-7b72-4579-848b-5ce3d11c92e3	8	25134248	32825580	5409	-0.7252
252fb659-7b72-4579-848b-5ce3d11c92e3	8	32826447	32830895	7	0.4719
252fb659-7b72-4579-848b-5ce3d11c92e3	8	32834588	37990603	2869	-0.7393
252fb659-7b72-4579-848b-5ce3d11c92e3	8	37991948	38266279	117	0.9
252fb659-7b72-4579-848b-5ce3d11c92e3	8	38270728	38413201	54	1.2253
252fb659-7b72-4579-848b-5ce3d11c92e3	8	38413295	38433974	36	0.7196
252fb659-7b72-4579-848b-5ce3d11c92e3	8	38434429	38729525	205	0.9469
252fb659-7b72-4579-848b-5ce3d11c92e3	8	38730540	39373140	294	1.1683
252fb659-7b72-4579-848b-5ce3d11c92e3	8	39378084	39529446	59	2.0101
252fb659-7b72-4579-848b-5ce3d11c92e3	8	39530780	40107549	398	1.1466
252fb659-7b72-4579-848b-5ce3d11c92e3	8	40107694	40914477	676	0.9042
252fb659-7b72-4579-848b-5ce3d11c92e3	8	40920333	40920952	2	-1.6429
252fb659-7b72-4579-848b-5ce3d11c92e3	8	40926161	41690056	466	0.8953
252fb659-7b72-4579-848b-5ce3d11c92e3	8	41691676	43931659	1046	1.1279
252fb659-7b72-4579-848b-5ce3d11c92e3	8	45951913	71299946	15313	-0.0046
252fb659-7b72-4579-848b-5ce3d11c92e3	8	71300130	71303791	4	-1.6624
252fb659-7b72-4579-848b-5ce3d11c92e3	8	71303903	93284125	13043	-0.0101
252fb659-7b72-4579-848b-5ce3d11c92e3	8	93284664	96403692	2162	0.0227
252fb659-7b72-4579-848b-5ce3d11c92e3	8	96405004	96405268	2	-1.4288
252fb659-7b72-4579-848b-5ce3d11c92e3	8	96405506	103316362	4155	0.0254
252fb659-7b72-4579-848b-5ce3d11c92e3	8	103316790	114619814	6582	-0.0178
252fb659-7b72-4579-848b-5ce3d11c92e3	8	114622258	114638468	36	-0.5508
252fb659-7b72-4579-848b-5ce3d11c92e3	8	114638558	117073151	1533	-0.0294
252fb659-7b72-4579-848b-5ce3d11c92e3	8	117074289	129860602	9023	0.0245
252fb659-7b72-4579-848b-5ce3d11c92e3	8	129864069	140504085	8469	-0.0074
252fb659-7b72-4579-848b-5ce3d11c92e3	8	140504738	142047413	911	0.0519
252fb659-7b72-4579-848b-5ce3d11c92e3	8	142047414	142049377	3	-1.1925
252fb659-7b72-4579-848b-5ce3d11c92e3	8	142055279	145072769	1130	0.0287
252fb659-7b72-4579-848b-5ce3d11c92e3	9	46587	1526250	1615	0.0646
252fb659-7b72-4579-848b-5ce3d11c92e3	9	1526834	1529051	8	-0.818
252fb659-7b72-4579-848b-5ce3d11c92e3	9	1529070	6695397	4751	0.0626
252fb659-7b72-4579-848b-5ce3d11c92e3	9	6695472	6712314	11	-0.6056
252fb659-7b72-4579-848b-5ce3d11c92e3	9	6715049	12309627	5141	0.0529
252fb659-7b72-4579-848b-5ce3d11c92e3	9	12309937	13470510	818	0.1341
252fb659-7b72-4579-848b-5ce3d11c92e3	9	13470927	16018251	2087	0.0789
252fb659-7b72-4579-848b-5ce3d11c92e3	9	16022188	17661408	1488	0.0341
252fb659-7b72-4579-848b-5ce3d11c92e3	9	17661931	22529330	3953	0.082
252fb659-7b72-4579-848b-5ce3d11c92e3	9	22529934	24503818	1365	0.0225
252fb659-7b72-4579-848b-5ce3d11c92e3	9	24504127	24517684	19	-0.8363
252fb659-7b72-4579-848b-5ce3d11c92e3	9	24519686	31822193	5413	0.0329
252fb659-7b72-4579-848b-5ce3d11c92e3	9	31822264	36939359	3181	0.0788
252fb659-7b72-4579-848b-5ce3d11c92e3	9	36939546	38919111	1282	0.0418
252fb659-7b72-4579-848b-5ce3d11c92e3	9	38989381	38996751	4	0.7856
252fb659-7b72-4579-848b-5ce3d11c92e3	9	39011605	39337296	30	-0.0031
252fb659-7b72-4579-848b-5ce3d11c92e3	9	39342578	39481878	16	-0.4833
252fb659-7b72-4579-848b-5ce3d11c92e3	9	39483251	61374282	208	0.0149
252fb659-7b72-4579-848b-5ce3d11c92e3	9	61378951	61647899	32	-1.084
252fb659-7b72-4579-848b-5ce3d11c92e3	9	61665362	78920042	7879	0.0666
252fb659-7b72-4579-848b-5ce3d11c92e3	9	78923576	80339732	1021	0.0188
252fb659-7b72-4579-848b-5ce3d11c92e3	9	80344145	80346788	3	-1.4217
252fb659-7b72-4579-848b-5ce3d11c92e3	9	80348696	86531901	4298	0.0404
252fb659-7b72-4579-848b-5ce3d11c92e3	9	86531907	86541148	6	-0.7235
252fb659-7b72-4579-848b-5ce3d11c92e3	9	86541951	89094727	1917	0.0026
252fb659-7b72-4579-848b-5ce3d11c92e3	9	89095030	104584277	10472	0.0536
252fb659-7b72-4579-848b-5ce3d11c92e3	9	104584306	106913073	1676	0.0754
252fb659-7b72-4579-848b-5ce3d11c92e3	9	106913992	106914149	2	-1.1944
252fb659-7b72-4579-848b-5ce3d11c92e3	9	106914612	115370372	6578	0.082
252fb659-7b72-4579-848b-5ce3d11c92e3	9	115370734	120143960	3986	0.0397
252fb659-7b72-4579-848b-5ce3d11c92e3	9	120144154	131160060	6545	0.0759
252fb659-7b72-4579-848b-5ce3d11c92e3	9	131163967	138200944	3731	0.0426
252fb659-7b72-4579-848b-5ce3d11c92e3	10	45792	17659538	14786	0.045
252fb659-7b72-4579-848b-5ce3d11c92e3	10	17664121	17664149	2	-1.5407
252fb659-7b72-4579-848b-5ce3d11c92e3	10	17665872	17885034	71	0.1178
252fb659-7b72-4579-848b-5ce3d11c92e3	10	17896194	17910884	3	-1.9992
252fb659-7b72-4579-848b-5ce3d11c92e3	10	17929793	24088746	4344	0.0344
252fb659-7b72-4579-848b-5ce3d11c92e3	10	24088747	24088751	4	-1.6794
252fb659-7b72-4579-848b-5ce3d11c92e3	10	24088753	25433515	909	0.0583
252fb659-7b72-4579-848b-5ce3d11c92e3	10	25436584	25467357	41	-0.2414
252fb659-7b72-4579-848b-5ce3d11c92e3	10	25468166	27386511	1302	0.0395
252fb659-7b72-4579-848b-5ce3d11c92e3	10	27386712	27394502	14	0.4804
252fb659-7b72-4579-848b-5ce3d11c92e3	10	27394636	30957581	2759	0.0312
252fb659-7b72-4579-848b-5ce3d11c92e3	10	30962405	30962850	11	-0.5927
252fb659-7b72-4579-848b-5ce3d11c92e3	10	30962893	31721121	499	0.01
252fb659-7b72-4579-848b-5ce3d11c92e3	10	31721126	35246669	2326	0.0711
252fb659-7b72-4579-848b-5ce3d11c92e3	10	35247050	46522571	4620	0.0176
252fb659-7b72-4579-848b-5ce3d11c92e3	10	46525652	46526046	9	0.6442
252fb659-7b72-4579-848b-5ce3d11c92e3	10	46526061	46552750	14	0.3008
252fb659-7b72-4579-848b-5ce3d11c92e3	10	46552776	48523157	593	0.0536
252fb659-7b72-4579-848b-5ce3d11c92e3	10	48524930	48524943	2	-2.5903
252fb659-7b72-4579-848b-5ce3d11c92e3	10	48525216	48744078	201	-0.0076
252fb659-7b72-4579-848b-5ce3d11c92e3	10	48745315	48748895	3	-0.7115
252fb659-7b72-4579-848b-5ce3d11c92e3	10	48750490	49984800	884	0.004
252fb659-7b72-4579-848b-5ce3d11c92e3	10	49991761	51328273	834	0.0822
252fb659-7b72-4579-848b-5ce3d11c92e3	10	51328663	51708049	337	0.0045
252fb659-7b72-4579-848b-5ce3d11c92e3	10	51715054	51725999	10	-0.8196
252fb659-7b72-4579-848b-5ce3d11c92e3	10	51731430	54920517	2493	0.027
252fb659-7b72-4579-848b-5ce3d11c92e3	10	54923330	54929747	4	-1.3275
252fb659-7b72-4579-848b-5ce3d11c92e3	10	54929994	58130259	2321	0.008
252fb659-7b72-4579-848b-5ce3d11c92e3	10	58132097	59598509	1011	0.0524
252fb659-7b72-4579-848b-5ce3d11c92e3	10	59604357	59606047	12	-0.2479
252fb659-7b72-4579-848b-5ce3d11c92e3	10	59606506	59606737	5	-0.9424
252fb659-7b72-4579-848b-5ce3d11c92e3	10	59609108	61479546	1357	0.0515
252fb659-7b72-4579-848b-5ce3d11c92e3	10	61480312	62221322	518	0.124
252fb659-7b72-4579-848b-5ce3d11c92e3	10	62221519	63716369	888	0.037
252fb659-7b72-4579-848b-5ce3d11c92e3	10	63717967	63917874	144	0.1726
252fb659-7b72-4579-848b-5ce3d11c92e3	10	63918167	64463375	337	0.0739
252fb659-7b72-4579-848b-5ce3d11c92e3	10	64468267	64960143	365	0.0003
252fb659-7b72-4579-848b-5ce3d11c92e3	10	64960562	64966053	3	-0.9464
252fb659-7b72-4579-848b-5ce3d11c92e3	10	64966845	65545311	398	0.0185
252fb659-7b72-4579-848b-5ce3d11c92e3	10	65545327	65565695	36	-0.4361
252fb659-7b72-4579-848b-5ce3d11c92e3	10	65566308	66034473	411	0.0244
252fb659-7b72-4579-848b-5ce3d11c92e3	10	66038154	66039995	3	-1.0835
252fb659-7b72-4579-848b-5ce3d11c92e3	10	66040349	66312410	194	0.0186
252fb659-7b72-4579-848b-5ce3d11c92e3	10	66313623	66349580	34	-1.0989
252fb659-7b72-4579-848b-5ce3d11c92e3	10	66362774	133654968	45597	0.0452
252fb659-7b72-4579-848b-5ce3d11c92e3	11	198510	4949013	2421	0.0064
252fb659-7b72-4579-848b-5ce3d11c92e3	11	4949047	4952799	23	0.6651
252fb659-7b72-4579-848b-5ce3d11c92e3	11	4953934	6086560	1061	-0.023
252fb659-7b72-4579-848b-5ce3d11c92e3	11	6087039	6100864	8	-0.7794
252fb659-7b72-4579-848b-5ce3d11c92e3	11	6101273	18929959	9175	-0.0053
252fb659-7b72-4579-848b-5ce3d11c92e3	11	18930146	18931442	9	-0.7711
252fb659-7b72-4579-848b-5ce3d11c92e3	11	18931457	20552374	1467	-0.0031
252fb659-7b72-4579-848b-5ce3d11c92e3	11	20552533	26640500	4679	-0.0424
252fb659-7b72-4579-848b-5ce3d11c92e3	11	26640524	28010561	927	0.0319
252fb659-7b72-4579-848b-5ce3d11c92e3	11	28010642	33074330	3179	-0.032
252fb659-7b72-4579-848b-5ce3d11c92e3	11	33075814	36919576	3069	0.0139
252fb659-7b72-4579-848b-5ce3d11c92e3	11	36927497	36927526	2	-2.5889
252fb659-7b72-4579-848b-5ce3d11c92e3	11	36929811	43974195	4698	-0.0303
252fb659-7b72-4579-848b-5ce3d11c92e3	11	43974643	48576870	2592	0.0155
252fb659-7b72-4579-848b-5ce3d11c92e3	11	48579882	48581124	2	-1.6249
252fb659-7b72-4579-848b-5ce3d11c92e3	11	48584766	55380699	1035	0.0156
252fb659-7b72-4579-848b-5ce3d11c92e3	11	55389143	55394162	7	-0.7482
252fb659-7b72-4579-848b-5ce3d11c92e3	11	55399116	65922735	5740	0.0186
252fb659-7b72-4579-848b-5ce3d11c92e3	11	65925289	65925596	3	-1.4441
252fb659-7b72-4579-848b-5ce3d11c92e3	11	65927337	66564938	268	-0.0014
252fb659-7b72-4579-848b-5ce3d11c92e3	11	66565601	66566367	3	-1.3609
252fb659-7b72-4579-848b-5ce3d11c92e3	11	66567837	78707877	6172	0.0121
252fb659-7b72-4579-848b-5ce3d11c92e3	11	78715037	81280898	2130	-0.0382
252fb659-7b72-4579-848b-5ce3d11c92e3	11	81281110	81284576	5	-0.7688
252fb659-7b72-4579-848b-5ce3d11c92e3	11	81285459	82530445	971	-0.0488
252fb659-7b72-4579-848b-5ce3d11c92e3	11	82532020	107940551	17677	-0.0137
252fb659-7b72-4579-848b-5ce3d11c92e3	11	107948906	107950242	2	-2.0471
252fb659-7b72-4579-848b-5ce3d11c92e3	11	107951218	131024804	16257	-0.0056
252fb659-7b72-4579-848b-5ce3d11c92e3	11	131024928	135074876	3272	-0.0578
252fb659-7b72-4579-848b-5ce3d11c92e3	12	51460	2136950	1265	-0.6686
252fb659-7b72-4579-848b-5ce3d11c92e3	12	2138266	2140902	3	-7.4362
252fb659-7b72-4579-848b-5ce3d11c92e3	12	2141494	2148754	35	-2.0097
252fb659-7b72-4579-848b-5ce3d11c92e3	12	2148857	8289689	4247	-0.7059
252fb659-7b72-4579-848b-5ce3d11c92e3	12	8296516	8296621	2	1.4311
252fb659-7b72-4579-848b-5ce3d11c92e3	12	8300870	8404097	35	-0.44
252fb659-7b72-4579-848b-5ce3d11c92e3	12	8405892	8432076	18	0.312
252fb659-7b72-4579-848b-5ce3d11c92e3	12	8442298	9481274	557	-0.7363
252fb659-7b72-4579-848b-5ce3d11c92e3	12	9485313	9562969	22	-1.5463
252fb659-7b72-4579-848b-5ce3d11c92e3	12	9575696	13663770	3096	-0.6668
252fb659-7b72-4579-848b-5ce3d11c92e3	12	13664884	13702844	52	0.0379
252fb659-7b72-4579-848b-5ce3d11c92e3	12	13704005	13704503	3	-0.7184
252fb659-7b72-4579-848b-5ce3d11c92e3	12	13704620	16266471	1580	0.071
252fb659-7b72-4579-848b-5ce3d11c92e3	12	16268053	16275623	3	-0.6832
252fb659-7b72-4579-848b-5ce3d11c92e3	12	16275804	16596700	250	0.0751
252fb659-7b72-4579-848b-5ce3d11c92e3	12	16597997	30081111	9318	0.0219
252fb659-7b72-4579-848b-5ce3d11c92e3	12	30082346	30090756	27	-0.6414
252fb659-7b72-4579-848b-5ce3d11c92e3	12	30090789	33232895	2326	0.0244
252fb659-7b72-4579-848b-5ce3d11c92e3	12	33233822	33242207	5	-1.3181
252fb659-7b72-4579-848b-5ce3d11c92e3	12	33242483	45510655	5540	0.0209
252fb659-7b72-4579-848b-5ce3d11c92e3	12	45512057	45515754	3	-2.3764
252fb659-7b72-4579-848b-5ce3d11c92e3	12	45519509	47218230	1007	0.0178
252fb659-7b72-4579-848b-5ce3d11c92e3	12	47219287	58075565	6001	0.0583
252fb659-7b72-4579-848b-5ce3d11c92e3	12	58075799	62780955	3069	0.006
252fb659-7b72-4579-848b-5ce3d11c92e3	12	62781275	72894060	6656	0.0379
252fb659-7b72-4579-848b-5ce3d11c92e3	12	72895908	90089573	10520	0.0099
252fb659-7b72-4579-848b-5ce3d11c92e3	12	90097892	90098297	7	-1.199
252fb659-7b72-4579-848b-5ce3d11c92e3	12	90099780	126106455	23775	0.025
252fb659-7b72-4579-848b-5ce3d11c92e3	12	126106675	131597293	4820	-0.014
252fb659-7b72-4579-848b-5ce3d11c92e3	12	131597454	133201603	614	0.0472
252fb659-7b72-4579-848b-5ce3d11c92e3	13	18452809	18795296	77	0.4423
252fb659-7b72-4579-848b-5ce3d11c92e3	13	18821498	18835707	15	-0.0295
252fb659-7b72-4579-848b-5ce3d11c92e3	13	18842946	23051234	2755	0.555
252fb659-7b72-4579-848b-5ce3d11c92e3	13	23051568	23052545	7	-0.5267
252fb659-7b72-4579-848b-5ce3d11c92e3	13	23055011	27922634	3668	0.5776
252fb659-7b72-4579-848b-5ce3d11c92e3	13	27937945	27950037	15	1.1514
252fb659-7b72-4579-848b-5ce3d11c92e3	13	27955136	29455681	1158	0.5591
252fb659-7b72-4579-848b-5ce3d11c92e3	13	29457425	29459091	2	-0.9525
252fb659-7b72-4579-848b-5ce3d11c92e3	13	29462056	52583183	15726	0.5612
252fb659-7b72-4579-848b-5ce3d11c92e3	13	52585716	70180004	10554	0.5323
252fb659-7b72-4579-848b-5ce3d11c92e3	13	70181582	70188804	5	1.0736
252fb659-7b72-4579-848b-5ce3d11c92e3	13	70189130	71419747	818	0.5723
252fb659-7b72-4579-848b-5ce3d11c92e3	13	71420413	71425830	4	-0.5601
252fb659-7b72-4579-848b-5ce3d11c92e3	13	71432456	71764179	172	0.5539
252fb659-7b72-4579-848b-5ce3d11c92e3	13	71764666	73942203	1587	0.6196
252fb659-7b72-4579-848b-5ce3d11c92e3	13	73945137	80630224	4634	0.5653
252fb659-7b72-4579-848b-5ce3d11c92e3	13	80631608	94380157	8625	0.5328
252fb659-7b72-4579-848b-5ce3d11c92e3	13	94383667	100583860	4004	0.5786
252fb659-7b72-4579-848b-5ce3d11c92e3	13	100584334	109471752	7294	0.5462
252fb659-7b72-4579-848b-5ce3d11c92e3	13	109473396	114342922	3064	0.5701
252fb659-7b72-4579-848b-5ce3d11c92e3	14	18239283	21925817	1514	-0.649
252fb659-7b72-4579-848b-5ce3d11c92e3	14	21925968	22149479	200	-0.2616
252fb659-7b72-4579-848b-5ce3d11c92e3	14	22151835	22497429	282	0.0071
252fb659-7b72-4579-848b-5ce3d11c92e3	14	22497433	22530666	48	-0.2764
252fb659-7b72-4579-848b-5ce3d11c92e3	14	22530968	31945970	5611	-0.6857
252fb659-7b72-4579-848b-5ce3d11c92e3	14	31947074	31947229	2	-2.6935
252fb659-7b72-4579-848b-5ce3d11c92e3	14	31947298	34440264	2015	-0.7215
252fb659-7b72-4579-848b-5ce3d11c92e3	14	34440923	34641306	101	-0.5005
252fb659-7b72-4579-848b-5ce3d11c92e3	14	34642387	34653937	5	0.365
252fb659-7b72-4579-848b-5ce3d11c92e3	14	34660319	35964586	627	-0.6061
252fb659-7b72-4579-848b-5ce3d11c92e3	14	35964925	38246321	1528	-0.7105
252fb659-7b72-4579-848b-5ce3d11c92e3	14	38246495	39663178	828	-0.6121
252fb659-7b72-4579-848b-5ce3d11c92e3	14	39663637	41139155	988	-0.7192
252fb659-7b72-4579-848b-5ce3d11c92e3	14	41141293	41207477	20	-0.0324
252fb659-7b72-4579-848b-5ce3d11c92e3	14	41207493	73534419	20425	-0.6854
252fb659-7b72-4579-848b-5ce3d11c92e3	14	73540003	73563196	9	0.4648
252fb659-7b72-4579-848b-5ce3d11c92e3	14	73563211	78187104	2992	-0.6647
252fb659-7b72-4579-848b-5ce3d11c92e3	14	78187229	99226196	14618	-0.7226
252fb659-7b72-4579-848b-5ce3d11c92e3	14	99226402	105824429	3059	-0.6671
252fb659-7b72-4579-848b-5ce3d11c92e3	14	105824509	106321086	165	-0.4376
252fb659-7b72-4579-848b-5ce3d11c92e3	14	106340102	106346129	7	-1.8008
252fb659-7b72-4579-848b-5ce3d11c92e3	14	106360014	106462724	80	-0.3613
252fb659-7b72-4579-848b-5ce3d11c92e3	14	106475361	106877229	193	-0.73
252fb659-7b72-4579-848b-5ce3d11c92e3	15	19811075	20207225	60	-0.0441
252fb659-7b72-4579-848b-5ce3d11c92e3	15	20210984	22631647	162	-0.5752
252fb659-7b72-4579-848b-5ce3d11c92e3	15	22633586	23549523	401	-0.1703
252fb659-7b72-4579-848b-5ce3d11c92e3	15	23553082	27887445	3127	-0.2808
252fb659-7b72-4579-848b-5ce3d11c92e3	15	27895986	76598900	30177	-0.2133
252fb659-7b72-4579-848b-5ce3d11c92e3	15	76599170	76599700	8	-2.6382
252fb659-7b72-4579-848b-5ce3d11c92e3	15	76599852	76602857	5	-1.4477
252fb659-7b72-4579-848b-5ce3d11c92e3	15	76603003	82882631	3903	-0.2031
252fb659-7b72-4579-848b-5ce3d11c92e3	15	82889131	82889319	3	-1.6187
252fb659-7b72-4579-848b-5ce3d11c92e3	15	82890669	101928837	13720	-0.2226
252fb659-7b72-4579-848b-5ce3d11c92e3	16	10777	6338911	3542	0.2452
252fb659-7b72-4579-848b-5ce3d11c92e3	16	6341245	6389099	63	0.0011
252fb659-7b72-4579-848b-5ce3d11c92e3	16	6389556	6785677	552	-0.1792
252fb659-7b72-4579-848b-5ce3d11c92e3	16	6785883	6885306	102	0.0162
252fb659-7b72-4579-848b-5ce3d11c92e3	16	6889157	7214196	422	0.1543
252fb659-7b72-4579-848b-5ce3d11c92e3	16	7214781	14813001	6428	0.2702
252fb659-7b72-4579-848b-5ce3d11c92e3	16	14835894	16178558	629	0.3556
252fb659-7b72-4579-848b-5ce3d11c92e3	16	16178651	23905968	3895	0.2865
252fb659-7b72-4579-848b-5ce3d11c92e3	16	23910083	35332827	4599	0.2501
252fb659-7b72-4579-848b-5ce3d11c92e3	16	35332841	35468031	82	0.0539
252fb659-7b72-4579-848b-5ce3d11c92e3	16	35468129	50349133	2385	0.2604
252fb659-7b72-4579-848b-5ce3d11c92e3	16	50349847	53421830	2222	0.2933
252fb659-7b72-4579-848b-5ce3d11c92e3	16	53424105	53435895	4	-0.5416
252fb659-7b72-4579-848b-5ce3d11c92e3	16	53436017	54375931	798	0.2554
252fb659-7b72-4579-848b-5ce3d11c92e3	16	54376029	54385720	18	-0.9447
252fb659-7b72-4579-848b-5ce3d11c92e3	16	54386786	55761136	1204	0.2514
252fb659-7b72-4579-848b-5ce3d11c92e3	16	55762477	55788485	21	-0.7175
252fb659-7b72-4579-848b-5ce3d11c92e3	16	55788532	55813909	10	0.6233
252fb659-7b72-4579-848b-5ce3d11c92e3	16	55814156	59452080	2249	0.2841
252fb659-7b72-4579-848b-5ce3d11c92e3	16	59455239	65000216	3682	0.2262
252fb659-7b72-4579-848b-5ce3d11c92e3	16	65001030	70146322	2825	0.2829
252fb659-7b72-4579-848b-5ce3d11c92e3	16	70152235	70179141	9	-0.4371
252fb659-7b72-4579-848b-5ce3d11c92e3	16	70200633	75208831	2778	0.2768
252fb659-7b72-4579-848b-5ce3d11c92e3	16	75212144	75214869	3	-0.7372
252fb659-7b72-4579-848b-5ce3d11c92e3	16	75218408	78337711	2730	0.2581
252fb659-7b72-4579-848b-5ce3d11c92e3	16	78338543	78349243	15	1.0085
252fb659-7b72-4579-848b-5ce3d11c92e3	16	78350841	84212171	6504	0.262
252fb659-7b72-4579-848b-5ce3d11c92e3	16	84213340	84214498	2	-1.3071
252fb659-7b72-4579-848b-5ce3d11c92e3	16	84214528	88076816	3280	0.2822
252fb659-7b72-4579-848b-5ce3d11c92e3	16	88080057	88081232	3	-1.2868
252fb659-7b72-4579-848b-5ce3d11c92e3	16	88081785	90096867	838	0.297
252fb659-7b72-4579-848b-5ce3d11c92e3	17	150733	5152486	2641	-0.6454
252fb659-7b72-4579-848b-5ce3d11c92e3	17	5152983	10961066	3729	-0.7131
252fb659-7b72-4579-848b-5ce3d11c92e3	17	10964236	10964312	2	-2.9126
252fb659-7b72-4579-848b-5ce3d11c92e3	17	10966045	15513515	3586	-0.7247
252fb659-7b72-4579-848b-5ce3d11c92e3	17	15514134	18455632	1419	-0.6539
252fb659-7b72-4579-848b-5ce3d11c92e3	17	18455635	18508083	13	-1.4001
252fb659-7b72-4579-848b-5ce3d11c92e3	17	18508609	21017175	1007	-0.6341
252fb659-7b72-4579-848b-5ce3d11c92e3	17	21019834	21020225	3	-3.0659
252fb659-7b72-4579-848b-5ce3d11c92e3	17	21020437	27273048	632	-0.6159
252fb659-7b72-4579-848b-5ce3d11c92e3	17	27273299	27450993	94	0.0715
252fb659-7b72-4579-848b-5ce3d11c92e3	17	27452064	27460837	7	-1.0668
252fb659-7b72-4579-848b-5ce3d11c92e3	17	27466846	34854889	4373	0.0786
252fb659-7b72-4579-848b-5ce3d11c92e3	17	34857944	35628224	423	-0.6565
252fb659-7b72-4579-848b-5ce3d11c92e3	17	35635990	37223746	910	0.0632
252fb659-7b72-4579-848b-5ce3d11c92e3	17	37226370	38310064	422	0.1658
252fb659-7b72-4579-848b-5ce3d11c92e3	17	38312348	41265456	1533	0.0772
252fb659-7b72-4579-848b-5ce3d11c92e3	17	41266762	41274279	24	1.1997
252fb659-7b72-4579-848b-5ce3d11c92e3	17	41276472	41277289	15	0.4327
252fb659-7b72-4579-848b-5ce3d11c92e3	17	41282110	46085732	2484	0.0857
252fb659-7b72-4579-848b-5ce3d11c92e3	17	46088437	46284997	123	0.6745
252fb659-7b72-4579-848b-5ce3d11c92e3	17	46286804	46571001	7	-0.5938
252fb659-7b72-4579-848b-5ce3d11c92e3	17	46664059	52019379	2949	0.1017
252fb659-7b72-4579-848b-5ce3d11c92e3	17	52019396	52576466	413	0.0429
252fb659-7b72-4579-848b-5ce3d11c92e3	17	52578272	52588461	5	0.7612
252fb659-7b72-4579-848b-5ce3d11c92e3	17	52588697	54649222	1289	0.0297
252fb659-7b72-4579-848b-5ce3d11c92e3	17	54649492	57610128	2349	0.0901
252fb659-7b72-4579-848b-5ce3d11c92e3	17	57610972	57611632	2	1.3795
252fb659-7b72-4579-848b-5ce3d11c92e3	17	57614632	71376723	7900	0.0802
252fb659-7b72-4579-848b-5ce3d11c92e3	17	71377030	72546007	928	-0.683
252fb659-7b72-4579-848b-5ce3d11c92e3	17	72551391	83091923	5742	0.0792
252fb659-7b72-4579-848b-5ce3d11c92e3	18	48133	57005536	33698	-0.6989
252fb659-7b72-4579-848b-5ce3d11c92e3	18	57006263	57006864	2	-4.0535
252fb659-7b72-4579-848b-5ce3d11c92e3	18	57008715	73283620	11847	-0.7015
252fb659-7b72-4579-848b-5ce3d11c92e3	18	73283977	79047781	4475	-0.7519
252fb659-7b72-4579-848b-5ce3d11c92e3	18	79048881	80257174	615	-0.7001
252fb659-7b72-4579-848b-5ce3d11c92e3	19	90910	20969561	9237	0.0534
252fb659-7b72-4579-848b-5ce3d11c92e3	19	20970252	24281296	1909	0.019
252fb659-7b72-4579-848b-5ce3d11c92e3	19	24281335	27330071	29	0.3785
252fb659-7b72-4579-848b-5ce3d11c92e3	19	27337678	27581903	35	0.1346
252fb659-7b72-4579-848b-5ce3d11c92e3	19	27582051	32371096	3570	0.0098
252fb659-7b72-4579-848b-5ce3d11c92e3	19	32372700	35358420	1938	0.0554
252fb659-7b72-4579-848b-5ce3d11c92e3	19	35364451	35375842	22	-0.4346
252fb659-7b72-4579-848b-5ce3d11c92e3	19	35375884	38008934	1309	0.0203
252fb659-7b72-4579-848b-5ce3d11c92e3	19	38010063	53719929	8204	0.0663
252fb659-7b72-4579-848b-5ce3d11c92e3	19	53722236	53722759	2	-1.4416
252fb659-7b72-4579-848b-5ce3d11c92e3	19	53724032	54772391	551	0.035
252fb659-7b72-4579-848b-5ce3d11c92e3	19	54772476	54837236	31	-0.7509
252fb659-7b72-4579-848b-5ce3d11c92e3	19	54852069	55760777	440	0.052
252fb659-7b72-4579-848b-5ce3d11c92e3	19	55761691	55771169	4	-0.9318
252fb659-7b72-4579-848b-5ce3d11c92e3	19	55771663	57490144	1226	0.0438
252fb659-7b72-4579-848b-5ce3d11c92e3	19	57490159	57490557	4	-0.6997
252fb659-7b72-4579-848b-5ce3d11c92e3	19	57490650	57516135	20	0.0676
252fb659-7b72-4579-848b-5ce3d11c92e3	19	57516384	57523861	3	-0.8899
252fb659-7b72-4579-848b-5ce3d11c92e3	19	57526742	58429147	534	0.0378
252fb659-7b72-4579-848b-5ce3d11c92e3	19	58432041	58433008	2	-0.9669
252fb659-7b72-4579-848b-5ce3d11c92e3	19	58434689	58586487	52	0.1101
252fb659-7b72-4579-848b-5ce3d11c92e3	20	80664	1580353	1204	0.8847
252fb659-7b72-4579-848b-5ce3d11c92e3	20	1580934	1609809	38	-0.159
252fb659-7b72-4579-848b-5ce3d11c92e3	20	1609888	1613247	3	-2.4044
252fb659-7b72-4579-848b-5ce3d11c92e3	20	1617300	3536137	1406	0.8592
252fb659-7b72-4579-848b-5ce3d11c92e3	20	3539923	4611069	765	0.9356
252fb659-7b72-4579-848b-5ce3d11c92e3	20	4615746	5220654	465	0.8504
252fb659-7b72-4579-848b-5ce3d11c92e3	20	5223993	5737384	356	1.0046
252fb659-7b72-4579-848b-5ce3d11c92e3	20	5737655	8608924	2237	0.8807
252fb659-7b72-4579-848b-5ce3d11c92e3	20	8609872	10031291	1222	0.9379
252fb659-7b72-4579-848b-5ce3d11c92e3	20	10033642	14757631	3434	0.8738
252fb659-7b72-4579-848b-5ce3d11c92e3	20	14758639	15189463	418	0.4149
252fb659-7b72-4579-848b-5ce3d11c92e3	20	15189497	15254778	45	0.5751
252fb659-7b72-4579-848b-5ce3d11c92e3	20	15256406	15257226	3	-0.203
252fb659-7b72-4579-848b-5ce3d11c92e3	20	15258823	15320728	45	0.5902
252fb659-7b72-4579-848b-5ce3d11c92e3	20	15321256	15321728	3	-0.5107
252fb659-7b72-4579-848b-5ce3d11c92e3	20	15324612	15585935	259	0.5934
252fb659-7b72-4579-848b-5ce3d11c92e3	20	15589403	23074690	6032	0.9067
252fb659-7b72-4579-848b-5ce3d11c92e3	20	23074836	24628254	1242	0.8513
252fb659-7b72-4579-848b-5ce3d11c92e3	20	24629590	36963003	3613	0.9028
252fb659-7b72-4579-848b-5ce3d11c92e3	20	36965075	37094427	163	0.7371
252fb659-7b72-4579-848b-5ce3d11c92e3	20	37097999	41730880	3046	0.8809
252fb659-7b72-4579-848b-5ce3d11c92e3	20	41731384	41731388	5	0.0452
252fb659-7b72-4579-848b-5ce3d11c92e3	20	41732145	43162530	1322	0.8682
252fb659-7b72-4579-848b-5ce3d11c92e3	20	43162620	43162642	2	-0.5977
252fb659-7b72-4579-848b-5ce3d11c92e3	20	43163928	64324800	15073	0.8932
252fb659-7b72-4579-848b-5ce3d11c92e3	21	10354168	10459828	18	-0.6117
252fb659-7b72-4579-848b-5ce3d11c92e3	21	10494350	18135458	3135	-0.1551
252fb659-7b72-4579-848b-5ce3d11c92e3	21	18135702	28096084	7618	-0.2291
252fb659-7b72-4579-848b-5ce3d11c92e3	21	28098082	45244960	12275	-0.1973
252fb659-7b72-4579-848b-5ce3d11c92e3	21	45244989	46677045	817	-0.2616
252fb659-7b72-4579-848b-5ce3d11c92e3	22	15294547	22398345	3460	0.0644
252fb659-7b72-4579-848b-5ce3d11c92e3	22	22398407	22398545	3	-1.6085
252fb659-7b72-4579-848b-5ce3d11c92e3	22	22402989	23981995	931	0.037
252fb659-7b72-4579-848b-5ce3d11c92e3	22	23987520	23989773	3	-2.8129
252fb659-7b72-4579-848b-5ce3d11c92e3	22	23990431	24685371	354	0.081
252fb659-7b72-4579-848b-5ce3d11c92e3	22	24686148	24686567	3	-1.3973
252fb659-7b72-4579-848b-5ce3d11c92e3	22	24691707	37242577	9619	0.0519
252fb659-7b72-4579-848b-5ce3d11c92e3	22	37246885	37252574	8	-4.5314
252fb659-7b72-4579-848b-5ce3d11c92e3	22	37252859	38894915	816	0.0612
252fb659-7b72-4579-848b-5ce3d11c92e3	22	38899250	38900899	3	-2.7442
252fb659-7b72-4579-848b-5ce3d11c92e3	22	38903109	40397256	758	0.0519
252fb659-7b72-4579-848b-5ce3d11c92e3	22	40398586	40398816	2	-2.1525
252fb659-7b72-4579-848b-5ce3d11c92e3	22	40401668	47774281	4992	0.0492
252fb659-7b72-4579-848b-5ce3d11c92e3	22	47778511	49479847	1682	-0.0104
252fb659-7b72-4579-848b-5ce3d11c92e3	22	49482244	50796027	643	0.0805
252fb659-7b72-4579-848b-5ce3d11c92e3	X	251810	4084496	881	0.0756
252fb659-7b72-4579-848b-5ce3d11c92e3	X	4084508	9605751	4366	-0.02
252fb659-7b72-4579-848b-5ce3d11c92e3	X	9610158	9610705	2	-2.8877
252fb659-7b72-4579-848b-5ce3d11c92e3	X	9613189	25402447	10161	0.0413
252fb659-7b72-4579-848b-5ce3d11c92e3	X	25405627	36552365	7372	0.003
252fb659-7b72-4579-848b-5ce3d11c92e3	X	36554859	38724565	1180	0.0455
252fb659-7b72-4579-848b-5ce3d11c92e3	X	38726905	38726934	2	-1.6455
252fb659-7b72-4579-848b-5ce3d11c92e3	X	38732379	77179707	15858	0.0297
252fb659-7b72-4579-848b-5ce3d11c92e3	X	77191372	77296889	9	0.7836
252fb659-7b72-4579-848b-5ce3d11c92e3	X	77324696	84828277	3683	0.0056
252fb659-7b72-4579-848b-5ce3d11c92e3	X	84829062	85794364	601	0.103
252fb659-7b72-4579-848b-5ce3d11c92e3	X	85794429	88277161	1688	0.0153
252fb659-7b72-4579-848b-5ce3d11c92e3	X	88277651	94783421	3032	-0.0239
252fb659-7b72-4579-848b-5ce3d11c92e3	X	94783912	137402627	23462	0.0213
252fb659-7b72-4579-848b-5ce3d11c92e3	X	137402698	140835997	2155	-0.0088
252fb659-7b72-4579-848b-5ce3d11c92e3	X	140836382	140837883	3	-1.33
252fb659-7b72-4579-848b-5ce3d11c92e3	X	140838701	141559094	357	-0.016
252fb659-7b72-4579-848b-5ce3d11c92e3	X	141578177	141585618	5	-1.2376
252fb659-7b72-4579-848b-5ce3d11c92e3	X	141595849	142749377	899	-0.0239
252fb659-7b72-4579-848b-5ce3d11c92e3	X	142749612	142799928	28	-0.3983
252fb659-7b72-4579-848b-5ce3d11c92e3	X	142806107	146969375	2815	-0.0314
252fb659-7b72-4579-848b-5ce3d11c92e3	X	146972622	151124426	2735	0.0304
252fb659-7b72-4579-848b-5ce3d11c92e3	X	151125462	151126987	2	-2.6286
252fb659-7b72-4579-848b-5ce3d11c92e3	X	151128083	155952689	2364	0.0215
252fb659-7b72-4579-848b-5ce3d11c92e3	Y	2782397	13478396	3265	-2.394
252fb659-7b72-4579-848b-5ce3d11c92e3	Y	13478462	13482643	3	-7.5064
252fb659-7b72-4579-848b-5ce3d11c92e3	Y	13483009	56872112	3372	-2.4391
