GDC_Aliquot	Chromosome	Start	End	Num_Probes	Segment_Mean
75403dfd-e1b7-4aca-a6d0-fab2adf75aea	1	62920	86341	11	0.5243
75403dfd-e1b7-4aca-a6d0-fab2adf75aea	1	98588	1575421	199	-0.0066
75403dfd-e1b7-4aca-a6d0-fab2adf75aea	1	1696479	1741164	16	-0.974
75403dfd-e1b7-4aca-a6d0-fab2adf75aea	1	1756148	12777697	6264	0.001
75403dfd-e1b7-4aca-a6d0-fab2adf75aea	1	12778601	12823233	26	-0.5358
75403dfd-e1b7-4aca-a6d0-fab2adf75aea	1	12832455	13326062	17	-0.045
75403dfd-e1b7-4aca-a6d0-fab2adf75aea	1	13338980	13362275	3	-0.9357
75403dfd-e1b7-4aca-a6d0-fab2adf75aea	1	13383455	15823420	1805	-0.0068
75403dfd-e1b7-4aca-a6d0-fab2adf75aea	1	15827002	15827706	7	0.752
75403dfd-e1b7-4aca-a6d0-fab2adf75aea	1	15827744	16785682	354	-0.01
75403dfd-e1b7-4aca-a6d0-fab2adf75aea	1	16787932	16935752	58	0.349
75403dfd-e1b7-4aca-a6d0-fab2adf75aea	1	16949746	25256850	5262	-0.0015
75403dfd-e1b7-4aca-a6d0-fab2adf75aea	1	25266637	25284961	14	0.8854
75403dfd-e1b7-4aca-a6d0-fab2adf75aea	1	25289805	72303233	28751	0.0011
75403dfd-e1b7-4aca-a6d0-fab2adf75aea	1	72303253	72345465	45	-1.6045
75403dfd-e1b7-4aca-a6d0-fab2adf75aea	1	72346221	103621165	20032	0.0024
75403dfd-e1b7-4aca-a6d0-fab2adf75aea	1	103697067	103717617	4	0.9922
75403dfd-e1b7-4aca-a6d0-fab2adf75aea	1	103760781	105476583	919	0.003
75403dfd-e1b7-4aca-a6d0-fab2adf75aea	1	105476614	105479753	16	0.7306
75403dfd-e1b7-4aca-a6d0-fab2adf75aea	1	105481433	108187137	1939	-0.0013
75403dfd-e1b7-4aca-a6d0-fab2adf75aea	1	108191613	108192255	2	-3.688
75403dfd-e1b7-4aca-a6d0-fab2adf75aea	1	108194874	108223733	18	0.0299
75403dfd-e1b7-4aca-a6d0-fab2adf75aea	1	108226680	108274557	2	-3.2984
75403dfd-e1b7-4aca-a6d0-fab2adf75aea	1	108310648	109690352	676	-0.0087
75403dfd-e1b7-4aca-a6d0-fab2adf75aea	1	109690415	109690640	3	-1.1566
75403dfd-e1b7-4aca-a6d0-fab2adf75aea	1	109690705	112147704	1959	0.0018
75403dfd-e1b7-4aca-a6d0-fab2adf75aea	1	112153343	112154591	22	0.4238
75403dfd-e1b7-4aca-a6d0-fab2adf75aea	1	112154619	120064540	5052	0.0093
75403dfd-e1b7-4aca-a6d0-fab2adf75aea	1	120089042	143927887	240	0.1347
75403dfd-e1b7-4aca-a6d0-fab2adf75aea	1	143928045	151359541	1562	0.0119
75403dfd-e1b7-4aca-a6d0-fab2adf75aea	1	151364223	151425402	60	0.6043
75403dfd-e1b7-4aca-a6d0-fab2adf75aea	1	151436260	152583051	695	0.0143
75403dfd-e1b7-4aca-a6d0-fab2adf75aea	1	152583230	152618018	36	-0.5248
75403dfd-e1b7-4aca-a6d0-fab2adf75aea	1	152618089	152778246	154	0.0107
75403dfd-e1b7-4aca-a6d0-fab2adf75aea	1	152778266	152796224	48	0.3723
75403dfd-e1b7-4aca-a6d0-fab2adf75aea	1	152801429	169247699	11284	-0.0009
75403dfd-e1b7-4aca-a6d0-fab2adf75aea	1	169264736	169272528	7	0.9762
75403dfd-e1b7-4aca-a6d0-fab2adf75aea	1	169273163	174827418	3521	-0.0001
75403dfd-e1b7-4aca-a6d0-fab2adf75aea	1	174827561	174832716	16	-0.7591
75403dfd-e1b7-4aca-a6d0-fab2adf75aea	1	174832734	193186662	12245	0.0113
75403dfd-e1b7-4aca-a6d0-fab2adf75aea	1	193187149	193187218	4	-0.9422
75403dfd-e1b7-4aca-a6d0-fab2adf75aea	1	193190593	194479104	943	0.0161
75403dfd-e1b7-4aca-a6d0-fab2adf75aea	1	194482281	194485888	2	1.6733
75403dfd-e1b7-4aca-a6d0-fab2adf75aea	1	194487886	196762956	1455	0.0135
75403dfd-e1b7-4aca-a6d0-fab2adf75aea	1	196769493	196832312	52	0.4039
75403dfd-e1b7-4aca-a6d0-fab2adf75aea	1	196832525	209897717	8791	0.0044
75403dfd-e1b7-4aca-a6d0-fab2adf75aea	1	209908268	209913207	4	-1.2242
75403dfd-e1b7-4aca-a6d0-fab2adf75aea	1	209920149	214499607	3123	0.0094
75403dfd-e1b7-4aca-a6d0-fab2adf75aea	1	214499928	214500102	2	-1.2985
75403dfd-e1b7-4aca-a6d0-fab2adf75aea	1	214505057	215318153	606	-0.0183
75403dfd-e1b7-4aca-a6d0-fab2adf75aea	1	215320126	215322796	4	-1.2495
75403dfd-e1b7-4aca-a6d0-fab2adf75aea	1	215323082	248930189	23293	0.0047
75403dfd-e1b7-4aca-a6d0-fab2adf75aea	2	12784	34466002	24094	0.0113
75403dfd-e1b7-4aca-a6d0-fab2adf75aea	2	34474248	34511990	46	0.5937
75403dfd-e1b7-4aca-a6d0-fab2adf75aea	2	34512096	35750907	871	0.0375
75403dfd-e1b7-4aca-a6d0-fab2adf75aea	2	35752724	35762881	7	0.9048
75403dfd-e1b7-4aca-a6d0-fab2adf75aea	2	35772407	36108463	274	-0.0021
75403dfd-e1b7-4aca-a6d0-fab2adf75aea	2	36109476	36112411	13	-0.9714
75403dfd-e1b7-4aca-a6d0-fab2adf75aea	2	36123960	44089774	5876	0.0095
75403dfd-e1b7-4aca-a6d0-fab2adf75aea	2	44091513	44091618	2	-1.3445
75403dfd-e1b7-4aca-a6d0-fab2adf75aea	2	44093933	49305903	3685	0.0162
75403dfd-e1b7-4aca-a6d0-fab2adf75aea	2	49308629	49314051	5	-0.7017
75403dfd-e1b7-4aca-a6d0-fab2adf75aea	2	49317902	50317206	719	0.0087
75403dfd-e1b7-4aca-a6d0-fab2adf75aea	2	50318465	50320525	2	-1.4532
75403dfd-e1b7-4aca-a6d0-fab2adf75aea	2	50323802	52527342	1553	0.0217
75403dfd-e1b7-4aca-a6d0-fab2adf75aea	2	52527362	52554404	38	-2.3508
75403dfd-e1b7-4aca-a6d0-fab2adf75aea	2	52560811	86710564	21921	0.0121
75403dfd-e1b7-4aca-a6d0-fab2adf75aea	2	86725947	86726731	2	-1.52
75403dfd-e1b7-4aca-a6d0-fab2adf75aea	2	86743283	107397825	8247	0.0098
75403dfd-e1b7-4aca-a6d0-fab2adf75aea	2	107401544	107403066	3	-1.772
75403dfd-e1b7-4aca-a6d0-fab2adf75aea	2	107403638	122719438	8762	0.009
75403dfd-e1b7-4aca-a6d0-fab2adf75aea	2	122722323	122724665	8	-2.2881
75403dfd-e1b7-4aca-a6d0-fab2adf75aea	2	122726077	130036283	4779	0.0162
75403dfd-e1b7-4aca-a6d0-fab2adf75aea	2	130036310	130116915	13	-0.5821
75403dfd-e1b7-4aca-a6d0-fab2adf75aea	2	130117303	137696290	4347	0.0081
75403dfd-e1b7-4aca-a6d0-fab2adf75aea	2	137696413	138621363	518	0.0803
75403dfd-e1b7-4aca-a6d0-fab2adf75aea	2	138623395	146104517	4667	-0.0017
75403dfd-e1b7-4aca-a6d0-fab2adf75aea	2	146106836	146109366	24	-1.779
75403dfd-e1b7-4aca-a6d0-fab2adf75aea	2	146120238	207485467	36968	0.01
75403dfd-e1b7-4aca-a6d0-fab2adf75aea	2	207485523	207485538	2	-1.6498
75403dfd-e1b7-4aca-a6d0-fab2adf75aea	2	207485595	242147305	22104	0.0098
75403dfd-e1b7-4aca-a6d0-fab2adf75aea	3	20930	1041828	848	0.039
75403dfd-e1b7-4aca-a6d0-fab2adf75aea	3	1045193	1149954	86	-1.0349
75403dfd-e1b7-4aca-a6d0-fab2adf75aea	3	1153803	1165409	12	-0.0604
75403dfd-e1b7-4aca-a6d0-fab2adf75aea	3	1165907	1174497	10	-1.1073
75403dfd-e1b7-4aca-a6d0-fab2adf75aea	3	1175719	47358421	32513	0.0122
75403dfd-e1b7-4aca-a6d0-fab2adf75aea	3	47358841	47363961	3	-1.4657
75403dfd-e1b7-4aca-a6d0-fab2adf75aea	3	47367722	68697013	14320	0.0049
75403dfd-e1b7-4aca-a6d0-fab2adf75aea	3	68697108	68698262	14	-1.4834
75403dfd-e1b7-4aca-a6d0-fab2adf75aea	3	68699607	75519398	4928	0.0067
75403dfd-e1b7-4aca-a6d0-fab2adf75aea	3	75523398	75537120	5	-1.1415
75403dfd-e1b7-4aca-a6d0-fab2adf75aea	3	75537654	130044855	29727	0.0107
75403dfd-e1b7-4aca-a6d0-fab2adf75aea	3	130047743	130087393	37	-1.5942
75403dfd-e1b7-4aca-a6d0-fab2adf75aea	3	130088081	136300257	4028	0.0053
75403dfd-e1b7-4aca-a6d0-fab2adf75aea	3	136304109	136306584	2	-2.5197
75403dfd-e1b7-4aca-a6d0-fab2adf75aea	3	136319699	158613262	13622	0.0096
75403dfd-e1b7-4aca-a6d0-fab2adf75aea	3	158619976	158621752	2	-1.6952
75403dfd-e1b7-4aca-a6d0-fab2adf75aea	3	158623833	162794951	2618	0.0164
75403dfd-e1b7-4aca-a6d0-fab2adf75aea	3	162795304	162898127	62	-1.9551
75403dfd-e1b7-4aca-a6d0-fab2adf75aea	3	162906054	162908207	6	-0.8651
75403dfd-e1b7-4aca-a6d0-fab2adf75aea	3	162908784	162996729	72	0.0985
75403dfd-e1b7-4aca-a6d0-fab2adf75aea	3	162999939	163001774	2	1.5901
75403dfd-e1b7-4aca-a6d0-fab2adf75aea	3	163008371	179160372	9919	0.0161
75403dfd-e1b7-4aca-a6d0-fab2adf75aea	3	179165384	179166158	8	-0.7184
75403dfd-e1b7-4aca-a6d0-fab2adf75aea	3	179166170	193160256	9174	0.0157
75403dfd-e1b7-4aca-a6d0-fab2adf75aea	3	193160406	193165114	17	-1.2976
75403dfd-e1b7-4aca-a6d0-fab2adf75aea	3	193168646	195559056	1483	0.0222
75403dfd-e1b7-4aca-a6d0-fab2adf75aea	3	195656271	195728637	26	-0.3845
75403dfd-e1b7-4aca-a6d0-fab2adf75aea	3	195728990	198169131	1180	0.0179
75403dfd-e1b7-4aca-a6d0-fab2adf75aea	3	198169146	198169247	2	1.5457
75403dfd-e1b7-4aca-a6d0-fab2adf75aea	4	68929	10190726	5665	0.0105
75403dfd-e1b7-4aca-a6d0-fab2adf75aea	4	10191803	10233558	75	0.2451
75403dfd-e1b7-4aca-a6d0-fab2adf75aea	4	10233644	26287196	11733	0.0028
75403dfd-e1b7-4aca-a6d0-fab2adf75aea	4	26290363	26293154	3	-1.2576
75403dfd-e1b7-4aca-a6d0-fab2adf75aea	4	26293552	34784878	5242	0.0001
75403dfd-e1b7-4aca-a6d0-fab2adf75aea	4	34785333	34823103	37	-0.4177
75403dfd-e1b7-4aca-a6d0-fab2adf75aea	4	34828250	62802116	16000	0.0084
75403dfd-e1b7-4aca-a6d0-fab2adf75aea	4	62804218	62805944	8	-1.8449
75403dfd-e1b7-4aca-a6d0-fab2adf75aea	4	62813912	68395346	3442	-0.0015
75403dfd-e1b7-4aca-a6d0-fab2adf75aea	4	68416487	68422424	5	0.9182
75403dfd-e1b7-4aca-a6d0-fab2adf75aea	4	68429081	68674307	84	-0.1094
75403dfd-e1b7-4aca-a6d0-fab2adf75aea	4	68686026	69254981	304	0.0662
75403dfd-e1b7-4aca-a6d0-fab2adf75aea	4	69255175	69361181	53	0.284
75403dfd-e1b7-4aca-a6d0-fab2adf75aea	4	69362906	97250644	17224	0.0039
75403dfd-e1b7-4aca-a6d0-fab2adf75aea	4	97251263	97263981	9	-0.7437
75403dfd-e1b7-4aca-a6d0-fab2adf75aea	4	97267978	114252544	10108	0.0021
75403dfd-e1b7-4aca-a6d0-fab2adf75aea	4	114254167	114263073	24	0.8625
75403dfd-e1b7-4aca-a6d0-fab2adf75aea	4	114263096	124720173	6223	0.0067
75403dfd-e1b7-4aca-a6d0-fab2adf75aea	4	124723041	124724235	12	-0.6036
75403dfd-e1b7-4aca-a6d0-fab2adf75aea	4	124724803	137171266	7009	0.0116
75403dfd-e1b7-4aca-a6d0-fab2adf75aea	4	137171362	137173804	13	-0.6367
75403dfd-e1b7-4aca-a6d0-fab2adf75aea	4	137173818	148317162	6914	0.0078
75403dfd-e1b7-4aca-a6d0-fab2adf75aea	4	148317860	148333453	5	-1.2759
75403dfd-e1b7-4aca-a6d0-fab2adf75aea	4	148333518	160145938	7180	0.0109
75403dfd-e1b7-4aca-a6d0-fab2adf75aea	4	160145978	160149426	10	-0.5243
75403dfd-e1b7-4aca-a6d0-fab2adf75aea	4	160149572	160952788	594	-0.0144
75403dfd-e1b7-4aca-a6d0-fab2adf75aea	4	160952848	160963756	22	-0.3943
75403dfd-e1b7-4aca-a6d0-fab2adf75aea	4	160963767	172065874	7069	0.0093
75403dfd-e1b7-4aca-a6d0-fab2adf75aea	4	172066242	172080895	27	0.4275
75403dfd-e1b7-4aca-a6d0-fab2adf75aea	4	172080910	180018576	4960	0.0067
75403dfd-e1b7-4aca-a6d0-fab2adf75aea	4	180018689	180025781	6	-0.7875
75403dfd-e1b7-4aca-a6d0-fab2adf75aea	4	180026203	188300104	5967	0.0234
75403dfd-e1b7-4aca-a6d0-fab2adf75aea	4	188300206	188301659	5	1.2388
75403dfd-e1b7-4aca-a6d0-fab2adf75aea	4	188301899	190106768	1141	0.0541
75403dfd-e1b7-4aca-a6d0-fab2adf75aea	5	15532	685389	305	0.0465
75403dfd-e1b7-4aca-a6d0-fab2adf75aea	5	685633	722281	10	-0.3936
75403dfd-e1b7-4aca-a6d0-fab2adf75aea	5	724612	742574	9	0.0708
75403dfd-e1b7-4aca-a6d0-fab2adf75aea	5	760901	852451	30	-0.7857
75403dfd-e1b7-4aca-a6d0-fab2adf75aea	5	863682	11161513	8747	0.0214
75403dfd-e1b7-4aca-a6d0-fab2adf75aea	5	11162524	11162659	3	-2.3402
75403dfd-e1b7-4aca-a6d0-fab2adf75aea	5	11167165	11487538	285	0.0246
75403dfd-e1b7-4aca-a6d0-fab2adf75aea	5	11487894	11488355	2	-1.1365
75403dfd-e1b7-4aca-a6d0-fab2adf75aea	5	11489562	12800777	802	0.0116
75403dfd-e1b7-4aca-a6d0-fab2adf75aea	5	12815668	12838421	14	0.752
75403dfd-e1b7-4aca-a6d0-fab2adf75aea	5	12849089	46271006	20474	0.015
75403dfd-e1b7-4aca-a6d0-fab2adf75aea	5	46271828	46273400	6	-2.7542
75403dfd-e1b7-4aca-a6d0-fab2adf75aea	5	46278110	58025819	5076	0.0088
75403dfd-e1b7-4aca-a6d0-fab2adf75aea	5	58030200	58037706	32	1.9067
75403dfd-e1b7-4aca-a6d0-fab2adf75aea	5	58042530	104524672	26836	0.0144
75403dfd-e1b7-4aca-a6d0-fab2adf75aea	5	104524780	104524903	3	2.7575
75403dfd-e1b7-4aca-a6d0-fab2adf75aea	5	104525348	136540233	20992	0.0148
75403dfd-e1b7-4aca-a6d0-fab2adf75aea	5	136550395	136565342	13	0.5734
75403dfd-e1b7-4aca-a6d0-fab2adf75aea	5	136566111	144024886	4284	0.0113
75403dfd-e1b7-4aca-a6d0-fab2adf75aea	5	144027118	144030771	5	-3.0921
75403dfd-e1b7-4aca-a6d0-fab2adf75aea	5	144031142	178680821	23418	0.0089
75403dfd-e1b7-4aca-a6d0-fab2adf75aea	5	178682974	178685260	2	-2.024
75403dfd-e1b7-4aca-a6d0-fab2adf75aea	5	178686162	180947523	1347	0.0184
75403dfd-e1b7-4aca-a6d0-fab2adf75aea	5	180951710	180987465	14	0.9218
75403dfd-e1b7-4aca-a6d0-fab2adf75aea	5	180990207	181363319	175	0.0245
75403dfd-e1b7-4aca-a6d0-fab2adf75aea	6	149661	245232	85	0.0354
75403dfd-e1b7-4aca-a6d0-fab2adf75aea	6	245247	365720	108	0.2426
75403dfd-e1b7-4aca-a6d0-fab2adf75aea	6	366333	12948945	10038	0.0171
75403dfd-e1b7-4aca-a6d0-fab2adf75aea	6	12950585	12952204	4	-1.0594
75403dfd-e1b7-4aca-a6d0-fab2adf75aea	6	12952987	22000073	6593	0.0048
75403dfd-e1b7-4aca-a6d0-fab2adf75aea	6	22000093	22000109	2	-1.9162
75403dfd-e1b7-4aca-a6d0-fab2adf75aea	6	22003666	28051166	3994	0.0055
75403dfd-e1b7-4aca-a6d0-fab2adf75aea	6	28053811	28053855	2	-1.9915
75403dfd-e1b7-4aca-a6d0-fab2adf75aea	6	28055973	29882603	849	0.0115
75403dfd-e1b7-4aca-a6d0-fab2adf75aea	6	29903859	29933799	16	-0.885
75403dfd-e1b7-4aca-a6d0-fab2adf75aea	6	29940692	29950810	15	-0.0112
75403dfd-e1b7-4aca-a6d0-fab2adf75aea	6	29953297	29953350	2	-1.6011
75403dfd-e1b7-4aca-a6d0-fab2adf75aea	6	29953446	31313046	626	0.0104
75403dfd-e1b7-4aca-a6d0-fab2adf75aea	6	31318499	31328176	8	-1.4546
75403dfd-e1b7-4aca-a6d0-fab2adf75aea	6	31328210	32641650	560	0.0045
75403dfd-e1b7-4aca-a6d0-fab2adf75aea	6	32656527	32658841	6	-1.6748
75403dfd-e1b7-4aca-a6d0-fab2adf75aea	6	32682835	78166253	26805	0.0098
75403dfd-e1b7-4aca-a6d0-fab2adf75aea	6	78166791	78325223	180	0.2131
75403dfd-e1b7-4aca-a6d0-fab2adf75aea	6	78325310	170741917	59706	0.0086
75403dfd-e1b7-4aca-a6d0-fab2adf75aea	7	43355	68316	30	0.5653
75403dfd-e1b7-4aca-a6d0-fab2adf75aea	7	68659	148300	60	0.103
75403dfd-e1b7-4aca-a6d0-fab2adf75aea	7	155066	158626	10	-2.9013
75403dfd-e1b7-4aca-a6d0-fab2adf75aea	7	161442	22395161	15963	0.0133
75403dfd-e1b7-4aca-a6d0-fab2adf75aea	7	22395853	22396868	2	-2.8009
75403dfd-e1b7-4aca-a6d0-fab2adf75aea	7	22399135	38248326	11306	0.0074
75403dfd-e1b7-4aca-a6d0-fab2adf75aea	7	38251092	38347842	123	0.2591
75403dfd-e1b7-4aca-a6d0-fab2adf75aea	7	38351764	54305455	10996	0.0089
75403dfd-e1b7-4aca-a6d0-fab2adf75aea	7	54318812	54318824	6	1.6884
75403dfd-e1b7-4aca-a6d0-fab2adf75aea	7	54325795	109793741	28441	0.0105
75403dfd-e1b7-4aca-a6d0-fab2adf75aea	7	109797035	109797715	15	0.8615
75403dfd-e1b7-4aca-a6d0-fab2adf75aea	7	109797717	109801155	9	-0.0138
75403dfd-e1b7-4aca-a6d0-fab2adf75aea	7	109801187	109813853	11	0.8971
75403dfd-e1b7-4aca-a6d0-fab2adf75aea	7	109813925	120882429	6593	0.0192
75403dfd-e1b7-4aca-a6d0-fab2adf75aea	7	120884520	120886317	3	-2.0902
75403dfd-e1b7-4aca-a6d0-fab2adf75aea	7	120894295	134100424	8147	0.0071
75403dfd-e1b7-4aca-a6d0-fab2adf75aea	7	134100442	134110912	26	0.5885
75403dfd-e1b7-4aca-a6d0-fab2adf75aea	7	134110951	144264193	6448	0.0109
75403dfd-e1b7-4aca-a6d0-fab2adf75aea	7	144295437	144336758	5	-1.0054
75403dfd-e1b7-4aca-a6d0-fab2adf75aea	7	144343967	156599096	8024	0.0129
75403dfd-e1b7-4aca-a6d0-fab2adf75aea	7	156600474	156601485	3	-1.202
75403dfd-e1b7-4aca-a6d0-fab2adf75aea	7	156602214	159334314	1624	0.0259
75403dfd-e1b7-4aca-a6d0-fab2adf75aea	8	81254	644973	324	0.0457
75403dfd-e1b7-4aca-a6d0-fab2adf75aea	8	645220	645908	8	1.2688
75403dfd-e1b7-4aca-a6d0-fab2adf75aea	8	656117	1411964	530	0.0133
75403dfd-e1b7-4aca-a6d0-fab2adf75aea	8	1412156	1412536	9	-1.3865
75403dfd-e1b7-4aca-a6d0-fab2adf75aea	8	1412568	1418902	26	-0.0744
75403dfd-e1b7-4aca-a6d0-fab2adf75aea	8	1419196	1419436	2	-1.5951
75403dfd-e1b7-4aca-a6d0-fab2adf75aea	8	1419522	2844412	1141	0.0292
75403dfd-e1b7-4aca-a6d0-fab2adf75aea	8	2846011	2846377	7	-1.1209
75403dfd-e1b7-4aca-a6d0-fab2adf75aea	8	2849649	5736745	3955	0.0249
75403dfd-e1b7-4aca-a6d0-fab2adf75aea	8	5741204	5746973	27	-0.7021
75403dfd-e1b7-4aca-a6d0-fab2adf75aea	8	5749566	8120649	1765	0.0185
75403dfd-e1b7-4aca-a6d0-fab2adf75aea	8	8132772	8214781	6	-1.0071
75403dfd-e1b7-4aca-a6d0-fab2adf75aea	8	8234503	12092042	3219	0.011
75403dfd-e1b7-4aca-a6d0-fab2adf75aea	8	12130217	12143614	6	-0.654
75403dfd-e1b7-4aca-a6d0-fab2adf75aea	8	12176798	14652059	1998	0.0039
75403dfd-e1b7-4aca-a6d0-fab2adf75aea	8	14652523	14652565	3	1.1118
75403dfd-e1b7-4aca-a6d0-fab2adf75aea	8	14652887	39373140	17495	0.0016
75403dfd-e1b7-4aca-a6d0-fab2adf75aea	8	39378084	39529446	59	0.8994
75403dfd-e1b7-4aca-a6d0-fab2adf75aea	8	39530780	40914477	1074	0.0129
75403dfd-e1b7-4aca-a6d0-fab2adf75aea	8	40920333	40920952	2	-2.0992
75403dfd-e1b7-4aca-a6d0-fab2adf75aea	8	40926161	63936079	12572	0.0065
75403dfd-e1b7-4aca-a6d0-fab2adf75aea	8	63936340	63936561	6	0.8218
75403dfd-e1b7-4aca-a6d0-fab2adf75aea	8	63936953	71300130	4247	0.0041
75403dfd-e1b7-4aca-a6d0-fab2adf75aea	8	71303076	71304199	6	-0.72
75403dfd-e1b7-4aca-a6d0-fab2adf75aea	8	71304266	100975963	17742	0.0041
75403dfd-e1b7-4aca-a6d0-fab2adf75aea	8	100975998	100980289	5	-1.0675
75403dfd-e1b7-4aca-a6d0-fab2adf75aea	8	100981353	145072769	29290	0.0053
75403dfd-e1b7-4aca-a6d0-fab2adf75aea	9	46587	12074207	11324	0.02
75403dfd-e1b7-4aca-a6d0-fab2adf75aea	9	12077080	12160469	66	-0.9698
75403dfd-e1b7-4aca-a6d0-fab2adf75aea	9	12164035	32201268	15579	0.0196
75403dfd-e1b7-4aca-a6d0-fab2adf75aea	9	32203287	32203556	4	-0.9926
75403dfd-e1b7-4aca-a6d0-fab2adf75aea	9	32204660	39588611	4212	0.0125
75403dfd-e1b7-4aca-a6d0-fab2adf75aea	9	39747848	40018947	6	-1.1554
75403dfd-e1b7-4aca-a6d0-fab2adf75aea	9	40099591	42302534	130	-0.065
75403dfd-e1b7-4aca-a6d0-fab2adf75aea	9	42302678	61633080	91	0.4236
75403dfd-e1b7-4aca-a6d0-fab2adf75aea	9	61647899	63580418	39	-0.0111
75403dfd-e1b7-4aca-a6d0-fab2adf75aea	9	63590317	63592813	7	2.7498
75403dfd-e1b7-4aca-a6d0-fab2adf75aea	9	63614182	81143733	9546	0.0051
75403dfd-e1b7-4aca-a6d0-fab2adf75aea	9	81147335	81151262	5	-0.9488
75403dfd-e1b7-4aca-a6d0-fab2adf75aea	9	81153617	100670859	13109	0.004
75403dfd-e1b7-4aca-a6d0-fab2adf75aea	9	100671586	100671815	2	-1.3802
75403dfd-e1b7-4aca-a6d0-fab2adf75aea	9	100675493	108300235	5730	0.0046
75403dfd-e1b7-4aca-a6d0-fab2adf75aea	9	108300572	108302521	8	-1.2672
75403dfd-e1b7-4aca-a6d0-fab2adf75aea	9	108304801	138200944	19656	0.0037
75403dfd-e1b7-4aca-a6d0-fab2adf75aea	10	45792	5837318	4927	0.0069
75403dfd-e1b7-4aca-a6d0-fab2adf75aea	10	5840717	5841229	2	-1.558
75403dfd-e1b7-4aca-a6d0-fab2adf75aea	10	5841982	24086334	14266	-0.0019
75403dfd-e1b7-4aca-a6d0-fab2adf75aea	10	24088745	24089979	12	0.814
75403dfd-e1b7-4aca-a6d0-fab2adf75aea	10	24090022	54745022	17738	-0.0013
75403dfd-e1b7-4aca-a6d0-fab2adf75aea	10	54757650	54942002	120	0.5698
75403dfd-e1b7-4aca-a6d0-fab2adf75aea	10	54942191	57086815	1493	0.025
75403dfd-e1b7-4aca-a6d0-fab2adf75aea	10	57088302	57090128	5	-1.0574
75403dfd-e1b7-4aca-a6d0-fab2adf75aea	10	57094024	64816499	5368	-0.0016
75403dfd-e1b7-4aca-a6d0-fab2adf75aea	10	64818450	64818567	2	-1.3955
75403dfd-e1b7-4aca-a6d0-fab2adf75aea	10	64825118	69522716	3062	-0.0053
75403dfd-e1b7-4aca-a6d0-fab2adf75aea	10	69522730	69523086	4	-2.462
75403dfd-e1b7-4aca-a6d0-fab2adf75aea	10	69531858	89178916	13273	0.0011
75403dfd-e1b7-4aca-a6d0-fab2adf75aea	10	89183210	89188273	11	-0.8581
75403dfd-e1b7-4aca-a6d0-fab2adf75aea	10	89188333	89461534	236	0.0619
75403dfd-e1b7-4aca-a6d0-fab2adf75aea	10	89462530	130373277	28081	-0.0058
75403dfd-e1b7-4aca-a6d0-fab2adf75aea	10	130374334	133654968	2082	0.0284
75403dfd-e1b7-4aca-a6d0-fab2adf75aea	11	198510	4217824	1738	-0.0032
75403dfd-e1b7-4aca-a6d0-fab2adf75aea	11	4228783	4314837	26	-0.4754
75403dfd-e1b7-4aca-a6d0-fab2adf75aea	11	4325579	5864481	1578	-0.0047
75403dfd-e1b7-4aca-a6d0-fab2adf75aea	11	5864616	5914280	35	0.9529
75403dfd-e1b7-4aca-a6d0-fab2adf75aea	11	5922193	18928326	9308	-0.0012
75403dfd-e1b7-4aca-a6d0-fab2adf75aea	11	18928709	18940375	35	0.3601
75403dfd-e1b7-4aca-a6d0-fab2adf75aea	11	18940441	29045466	7618	0.0011
75403dfd-e1b7-4aca-a6d0-fab2adf75aea	11	29046085	29046090	3	-1.5083
75403dfd-e1b7-4aca-a6d0-fab2adf75aea	11	29052622	49737435	13424	0.0048
75403dfd-e1b7-4aca-a6d0-fab2adf75aea	11	49738003	49739136	6	-0.7854
75403dfd-e1b7-4aca-a6d0-fab2adf75aea	11	49744609	54567874	356	0.0279
75403dfd-e1b7-4aca-a6d0-fab2adf75aea	11	54571429	55172866	160	0.5801
75403dfd-e1b7-4aca-a6d0-fab2adf75aea	11	55198132	55214735	6	-0.7154
75403dfd-e1b7-4aca-a6d0-fab2adf75aea	11	55241999	55595864	201	0.0223
75403dfd-e1b7-4aca-a6d0-fab2adf75aea	11	55606556	55693207	61	0.4475
75403dfd-e1b7-4aca-a6d0-fab2adf75aea	11	55693312	60457362	2939	0.0034
75403dfd-e1b7-4aca-a6d0-fab2adf75aea	11	60461274	60461921	10	-0.7269
75403dfd-e1b7-4aca-a6d0-fab2adf75aea	11	60463593	80256460	10313	0.0015
75403dfd-e1b7-4aca-a6d0-fab2adf75aea	11	80256469	80256504	2	-1.6097
75403dfd-e1b7-4aca-a6d0-fab2adf75aea	11	80256520	83026454	2152	0.0157
75403dfd-e1b7-4aca-a6d0-fab2adf75aea	11	83029074	83029560	3	-0.9651
75403dfd-e1b7-4aca-a6d0-fab2adf75aea	11	83032023	86594771	2343	0.0033
75403dfd-e1b7-4aca-a6d0-fab2adf75aea	11	86594775	86595012	4	-1.3564
75403dfd-e1b7-4aca-a6d0-fab2adf75aea	11	86604132	89600217	2029	-0.001
75403dfd-e1b7-4aca-a6d0-fab2adf75aea	11	89600250	89605554	2	1.1372
75403dfd-e1b7-4aca-a6d0-fab2adf75aea	11	89605967	89741663	62	0.0574
75403dfd-e1b7-4aca-a6d0-fab2adf75aea	11	89754781	89810584	8	-0.6877
75403dfd-e1b7-4aca-a6d0-fab2adf75aea	11	89813759	89834373	4	-2.2976
75403dfd-e1b7-4aca-a6d0-fab2adf75aea	11	89847184	93727895	2636	0.0056
75403dfd-e1b7-4aca-a6d0-fab2adf75aea	11	93729441	93729879	2	-1.3706
75403dfd-e1b7-4aca-a6d0-fab2adf75aea	11	93730568	93964792	173	-0.0284
75403dfd-e1b7-4aca-a6d0-fab2adf75aea	11	93964894	93968422	7	-0.8842
75403dfd-e1b7-4aca-a6d0-fab2adf75aea	11	93971294	101723653	5874	0.0007
75403dfd-e1b7-4aca-a6d0-fab2adf75aea	11	101727129	101727233	4	2.1818
75403dfd-e1b7-4aca-a6d0-fab2adf75aea	11	101727481	120296348	12579	0.004
75403dfd-e1b7-4aca-a6d0-fab2adf75aea	11	120299321	120299812	2	-1.4782
75403dfd-e1b7-4aca-a6d0-fab2adf75aea	11	120300206	135074876	11147	0.0021
75403dfd-e1b7-4aca-a6d0-fab2adf75aea	12	51460	760097	420	0.0137
75403dfd-e1b7-4aca-a6d0-fab2adf75aea	12	760112	764863	15	-0.9794
75403dfd-e1b7-4aca-a6d0-fab2adf75aea	12	766188	9481274	5742	0.0053
75403dfd-e1b7-4aca-a6d0-fab2adf75aea	12	9485313	9575696	23	-2.0921
75403dfd-e1b7-4aca-a6d0-fab2adf75aea	12	9582373	11062773	1035	-0.0002
75403dfd-e1b7-4aca-a6d0-fab2adf75aea	12	11064250	11099275	13	0.9094
75403dfd-e1b7-4aca-a6d0-fab2adf75aea	12	11104230	33141611	15536	0.0079
75403dfd-e1b7-4aca-a6d0-fab2adf75aea	12	33141653	33154440	31	0.3352
75403dfd-e1b7-4aca-a6d0-fab2adf75aea	12	33155426	33233822	45	0.0662
75403dfd-e1b7-4aca-a6d0-fab2adf75aea	12	33235894	33242207	4	-0.9535
75403dfd-e1b7-4aca-a6d0-fab2adf75aea	12	33242483	45506042	5538	0.0151
75403dfd-e1b7-4aca-a6d0-fab2adf75aea	12	45510655	45515754	4	1.4817
75403dfd-e1b7-4aca-a6d0-fab2adf75aea	12	45519509	90089573	27246	0.002
75403dfd-e1b7-4aca-a6d0-fab2adf75aea	12	90097892	90098297	7	-1.2759
75403dfd-e1b7-4aca-a6d0-fab2adf75aea	12	90099780	127091148	24651	0.0052
75403dfd-e1b7-4aca-a6d0-fab2adf75aea	12	127100821	127101309	6	-0.9011
75403dfd-e1b7-4aca-a6d0-fab2adf75aea	12	127101484	133201603	4548	0.0209
75403dfd-e1b7-4aca-a6d0-fab2adf75aea	13	18452809	23568728	3262	0.0079
75403dfd-e1b7-4aca-a6d0-fab2adf75aea	13	23574154	23582625	2	-1.3235
75403dfd-e1b7-4aca-a6d0-fab2adf75aea	13	23582626	38478674	10939	0.0042
75403dfd-e1b7-4aca-a6d0-fab2adf75aea	13	38483435	38483919	2	1.7193
75403dfd-e1b7-4aca-a6d0-fab2adf75aea	13	38490920	43013578	3211	-0.0013
75403dfd-e1b7-4aca-a6d0-fab2adf75aea	13	43025412	43033979	7	1.0589
75403dfd-e1b7-4aca-a6d0-fab2adf75aea	13	43036518	57176962	8606	0.0089
75403dfd-e1b7-4aca-a6d0-fab2adf75aea	13	57184136	57204246	34	-2.4167
75403dfd-e1b7-4aca-a6d0-fab2adf75aea	13	57215580	66496910	5534	0.0046
75403dfd-e1b7-4aca-a6d0-fab2adf75aea	13	66498944	66499524	2	-1.3263
75403dfd-e1b7-4aca-a6d0-fab2adf75aea	13	66502624	71902850	3460	0.0111
75403dfd-e1b7-4aca-a6d0-fab2adf75aea	13	71903417	71906418	4	1.1394
75403dfd-e1b7-4aca-a6d0-fab2adf75aea	13	71906467	89144414	11232	0.002
75403dfd-e1b7-4aca-a6d0-fab2adf75aea	13	89144598	89187161	23	-0.7566
75403dfd-e1b7-4aca-a6d0-fab2adf75aea	13	89193701	106730287	12569	0.0077
75403dfd-e1b7-4aca-a6d0-fab2adf75aea	13	106731890	106732362	2	1.4069
75403dfd-e1b7-4aca-a6d0-fab2adf75aea	13	106732887	114342922	5273	0.0113
75403dfd-e1b7-4aca-a6d0-fab2adf75aea	14	18239283	19185951	39	0.1019
75403dfd-e1b7-4aca-a6d0-fab2adf75aea	14	19197351	19380699	12	-0.9963
75403dfd-e1b7-4aca-a6d0-fab2adf75aea	14	19383592	19955213	116	-0.4356
75403dfd-e1b7-4aca-a6d0-fab2adf75aea	14	19956767	21936500	1370	0.0205
75403dfd-e1b7-4aca-a6d0-fab2adf75aea	14	21937218	22565373	553	0.1797
75403dfd-e1b7-4aca-a6d0-fab2adf75aea	14	22567210	37083739	9241	0.002
75403dfd-e1b7-4aca-a6d0-fab2adf75aea	14	37083955	37084058	2	-1.8003
75403dfd-e1b7-4aca-a6d0-fab2adf75aea	14	37087152	41139155	2432	0.0034
75403dfd-e1b7-4aca-a6d0-fab2adf75aea	14	41141293	41168226	11	0.5286
75403dfd-e1b7-4aca-a6d0-fab2adf75aea	14	41168612	54082145	7907	0.0087
75403dfd-e1b7-4aca-a6d0-fab2adf75aea	14	54082788	54083979	2	-1.3555
75403dfd-e1b7-4aca-a6d0-fab2adf75aea	14	54085710	57639099	2515	-0.0049
75403dfd-e1b7-4aca-a6d0-fab2adf75aea	14	57639486	57644751	2	-1.3551
75403dfd-e1b7-4aca-a6d0-fab2adf75aea	14	57648778	65263803	4918	-0.0015
75403dfd-e1b7-4aca-a6d0-fab2adf75aea	14	65267773	65275718	10	0.6976
75403dfd-e1b7-4aca-a6d0-fab2adf75aea	14	65282412	73534419	5119	-0.0054
75403dfd-e1b7-4aca-a6d0-fab2adf75aea	14	73540003	73546628	4	-2.0628
75403dfd-e1b7-4aca-a6d0-fab2adf75aea	14	73550104	98806902	17221	-0.002
75403dfd-e1b7-4aca-a6d0-fab2adf75aea	14	98808408	98810133	2	-1.4575
75403dfd-e1b7-4aca-a6d0-fab2adf75aea	14	98810381	105544971	3434	0.0051
75403dfd-e1b7-4aca-a6d0-fab2adf75aea	14	105563300	105636696	11	-0.8163
75403dfd-e1b7-4aca-a6d0-fab2adf75aea	14	105650524	106321086	218	0.0132
75403dfd-e1b7-4aca-a6d0-fab2adf75aea	14	106340102	106365807	11	-1.2003
75403dfd-e1b7-4aca-a6d0-fab2adf75aea	14	106369985	106877229	270	0.0537
75403dfd-e1b7-4aca-a6d0-fab2adf75aea	15	19811075	20376311	95	-0.0089
75403dfd-e1b7-4aca-a6d0-fab2adf75aea	15	20380735	20988347	61	0.3658
75403dfd-e1b7-4aca-a6d0-fab2adf75aea	15	21005443	21266108	13	0.965
75403dfd-e1b7-4aca-a6d0-fab2adf75aea	15	21266481	22299523	37	0.2821
75403dfd-e1b7-4aca-a6d0-fab2adf75aea	15	22385639	24240681	922	-0.0018
75403dfd-e1b7-4aca-a6d0-fab2adf75aea	15	24247869	24258119	4	-1.3556
75403dfd-e1b7-4aca-a6d0-fab2adf75aea	15	24258513	32179735	4779	0.0129
75403dfd-e1b7-4aca-a6d0-fab2adf75aea	15	32212063	32484010	24	-0.6914
75403dfd-e1b7-4aca-a6d0-fab2adf75aea	15	32491973	34434988	1500	-0.0073
75403dfd-e1b7-4aca-a6d0-fab2adf75aea	15	34435421	34526116	60	0.6216
75403dfd-e1b7-4aca-a6d0-fab2adf75aea	15	34570058	38155336	2499	-0.0151
75403dfd-e1b7-4aca-a6d0-fab2adf75aea	15	38157540	38199409	36	-0.9717
75403dfd-e1b7-4aca-a6d0-fab2adf75aea	15	38201874	56498657	11114	-0.0067
75403dfd-e1b7-4aca-a6d0-fab2adf75aea	15	56498682	56508779	21	-0.6089
75403dfd-e1b7-4aca-a6d0-fab2adf75aea	15	56509425	70169671	9285	-0.0036
75403dfd-e1b7-4aca-a6d0-fab2adf75aea	15	70170326	70170613	2	-1.6871
75403dfd-e1b7-4aca-a6d0-fab2adf75aea	15	70178924	76586021	3469	-0.0042
75403dfd-e1b7-4aca-a6d0-fab2adf75aea	15	76598900	76603434	22	0.9168
75403dfd-e1b7-4aca-a6d0-fab2adf75aea	15	76609838	83871293	4411	-0.0102
75403dfd-e1b7-4aca-a6d0-fab2adf75aea	15	83871411	83883869	15	-0.5077
75403dfd-e1b7-4aca-a6d0-fab2adf75aea	15	83884195	101928837	13189	0.0069
75403dfd-e1b7-4aca-a6d0-fab2adf75aea	16	10777	7013774	4386	0.0021
75403dfd-e1b7-4aca-a6d0-fab2adf75aea	16	7013996	7031961	37	-1.014
75403dfd-e1b7-4aca-a6d0-fab2adf75aea	16	7033036	14885112	6694	0.0024
75403dfd-e1b7-4aca-a6d0-fab2adf75aea	16	14887120	15022400	54	-0.5793
75403dfd-e1b7-4aca-a6d0-fab2adf75aea	16	15031584	55761136	15770	0.0028
75403dfd-e1b7-4aca-a6d0-fab2adf75aea	16	55762477	55782734	18	-0.6476
75403dfd-e1b7-4aca-a6d0-fab2adf75aea	16	55782793	55808442	5	-0.1294
75403dfd-e1b7-4aca-a6d0-fab2adf75aea	16	55808470	55824881	12	0.4645
75403dfd-e1b7-4aca-a6d0-fab2adf75aea	16	55834527	78337711	14268	-0.0016
75403dfd-e1b7-4aca-a6d0-fab2adf75aea	16	78338543	78347366	14	1.235
75403dfd-e1b7-4aca-a6d0-fab2adf75aea	16	78349243	88076816	9784	0.0052
75403dfd-e1b7-4aca-a6d0-fab2adf75aea	16	88080057	88081232	3	-1.7183
75403dfd-e1b7-4aca-a6d0-fab2adf75aea	16	88081785	90096867	836	0.0386
75403dfd-e1b7-4aca-a6d0-fab2adf75aea	17	150733	16786555	10480	0.0084
75403dfd-e1b7-4aca-a6d0-fab2adf75aea	17	16798212	16819487	6	-0.9577
75403dfd-e1b7-4aca-a6d0-fab2adf75aea	17	16834846	18455632	911	-0.0021
75403dfd-e1b7-4aca-a6d0-fab2adf75aea	17	18455635	18561907	25	0.8447
75403dfd-e1b7-4aca-a6d0-fab2adf75aea	17	18565883	41258395	9394	0.0072
75403dfd-e1b7-4aca-a6d0-fab2adf75aea	17	41262120	41274198	26	0.7639
75403dfd-e1b7-4aca-a6d0-fab2adf75aea	17	41274279	46124022	2528	0.0136
75403dfd-e1b7-4aca-a6d0-fab2adf75aea	17	46124072	46284643	95	-0.3586
75403dfd-e1b7-4aca-a6d0-fab2adf75aea	17	46284997	46446360	6	0.6204
75403dfd-e1b7-4aca-a6d0-fab2adf75aea	17	46569894	83091923	21579	-0.0022
75403dfd-e1b7-4aca-a6d0-fab2adf75aea	18	48133	122470	13	-0.5695
75403dfd-e1b7-4aca-a6d0-fab2adf75aea	18	136240	2240220	1593	0.0177
75403dfd-e1b7-4aca-a6d0-fab2adf75aea	18	2255124	2258785	2	-1.6139
75403dfd-e1b7-4aca-a6d0-fab2adf75aea	18	2259061	12179113	7268	0.0007
75403dfd-e1b7-4aca-a6d0-fab2adf75aea	18	12181351	12244141	17	-0.432
75403dfd-e1b7-4aca-a6d0-fab2adf75aea	18	12244221	37390244	11726	0.0016
75403dfd-e1b7-4aca-a6d0-fab2adf75aea	18	37390996	37396623	5	-1.0656
75403dfd-e1b7-4aca-a6d0-fab2adf75aea	18	37399997	69076108	21914	-0.002
75403dfd-e1b7-4aca-a6d0-fab2adf75aea	18	69078869	69086089	38	-0.9731
75403dfd-e1b7-4aca-a6d0-fab2adf75aea	18	69090459	71421456	1604	0.0017
75403dfd-e1b7-4aca-a6d0-fab2adf75aea	18	71424091	71425059	2	-1.8257
75403dfd-e1b7-4aca-a6d0-fab2adf75aea	18	71425397	80257174	6570	0.0189
75403dfd-e1b7-4aca-a6d0-fab2adf75aea	19	90910	5510228	1593	-0.0089
75403dfd-e1b7-4aca-a6d0-fab2adf75aea	19	5510569	5510642	2	-2.2104
75403dfd-e1b7-4aca-a6d0-fab2adf75aea	19	5510689	35358420	15114	0.0024
75403dfd-e1b7-4aca-a6d0-fab2adf75aea	19	35364451	35370268	17	0.6429
75403dfd-e1b7-4aca-a6d0-fab2adf75aea	19	35370747	54801157	10080	0.0084
75403dfd-e1b7-4aca-a6d0-fab2adf75aea	19	54801545	54802362	2	-1.3936
75403dfd-e1b7-4aca-a6d0-fab2adf75aea	19	54802832	58586487	2306	0.0101
75403dfd-e1b7-4aca-a6d0-fab2adf75aea	20	80664	1601561	1240	0.0235
75403dfd-e1b7-4aca-a6d0-fab2adf75aea	20	1609611	1613247	5	-1.6464
75403dfd-e1b7-4aca-a6d0-fab2adf75aea	20	1617300	64324800	41147	0.0019
75403dfd-e1b7-4aca-a6d0-fab2adf75aea	21	10354168	17586151	2759	0.0113
75403dfd-e1b7-4aca-a6d0-fab2adf75aea	21	17592982	17608474	15	-0.571
75403dfd-e1b7-4aca-a6d0-fab2adf75aea	21	17609463	46677045	21096	0.0075
75403dfd-e1b7-4aca-a6d0-fab2adf75aea	22	15294547	15570064	12	0.1302
75403dfd-e1b7-4aca-a6d0-fab2adf75aea	22	15583346	15737995	14	-1.4835
75403dfd-e1b7-4aca-a6d0-fab2adf75aea	22	15738476	16412132	17	-0.4285
75403dfd-e1b7-4aca-a6d0-fab2adf75aea	22	16413364	25265731	5172	0.0221
75403dfd-e1b7-4aca-a6d0-fab2adf75aea	22	25268018	25522742	285	-0.8526
75403dfd-e1b7-4aca-a6d0-fab2adf75aea	22	25526375	29474269	3226	-0.0041
75403dfd-e1b7-4aca-a6d0-fab2adf75aea	22	29474323	29474386	3	0.962
75403dfd-e1b7-4aca-a6d0-fab2adf75aea	22	29485712	38967614	6513	-0.0033
75403dfd-e1b7-4aca-a6d0-fab2adf75aea	22	38967679	38979302	23	-0.6932
75403dfd-e1b7-4aca-a6d0-fab2adf75aea	22	38993700	50796027	8014	-0.0044
75403dfd-e1b7-4aca-a6d0-fab2adf75aea	X	251810	99913640	51633	0.0088
75403dfd-e1b7-4aca-a6d0-fab2adf75aea	X	99913884	99915872	3	-3.6546
75403dfd-e1b7-4aca-a6d0-fab2adf75aea	X	99916581	112293714	6419	0.0118
75403dfd-e1b7-4aca-a6d0-fab2adf75aea	X	112293726	112294695	2	-2.1645
75403dfd-e1b7-4aca-a6d0-fab2adf75aea	X	112294698	117852430	3204	0.0073
75403dfd-e1b7-4aca-a6d0-fab2adf75aea	X	117855094	117860383	4	-1.9731
75403dfd-e1b7-4aca-a6d0-fab2adf75aea	X	117860418	140647451	12962	0.008
75403dfd-e1b7-4aca-a6d0-fab2adf75aea	X	140647774	140648448	3	-3.1928
75403dfd-e1b7-4aca-a6d0-fab2adf75aea	X	140653398	155952689	9312	0.0131
75403dfd-e1b7-4aca-a6d0-fab2adf75aea	Y	2782397	56872112	6640	-1.0169
