GDC_Aliquot	Chromosome	Start	End	Num_Probes	Segment_Mean
af915427-c598-40e8-86b8-a5087214b30c	1	62920	771719	22	0.6453
af915427-c598-40e8-86b8-a5087214b30c	1	777165	15827002	8311	-0.3867
af915427-c598-40e8-86b8-a5087214b30c	1	15827041	15828515	9	0.5044
af915427-c598-40e8-86b8-a5087214b30c	1	15839166	16487426	287	-0.3661
af915427-c598-40e8-86b8-a5087214b30c	1	16488499	16785682	64	-0.2019
af915427-c598-40e8-86b8-a5087214b30c	1	16787932	16935393	56	0.052
af915427-c598-40e8-86b8-a5087214b30c	1	16935737	25256850	5255	-0.3725
af915427-c598-40e8-86b8-a5087214b30c	1	25266637	25320455	24	0.3828
af915427-c598-40e8-86b8-a5087214b30c	1	25336819	72303233	28720	-0.3476
af915427-c598-40e8-86b8-a5087214b30c	1	72303253	72345450	44	-1.6146
af915427-c598-40e8-86b8-a5087214b30c	1	72345465	74383266	1198	-0.3051
af915427-c598-40e8-86b8-a5087214b30c	1	74384128	95622636	13915	-0.4561
af915427-c598-40e8-86b8-a5087214b30c	1	95624175	95659379	27	-1.3699
af915427-c598-40e8-86b8-a5087214b30c	1	95660850	97030002	814	-0.4729
af915427-c598-40e8-86b8-a5087214b30c	1	97032324	97037732	9	-1.4159
af915427-c598-40e8-86b8-a5087214b30c	1	97044370	99677836	1610	-0.4388
af915427-c598-40e8-86b8-a5087214b30c	1	99677902	99809114	102	-1.745
af915427-c598-40e8-86b8-a5087214b30c	1	99809861	101393732	977	-0.4626
af915427-c598-40e8-86b8-a5087214b30c	1	101394224	104956399	1986	-0.3031
af915427-c598-40e8-86b8-a5087214b30c	1	104957900	104963200	3	-1.5578
af915427-c598-40e8-86b8-a5087214b30c	1	104963330	105476583	286	-0.2905
af915427-c598-40e8-86b8-a5087214b30c	1	105476614	105479753	16	0.4119
af915427-c598-40e8-86b8-a5087214b30c	1	105481433	108187137	1937	-0.3023
af915427-c598-40e8-86b8-a5087214b30c	1	108191613	108194874	3	-3.2692
af915427-c598-40e8-86b8-a5087214b30c	1	108196482	108223733	17	-0.3463
af915427-c598-40e8-86b8-a5087214b30c	1	108226680	108274557	2	-3.6942
af915427-c598-40e8-86b8-a5087214b30c	1	108310648	112147704	2632	-0.3287
af915427-c598-40e8-86b8-a5087214b30c	1	112153343	112154576	21	0.1541
af915427-c598-40e8-86b8-a5087214b30c	1	112154591	119737785	4865	-0.3401
af915427-c598-40e8-86b8-a5087214b30c	1	119737931	119738111	2	-2.0927
af915427-c598-40e8-86b8-a5087214b30c	1	119742923	143714665	391	-0.3061
af915427-c598-40e8-86b8-a5087214b30c	1	143714703	151359541	1591	0.1006
af915427-c598-40e8-86b8-a5087214b30c	1	151364223	151425328	59	0.6783
af915427-c598-40e8-86b8-a5087214b30c	1	151425402	152334445	507	0.0972
af915427-c598-40e8-86b8-a5087214b30c	1	152337610	152778324	380	-0.4526
af915427-c598-40e8-86b8-a5087214b30c	1	152778761	152806050	50	0.4444
af915427-c598-40e8-86b8-a5087214b30c	1	152806082	157030924	2179	0.0804
af915427-c598-40e8-86b8-a5087214b30c	1	157035076	158517850	1053	-0.475
af915427-c598-40e8-86b8-a5087214b30c	1	158517872	158651233	139	-0.2905
af915427-c598-40e8-86b8-a5087214b30c	1	158657525	165317326	4808	-0.4709
af915427-c598-40e8-86b8-a5087214b30c	1	165323362	165332964	16	-1.6808
af915427-c598-40e8-86b8-a5087214b30c	1	165333532	165851940	467	-0.488
af915427-c598-40e8-86b8-a5087214b30c	1	165853803	166478466	469	-1.5016
af915427-c598-40e8-86b8-a5087214b30c	1	166479218	168963376	1881	-0.4623
af915427-c598-40e8-86b8-a5087214b30c	1	168963415	168964178	3	-1.8746
af915427-c598-40e8-86b8-a5087214b30c	1	168964230	169247699	242	-0.4469
af915427-c598-40e8-86b8-a5087214b30c	1	169264736	169273163	8	0.4663
af915427-c598-40e8-86b8-a5087214b30c	1	169285639	174827267	3515	-0.443
af915427-c598-40e8-86b8-a5087214b30c	1	174827418	174832702	16	-2.0432
af915427-c598-40e8-86b8-a5087214b30c	1	174832716	175743103	687	-0.4713
af915427-c598-40e8-86b8-a5087214b30c	1	175744826	175755086	10	-2.0848
af915427-c598-40e8-86b8-a5087214b30c	1	175756086	176231958	263	-0.4479
af915427-c598-40e8-86b8-a5087214b30c	1	176240386	176251121	7	-1.106
af915427-c598-40e8-86b8-a5087214b30c	1	176263861	176329992	31	-0.5064
af915427-c598-40e8-86b8-a5087214b30c	1	176341361	176376530	21	-1.3163
af915427-c598-40e8-86b8-a5087214b30c	1	176377376	176708524	182	-0.4883
af915427-c598-40e8-86b8-a5087214b30c	1	176711431	176734070	11	-1.6327
af915427-c598-40e8-86b8-a5087214b30c	1	176734607	177808283	747	-0.4979
af915427-c598-40e8-86b8-a5087214b30c	1	177808956	177846634	39	-1.7443
af915427-c598-40e8-86b8-a5087214b30c	1	177848226	177981091	105	-0.4841
af915427-c598-40e8-86b8-a5087214b30c	1	177985070	178020521	34	-1.6039
af915427-c598-40e8-86b8-a5087214b30c	1	178023448	178043167	16	-0.6309
af915427-c598-40e8-86b8-a5087214b30c	1	178051866	178099489	29	-1.562
af915427-c598-40e8-86b8-a5087214b30c	1	178105379	178518591	201	-0.4745
af915427-c598-40e8-86b8-a5087214b30c	1	178518726	178552781	33	-1.6323
af915427-c598-40e8-86b8-a5087214b30c	1	178552899	181759980	2274	-0.4832
af915427-c598-40e8-86b8-a5087214b30c	1	181760931	182380334	440	0.0873
af915427-c598-40e8-86b8-a5087214b30c	1	182388418	182427100	35	-0.458
af915427-c598-40e8-86b8-a5087214b30c	1	182428044	185650460	2181	0.1102
af915427-c598-40e8-86b8-a5087214b30c	1	185661979	185737738	33	-0.4828
af915427-c598-40e8-86b8-a5087214b30c	1	185737815	190602972	3204	0.1482
af915427-c598-40e8-86b8-a5087214b30c	1	190605440	191430556	491	-0.4413
af915427-c598-40e8-86b8-a5087214b30c	1	191431436	193187149	1165	0.1447
af915427-c598-40e8-86b8-a5087214b30c	1	193187187	193187202	2	-1.1288
af915427-c598-40e8-86b8-a5087214b30c	1	193187218	194447268	915	0.1329
af915427-c598-40e8-86b8-a5087214b30c	1	194447680	194454761	14	-0.4218
af915427-c598-40e8-86b8-a5087214b30c	1	194454817	194479104	15	0.2251
af915427-c598-40e8-86b8-a5087214b30c	1	194482281	194485888	2	1.8402
af915427-c598-40e8-86b8-a5087214b30c	1	194487886	196769851	1460	0.1466
af915427-c598-40e8-86b8-a5087214b30c	1	196770842	196846661	52	0.6109
af915427-c598-40e8-86b8-a5087214b30c	1	196847600	199818694	1818	0.1537
af915427-c598-40e8-86b8-a5087214b30c	1	199819734	205531701	3953	0.0714
af915427-c598-40e8-86b8-a5087214b30c	1	205534040	205552446	13	-0.442
af915427-c598-40e8-86b8-a5087214b30c	1	205556810	205890631	188	0.034
af915427-c598-40e8-86b8-a5087214b30c	1	205890670	205940598	43	-0.5182
af915427-c598-40e8-86b8-a5087214b30c	1	205945277	206047243	24	0.1132
af915427-c598-40e8-86b8-a5087214b30c	1	206049857	206053799	3	-0.7509
af915427-c598-40e8-86b8-a5087214b30c	1	206057416	206403492	41	-0.0154
af915427-c598-40e8-86b8-a5087214b30c	1	206410277	206437244	17	-0.5964
af915427-c598-40e8-86b8-a5087214b30c	1	206441091	208075969	1138	0.1014
af915427-c598-40e8-86b8-a5087214b30c	1	208078390	208123469	39	-0.476
af915427-c598-40e8-86b8-a5087214b30c	1	208123682	208164750	45	0.08
af915427-c598-40e8-86b8-a5087214b30c	1	208165035	208209908	42	-0.537
af915427-c598-40e8-86b8-a5087214b30c	1	208216189	209897717	1420	0.0966
af915427-c598-40e8-86b8-a5087214b30c	1	209908268	209908720	2	-2.0176
af915427-c598-40e8-86b8-a5087214b30c	1	209910639	212820968	1941	0.0965
af915427-c598-40e8-86b8-a5087214b30c	1	212821358	212857285	24	-0.2585
af915427-c598-40e8-86b8-a5087214b30c	1	212860555	213830375	618	0.1045
af915427-c598-40e8-86b8-a5087214b30c	1	213833847	213838562	3	-0.8089
af915427-c598-40e8-86b8-a5087214b30c	1	213840793	214008646	146	0.1097
af915427-c598-40e8-86b8-a5087214b30c	1	214012033	214057943	23	-0.4801
af915427-c598-40e8-86b8-a5087214b30c	1	214065528	214288866	162	0.1098
af915427-c598-40e8-86b8-a5087214b30c	1	214292252	214392611	91	-0.4891
af915427-c598-40e8-86b8-a5087214b30c	1	214394035	214954313	442	0.102
af915427-c598-40e8-86b8-a5087214b30c	1	214956599	215219102	215	-0.4184
af915427-c598-40e8-86b8-a5087214b30c	1	215230960	215318153	64	0.1415
af915427-c598-40e8-86b8-a5087214b30c	1	215320126	215325761	7	-0.9919
af915427-c598-40e8-86b8-a5087214b30c	1	215327688	217536548	1647	0.1228
af915427-c598-40e8-86b8-a5087214b30c	1	217537191	217547993	5	-0.6735
af915427-c598-40e8-86b8-a5087214b30c	1	217558206	222328530	3302	0.1231
af915427-c598-40e8-86b8-a5087214b30c	1	222329380	237300099	10116	0.0857
af915427-c598-40e8-86b8-a5087214b30c	1	237300299	240333222	2461	0.1125
af915427-c598-40e8-86b8-a5087214b30c	1	240333459	241811845	1137	-0.4805
af915427-c598-40e8-86b8-a5087214b30c	1	241819128	248930189	4618	0.1025
af915427-c598-40e8-86b8-a5087214b30c	2	12784	34466002	24090	0.0978
af915427-c598-40e8-86b8-a5087214b30c	2	34474248	34511990	46	0.707
af915427-c598-40e8-86b8-a5087214b30c	2	34512096	35742970	870	0.1556
af915427-c598-40e8-86b8-a5087214b30c	2	35750907	35762881	8	0.9858
af915427-c598-40e8-86b8-a5087214b30c	2	35772407	35788963	22	0.1022
af915427-c598-40e8-86b8-a5087214b30c	2	35790531	35829066	34	-0.4727
af915427-c598-40e8-86b8-a5087214b30c	2	35829413	36108463	218	0.1436
af915427-c598-40e8-86b8-a5087214b30c	2	36109476	36112411	13	-1.911
af915427-c598-40e8-86b8-a5087214b30c	2	36123960	36149284	23	-0.4101
af915427-c598-40e8-86b8-a5087214b30c	2	36155348	36391626	231	0.1202
af915427-c598-40e8-86b8-a5087214b30c	2	36392942	36526447	155	-0.4787
af915427-c598-40e8-86b8-a5087214b30c	2	36529858	36820826	275	0.118
af915427-c598-40e8-86b8-a5087214b30c	2	36821379	36862378	31	-0.4926
af915427-c598-40e8-86b8-a5087214b30c	2	36868651	39941327	2025	0.1117
af915427-c598-40e8-86b8-a5087214b30c	2	39941735	41388929	1191	0.1634
af915427-c598-40e8-86b8-a5087214b30c	2	41389024	44089774	1942	0.1039
af915427-c598-40e8-86b8-a5087214b30c	2	44091513	44093933	3	-1.1022
af915427-c598-40e8-86b8-a5087214b30c	2	44094891	48621927	3172	0.0986
af915427-c598-40e8-86b8-a5087214b30c	2	48622866	52527342	2790	0.1468
af915427-c598-40e8-86b8-a5087214b30c	2	52527362	52554404	38	-2.4656
af915427-c598-40e8-86b8-a5087214b30c	2	52560811	70094177	11569	0.1196
af915427-c598-40e8-86b8-a5087214b30c	2	70094576	74951890	2737	0.0836
af915427-c598-40e8-86b8-a5087214b30c	2	74952346	86897011	7676	0.1226
af915427-c598-40e8-86b8-a5087214b30c	2	86901078	87747102	139	0.2829
af915427-c598-40e8-86b8-a5087214b30c	2	87835245	105519180	6657	0.1054
af915427-c598-40e8-86b8-a5087214b30c	2	105521668	105522355	2	-2.5622
af915427-c598-40e8-86b8-a5087214b30c	2	105522759	107397825	1387	0.1032
af915427-c598-40e8-86b8-a5087214b30c	2	107401544	107402238	2	-2.5443
af915427-c598-40e8-86b8-a5087214b30c	2	107403066	113916170	3216	0.0995
af915427-c598-40e8-86b8-a5087214b30c	2	113916225	117399740	2135	0.144
af915427-c598-40e8-86b8-a5087214b30c	2	117399902	117848660	339	0.094
af915427-c598-40e8-86b8-a5087214b30c	2	117861142	117895705	19	-0.5109
af915427-c598-40e8-86b8-a5087214b30c	2	117904854	122719438	3053	0.0739
af915427-c598-40e8-86b8-a5087214b30c	2	122722323	122724665	8	-1.9598
af915427-c598-40e8-86b8-a5087214b30c	2	122726077	125760384	2024	0.135
af915427-c598-40e8-86b8-a5087214b30c	2	125769547	127094445	836	0.09
af915427-c598-40e8-86b8-a5087214b30c	2	127099470	127100187	2	-1.1114
af915427-c598-40e8-86b8-a5087214b30c	2	127100370	130037806	1919	0.0801
af915427-c598-40e8-86b8-a5087214b30c	2	130059766	130063277	5	-0.7626
af915427-c598-40e8-86b8-a5087214b30c	2	130065662	131193726	340	0.0748
af915427-c598-40e8-86b8-a5087214b30c	2	131198985	131386261	35	0.1972
af915427-c598-40e8-86b8-a5087214b30c	2	131389101	132000258	261	-0.4381
af915427-c598-40e8-86b8-a5087214b30c	2	132002227	132028086	9	0.3064
af915427-c598-40e8-86b8-a5087214b30c	2	132028550	138339430	4099	-0.4604
af915427-c598-40e8-86b8-a5087214b30c	2	138346205	138384939	21	-1.4142
af915427-c598-40e8-86b8-a5087214b30c	2	138390597	146107675	4773	-0.4333
af915427-c598-40e8-86b8-a5087214b30c	2	146107759	146109366	15	-2.3253
af915427-c598-40e8-86b8-a5087214b30c	2	146120238	166286700	12009	-0.4416
af915427-c598-40e8-86b8-a5087214b30c	2	166292693	166292707	2	-2.8287
af915427-c598-40e8-86b8-a5087214b30c	2	166297279	166769445	286	-0.3931
af915427-c598-40e8-86b8-a5087214b30c	2	166772718	179540959	8162	-0.4641
af915427-c598-40e8-86b8-a5087214b30c	2	179541054	183266030	2395	-0.4247
af915427-c598-40e8-86b8-a5087214b30c	2	183266213	183266916	2	-1.9098
af915427-c598-40e8-86b8-a5087214b30c	2	183267446	189688567	3640	-0.4111
af915427-c598-40e8-86b8-a5087214b30c	2	189692172	192087515	1483	0.1212
af915427-c598-40e8-86b8-a5087214b30c	2	192088759	195370461	1728	0.1647
af915427-c598-40e8-86b8-a5087214b30c	2	195370792	207485467	7228	0.1108
af915427-c598-40e8-86b8-a5087214b30c	2	207485523	207485538	2	-1.572
af915427-c598-40e8-86b8-a5087214b30c	2	207485595	216238927	5621	0.1304
af915427-c598-40e8-86b8-a5087214b30c	2	216240216	220264022	2524	0.0757
af915427-c598-40e8-86b8-a5087214b30c	2	220264506	222686497	1669	0.113
af915427-c598-40e8-86b8-a5087214b30c	2	222687656	223133789	305	-0.4594
af915427-c598-40e8-86b8-a5087214b30c	2	223134317	223244182	88	0.1116
af915427-c598-40e8-86b8-a5087214b30c	2	223246646	223251878	4	-0.4235
af915427-c598-40e8-86b8-a5087214b30c	2	223261987	223630538	269	0.1156
af915427-c598-40e8-86b8-a5087214b30c	2	223633665	223708002	44	-0.4959
af915427-c598-40e8-86b8-a5087214b30c	2	223708175	223805049	60	0.0655
af915427-c598-40e8-86b8-a5087214b30c	2	223808229	223818877	9	-0.4544
af915427-c598-40e8-86b8-a5087214b30c	2	223824342	223982623	105	0.0764
af915427-c598-40e8-86b8-a5087214b30c	2	223985246	224483801	366	-0.4765
af915427-c598-40e8-86b8-a5087214b30c	2	224495194	225237313	491	0.1297
af915427-c598-40e8-86b8-a5087214b30c	2	225238955	225327014	68	-0.4253
af915427-c598-40e8-86b8-a5087214b30c	2	225327185	225530873	124	0.1371
af915427-c598-40e8-86b8-a5087214b30c	2	225532934	225623795	53	-0.4034
af915427-c598-40e8-86b8-a5087214b30c	2	225633324	225726777	71	0.1781
af915427-c598-40e8-86b8-a5087214b30c	2	225734752	227201135	954	-0.4375
af915427-c598-40e8-86b8-a5087214b30c	2	227209468	227357316	101	0.0901
af915427-c598-40e8-86b8-a5087214b30c	2	227361058	227419822	32	-0.4461
af915427-c598-40e8-86b8-a5087214b30c	2	227423365	227832905	255	0.0881
af915427-c598-40e8-86b8-a5087214b30c	2	227835168	228721910	597	-0.4488
af915427-c598-40e8-86b8-a5087214b30c	2	228727523	228911329	103	0.1356
af915427-c598-40e8-86b8-a5087214b30c	2	228912727	228997216	53	-0.3771
af915427-c598-40e8-86b8-a5087214b30c	2	229001498	242147305	8134	0.0771
af915427-c598-40e8-86b8-a5087214b30c	3	20930	1041828	848	0.1538
af915427-c598-40e8-86b8-a5087214b30c	3	1045193	1149954	85	-0.9194
af915427-c598-40e8-86b8-a5087214b30c	3	1153803	1165409	12	-0.0396
af915427-c598-40e8-86b8-a5087214b30c	3	1165907	1175719	11	-0.9255
af915427-c598-40e8-86b8-a5087214b30c	3	1176460	7422271	5566	0.1316
af915427-c598-40e8-86b8-a5087214b30c	3	7422326	16543047	6661	0.0808
af915427-c598-40e8-86b8-a5087214b30c	3	16543343	16571442	16	-0.5898
af915427-c598-40e8-86b8-a5087214b30c	3	16572619	16611390	25	0.1449
af915427-c598-40e8-86b8-a5087214b30c	3	16614824	16631568	18	-0.4805
af915427-c598-40e8-86b8-a5087214b30c	3	16631888	16651962	24	-0.0277
af915427-c598-40e8-86b8-a5087214b30c	3	16652017	16845178	128	0.1356
af915427-c598-40e8-86b8-a5087214b30c	3	16848070	16922439	44	-0.4505
af915427-c598-40e8-86b8-a5087214b30c	3	16925265	17509238	318	0.1207
af915427-c598-40e8-86b8-a5087214b30c	3	17509633	17535123	12	-0.5242
af915427-c598-40e8-86b8-a5087214b30c	3	17541155	18124776	285	0.1251
af915427-c598-40e8-86b8-a5087214b30c	3	18128231	20225633	1175	-0.4368
af915427-c598-40e8-86b8-a5087214b30c	3	20226807	20862190	410	0.1339
af915427-c598-40e8-86b8-a5087214b30c	3	20865047	20877142	15	-0.3448
af915427-c598-40e8-86b8-a5087214b30c	3	20877406	37158698	11479	0.1204
af915427-c598-40e8-86b8-a5087214b30c	3	37159250	58792487	12528	0.0841
af915427-c598-40e8-86b8-a5087214b30c	3	58796877	62575360	3357	0.1176
af915427-c598-40e8-86b8-a5087214b30c	3	62577034	62592766	14	-0.4633
af915427-c598-40e8-86b8-a5087214b30c	3	62596503	68697013	4756	0.1038
af915427-c598-40e8-86b8-a5087214b30c	3	68697108	68698262	14	-1.1908
af915427-c598-40e8-86b8-a5087214b30c	3	68699607	69124033	336	0.1039
af915427-c598-40e8-86b8-a5087214b30c	3	69124224	69132032	3	-1.2238
af915427-c598-40e8-86b8-a5087214b30c	3	69132401	72118931	2269	0.1124
af915427-c598-40e8-86b8-a5087214b30c	3	72124591	72148269	25	-0.4644
af915427-c598-40e8-86b8-a5087214b30c	3	72149144	72359110	181	0.1145
af915427-c598-40e8-86b8-a5087214b30c	3	72361323	72400783	35	-0.6374
af915427-c598-40e8-86b8-a5087214b30c	3	72402305	72601204	140	0.096
af915427-c598-40e8-86b8-a5087214b30c	3	72605861	72618460	13	-0.4794
af915427-c598-40e8-86b8-a5087214b30c	3	72618476	73895380	953	0.0893
af915427-c598-40e8-86b8-a5087214b30c	3	73900272	73903200	7	-0.5344
af915427-c598-40e8-86b8-a5087214b30c	3	73906892	73951316	49	0.1691
af915427-c598-40e8-86b8-a5087214b30c	3	73953896	74006525	32	-0.4624
af915427-c598-40e8-86b8-a5087214b30c	3	74007179	74128882	99	0.1375
af915427-c598-40e8-86b8-a5087214b30c	3	74132577	74978588	521	-0.4553
af915427-c598-40e8-86b8-a5087214b30c	3	74980405	75770101	312	0.1204
af915427-c598-40e8-86b8-a5087214b30c	3	75773308	75777035	3	-0.8814
af915427-c598-40e8-86b8-a5087214b30c	3	75778459	82683504	3974	0.138
af915427-c598-40e8-86b8-a5087214b30c	3	82683681	82699028	10	-0.4988
af915427-c598-40e8-86b8-a5087214b30c	3	82699205	83624097	441	0.1394
af915427-c598-40e8-86b8-a5087214b30c	3	83632317	83659811	14	-0.4383
af915427-c598-40e8-86b8-a5087214b30c	3	83668281	84053071	191	0.1471
af915427-c598-40e8-86b8-a5087214b30c	3	84056282	84057015	2	-0.9788
af915427-c598-40e8-86b8-a5087214b30c	3	84061816	84650533	301	0.1575
af915427-c598-40e8-86b8-a5087214b30c	3	84650607	84652985	13	-0.4782
af915427-c598-40e8-86b8-a5087214b30c	3	84653010	89345592	2704	0.1325
af915427-c598-40e8-86b8-a5087214b30c	3	89355950	89355967	4	0.9847
af915427-c598-40e8-86b8-a5087214b30c	3	89356604	98180575	2675	0.1375
af915427-c598-40e8-86b8-a5087214b30c	3	98189826	98195973	4	-0.9151
af915427-c598-40e8-86b8-a5087214b30c	3	98197104	98678664	292	0.1049
af915427-c598-40e8-86b8-a5087214b30c	3	98688460	98688542	3	-0.9665
af915427-c598-40e8-86b8-a5087214b30c	3	98688556	107166338	5041	0.1343
af915427-c598-40e8-86b8-a5087214b30c	3	107175990	107201550	11	-0.5051
af915427-c598-40e8-86b8-a5087214b30c	3	107207998	108424891	841	0.1211
af915427-c598-40e8-86b8-a5087214b30c	3	108425849	111795558	1968	-0.4353
af915427-c598-40e8-86b8-a5087214b30c	3	111795656	112203316	290	0.0813
af915427-c598-40e8-86b8-a5087214b30c	3	112203412	122688502	6470	0.1233
af915427-c598-40e8-86b8-a5087214b30c	3	122688527	130067097	4427	0.0699
af915427-c598-40e8-86b8-a5087214b30c	3	130067366	130087393	32	-1.4362
af915427-c598-40e8-86b8-a5087214b30c	3	130088081	136300257	4028	0.1018
af915427-c598-40e8-86b8-a5087214b30c	3	136304109	136306584	2	-2.5146
af915427-c598-40e8-86b8-a5087214b30c	3	136319699	141928120	3328	0.09
af915427-c598-40e8-86b8-a5087214b30c	3	141929766	147758085	3618	0.1394
af915427-c598-40e8-86b8-a5087214b30c	3	147763593	148650600	514	-0.4426
af915427-c598-40e8-86b8-a5087214b30c	3	148650981	149491674	614	0.1341
af915427-c598-40e8-86b8-a5087214b30c	3	149495252	149519280	20	-0.5206
af915427-c598-40e8-86b8-a5087214b30c	3	149521664	149964369	247	0.0731
af915427-c598-40e8-86b8-a5087214b30c	3	149966789	150028282	33	-0.4586
af915427-c598-40e8-86b8-a5087214b30c	3	150029903	156662392	4120	0.1219
af915427-c598-40e8-86b8-a5087214b30c	3	156666297	156697802	20	-0.4701
af915427-c598-40e8-86b8-a5087214b30c	3	156709077	157020499	175	0.1552
af915427-c598-40e8-86b8-a5087214b30c	3	157025063	157097798	53	-0.5541
af915427-c598-40e8-86b8-a5087214b30c	3	157102000	158660082	895	0.1212
af915427-c598-40e8-86b8-a5087214b30c	3	158661383	158718578	42	-0.4463
af915427-c598-40e8-86b8-a5087214b30c	3	158721606	158831920	64	0.1123
af915427-c598-40e8-86b8-a5087214b30c	3	158832987	158897158	45	-0.4588
af915427-c598-40e8-86b8-a5087214b30c	3	158902772	162795304	2449	0.1093
af915427-c598-40e8-86b8-a5087214b30c	3	162795361	162908207	67	-1.9263
af915427-c598-40e8-86b8-a5087214b30c	3	162908784	182698272	12033	0.1294
af915427-c598-40e8-86b8-a5087214b30c	3	182699321	187877925	3313	0.0833
af915427-c598-40e8-86b8-a5087214b30c	3	187877952	190298403	1806	0.1184
af915427-c598-40e8-86b8-a5087214b30c	3	190298834	190299847	2	-0.8879
af915427-c598-40e8-86b8-a5087214b30c	3	190301762	191267258	682	0.1242
af915427-c598-40e8-86b8-a5087214b30c	3	191267458	191346220	54	-0.4403
af915427-c598-40e8-86b8-a5087214b30c	3	191357084	191956517	416	0.1266
af915427-c598-40e8-86b8-a5087214b30c	3	191956824	192044418	73	-0.4405
af915427-c598-40e8-86b8-a5087214b30c	3	192058926	192392189	285	0.1563
af915427-c598-40e8-86b8-a5087214b30c	3	192399021	192428255	13	-0.4412
af915427-c598-40e8-86b8-a5087214b30c	3	192432167	192433028	4	-0.8996
af915427-c598-40e8-86b8-a5087214b30c	3	192434484	192467813	20	-0.487
af915427-c598-40e8-86b8-a5087214b30c	3	192470792	192604077	80	0.1309
af915427-c598-40e8-86b8-a5087214b30c	3	192606891	192657611	42	-0.4691
af915427-c598-40e8-86b8-a5087214b30c	3	192660578	192884896	146	0.042
af915427-c598-40e8-86b8-a5087214b30c	3	192884948	192942134	65	0.2265
af915427-c598-40e8-86b8-a5087214b30c	3	192942453	192991688	25	-0.0201
af915427-c598-40e8-86b8-a5087214b30c	3	192994797	193072477	43	-0.5294
af915427-c598-40e8-86b8-a5087214b30c	3	193075398	193160113	71	0.0888
af915427-c598-40e8-86b8-a5087214b30c	3	193160173	193165114	19	-1.3602
af915427-c598-40e8-86b8-a5087214b30c	3	193168646	193540198	252	0.1066
af915427-c598-40e8-86b8-a5087214b30c	3	193541570	193604087	46	-0.5348
af915427-c598-40e8-86b8-a5087214b30c	3	193615649	195559056	1185	0.0833
af915427-c598-40e8-86b8-a5087214b30c	3	195656271	195728637	26	-0.2653
af915427-c598-40e8-86b8-a5087214b30c	3	195728990	198169114	1178	0.0955
af915427-c598-40e8-86b8-a5087214b30c	3	198169131	198169247	3	1.2157
af915427-c598-40e8-86b8-a5087214b30c	4	68929	976980	343	0.1356
af915427-c598-40e8-86b8-a5087214b30c	4	977297	10143672	5253	0.0597
af915427-c598-40e8-86b8-a5087214b30c	4	10143713	10207264	97	0.1892
af915427-c598-40e8-86b8-a5087214b30c	4	10207627	10229433	35	0.4872
af915427-c598-40e8-86b8-a5087214b30c	4	10229469	14214048	3186	0.1131
af915427-c598-40e8-86b8-a5087214b30c	4	14214633	14382567	186	-0.4604
af915427-c598-40e8-86b8-a5087214b30c	4	14382700	14471010	94	0.1274
af915427-c598-40e8-86b8-a5087214b30c	4	14471052	14471463	2	-0.7359
af915427-c598-40e8-86b8-a5087214b30c	4	14474829	14610316	105	0.1726
af915427-c598-40e8-86b8-a5087214b30c	4	14610872	15562415	673	-0.4749
af915427-c598-40e8-86b8-a5087214b30c	4	15562912	15733919	106	0.1201
af915427-c598-40e8-86b8-a5087214b30c	4	15735995	17125016	1043	-0.4986
af915427-c598-40e8-86b8-a5087214b30c	4	17125073	17624272	461	0.0841
af915427-c598-40e8-86b8-a5087214b30c	4	17628569	17647085	5	-0.7111
af915427-c598-40e8-86b8-a5087214b30c	4	17648903	18671197	607	0.1042
af915427-c598-40e8-86b8-a5087214b30c	4	18671365	22082926	2323	-0.4664
af915427-c598-40e8-86b8-a5087214b30c	4	22083630	22106427	24	-1.3581
af915427-c598-40e8-86b8-a5087214b30c	4	22108291	22614134	332	-0.4636
af915427-c598-40e8-86b8-a5087214b30c	4	22618969	22647090	21	-1.357
af915427-c598-40e8-86b8-a5087214b30c	4	22652124	23088316	241	-0.4653
af915427-c598-40e8-86b8-a5087214b30c	4	23089394	23117685	15	-1.5598
af915427-c598-40e8-86b8-a5087214b30c	4	23118603	25612580	1816	-0.4928
af915427-c598-40e8-86b8-a5087214b30c	4	25614481	25629993	10	-1.5423
af915427-c598-40e8-86b8-a5087214b30c	4	25630422	26287196	484	-0.4759
af915427-c598-40e8-86b8-a5087214b30c	4	26290363	26293044	2	-2.4817
af915427-c598-40e8-86b8-a5087214b30c	4	26293552	26477165	123	-0.4861
af915427-c598-40e8-86b8-a5087214b30c	4	26478536	26478794	2	-2.1949
af915427-c598-40e8-86b8-a5087214b30c	4	26481674	36510515	6272	-0.4387
af915427-c598-40e8-86b8-a5087214b30c	4	36511241	42736455	4085	-0.4878
af915427-c598-40e8-86b8-a5087214b30c	4	42737954	46188648	2071	-0.4288
af915427-c598-40e8-86b8-a5087214b30c	4	46189411	46228468	20	0.1244
af915427-c598-40e8-86b8-a5087214b30c	4	46236720	46249273	10	-0.4344
af915427-c598-40e8-86b8-a5087214b30c	4	46250049	51823373	1687	0.141
af915427-c598-40e8-86b8-a5087214b30c	4	51830626	57098625	3475	0.0912
af915427-c598-40e8-86b8-a5087214b30c	4	57100173	57547578	373	0.1219
af915427-c598-40e8-86b8-a5087214b30c	4	57554082	58403011	565	-0.4453
af915427-c598-40e8-86b8-a5087214b30c	4	58403552	62802116	2578	0.151
af915427-c598-40e8-86b8-a5087214b30c	4	62804218	62805944	8	-2.3819
af915427-c598-40e8-86b8-a5087214b30c	4	62813912	63178682	205	0.1356
af915427-c598-40e8-86b8-a5087214b30c	4	63188175	63265520	37	-0.3364
af915427-c598-40e8-86b8-a5087214b30c	4	63275560	63653317	197	0.1046
af915427-c598-40e8-86b8-a5087214b30c	4	63653441	63694427	36	-0.3063
af915427-c598-40e8-86b8-a5087214b30c	4	63702413	65067051	880	0.1368
af915427-c598-40e8-86b8-a5087214b30c	4	65067698	65094958	19	-0.5408
af915427-c598-40e8-86b8-a5087214b30c	4	65102668	65976303	631	0.1543
af915427-c598-40e8-86b8-a5087214b30c	4	65978381	65984403	8	-0.6064
af915427-c598-40e8-86b8-a5087214b30c	4	65987200	67620025	963	0.136
af915427-c598-40e8-86b8-a5087214b30c	4	67626905	67635068	7	-0.5693
af915427-c598-40e8-86b8-a5087214b30c	4	67642254	67861844	139	0.1305
af915427-c598-40e8-86b8-a5087214b30c	4	67863891	67955776	81	-0.4372
af915427-c598-40e8-86b8-a5087214b30c	4	67956345	68395346	239	0.1252
af915427-c598-40e8-86b8-a5087214b30c	4	68416487	68422424	5	1.1119
af915427-c598-40e8-86b8-a5087214b30c	4	68429081	68616004	72	-0.12
af915427-c598-40e8-86b8-a5087214b30c	4	68618331	69167082	282	0.1398
af915427-c598-40e8-86b8-a5087214b30c	4	69177789	69366406	93	0.3288
af915427-c598-40e8-86b8-a5087214b30c	4	69370433	86205956	10548	0.1237
af915427-c598-40e8-86b8-a5087214b30c	4	86206024	86250945	36	-0.4386
af915427-c598-40e8-86b8-a5087214b30c	4	86261283	87592817	717	0.1041
af915427-c598-40e8-86b8-a5087214b30c	4	87593353	87607926	5	-0.4919
af915427-c598-40e8-86b8-a5087214b30c	4	87610255	88828480	812	0.1097
af915427-c598-40e8-86b8-a5087214b30c	4	88833026	88835238	2	1.1772
af915427-c598-40e8-86b8-a5087214b30c	4	88837894	91084191	1427	0.1357
af915427-c598-40e8-86b8-a5087214b30c	4	91084542	91148100	45	0.5572
af915427-c598-40e8-86b8-a5087214b30c	4	91148753	95993532	2898	0.129
af915427-c598-40e8-86b8-a5087214b30c	4	95996187	96032592	27	-0.4414
af915427-c598-40e8-86b8-a5087214b30c	4	96036590	96124814	50	0.1445
af915427-c598-40e8-86b8-a5087214b30c	4	96130804	97074215	545	-0.3376
af915427-c598-40e8-86b8-a5087214b30c	4	97077517	97250644	95	0.2012
af915427-c598-40e8-86b8-a5087214b30c	4	97251263	97267978	10	-0.4959
af915427-c598-40e8-86b8-a5087214b30c	4	97270326	97436283	91	0.1512
af915427-c598-40e8-86b8-a5087214b30c	4	97437154	97439635	2	-1.1565
af915427-c598-40e8-86b8-a5087214b30c	4	97439985	97685974	106	0.1459
af915427-c598-40e8-86b8-a5087214b30c	4	97687862	108464432	6313	-0.3138
af915427-c598-40e8-86b8-a5087214b30c	4	108466650	108467479	2	-1.6696
af915427-c598-40e8-86b8-a5087214b30c	4	108482941	110215206	1032	-0.336
af915427-c598-40e8-86b8-a5087214b30c	4	110215459	110216692	2	-1.7785
af915427-c598-40e8-86b8-a5087214b30c	4	110220464	110664581	256	-0.3576
af915427-c598-40e8-86b8-a5087214b30c	4	110671208	110745493	39	0.1287
af915427-c598-40e8-86b8-a5087214b30c	4	110748064	110798199	30	-0.3747
af915427-c598-40e8-86b8-a5087214b30c	4	110800976	111076507	187	0.159
af915427-c598-40e8-86b8-a5087214b30c	4	111081307	111130996	24	-0.3441
af915427-c598-40e8-86b8-a5087214b30c	4	111131505	114252544	2020	0.1258
af915427-c598-40e8-86b8-a5087214b30c	4	114254167	114261019	23	1.2099
af915427-c598-40e8-86b8-a5087214b30c	4	114263073	117611734	2037	0.1539
af915427-c598-40e8-86b8-a5087214b30c	4	117616386	117750075	126	-0.4186
af915427-c598-40e8-86b8-a5087214b30c	4	117754002	117884040	102	0.1386
af915427-c598-40e8-86b8-a5087214b30c	4	117886271	117954535	29	-0.4728
af915427-c598-40e8-86b8-a5087214b30c	4	117956714	118035224	36	0.1647
af915427-c598-40e8-86b8-a5087214b30c	4	118042165	118095770	41	-0.4411
af915427-c598-40e8-86b8-a5087214b30c	4	118101144	123693269	3211	0.1236
af915427-c598-40e8-86b8-a5087214b30c	4	123697943	123715763	11	-0.6354
af915427-c598-40e8-86b8-a5087214b30c	4	123716894	123857338	102	0.1275
af915427-c598-40e8-86b8-a5087214b30c	4	123857775	123940836	61	-0.4842
af915427-c598-40e8-86b8-a5087214b30c	4	123942814	124166351	137	0.1378
af915427-c598-40e8-86b8-a5087214b30c	4	124173523	124216352	20	-0.4791
af915427-c598-40e8-86b8-a5087214b30c	4	124223698	124234476	7	0.1193
af915427-c598-40e8-86b8-a5087214b30c	4	124244034	124314361	43	-0.523
af915427-c598-40e8-86b8-a5087214b30c	4	124320592	124720173	260	0.125
af915427-c598-40e8-86b8-a5087214b30c	4	124723041	124723863	6	-0.721
af915427-c598-40e8-86b8-a5087214b30c	4	124724025	126143031	908	0.1397
af915427-c598-40e8-86b8-a5087214b30c	4	126153255	126198342	30	-0.4534
af915427-c598-40e8-86b8-a5087214b30c	4	126201916	126280258	45	0.2088
af915427-c598-40e8-86b8-a5087214b30c	4	126280427	126507677	140	-0.437
af915427-c598-40e8-86b8-a5087214b30c	4	126513866	126683260	115	0.1469
af915427-c598-40e8-86b8-a5087214b30c	4	126689694	127244344	349	-0.4529
af915427-c598-40e8-86b8-a5087214b30c	4	127245541	127907741	297	0.121
af915427-c598-40e8-86b8-a5087214b30c	4	127912024	128458824	249	-0.457
af915427-c598-40e8-86b8-a5087214b30c	4	128459684	128564844	67	0.1383
af915427-c598-40e8-86b8-a5087214b30c	4	128567246	128586563	17	-0.4358
af915427-c598-40e8-86b8-a5087214b30c	4	128589057	129389078	430	0.0986
af915427-c598-40e8-86b8-a5087214b30c	4	129389596	129437129	44	-0.5259
af915427-c598-40e8-86b8-a5087214b30c	4	129437677	129565968	88	0.1442
af915427-c598-40e8-86b8-a5087214b30c	4	129567203	131480073	1163	-0.4125
af915427-c598-40e8-86b8-a5087214b30c	4	131487874	131530862	22	0.1117
af915427-c598-40e8-86b8-a5087214b30c	4	131538405	131611187	42	-0.4559
af915427-c598-40e8-86b8-a5087214b30c	4	131612515	133287886	874	0.1326
af915427-c598-40e8-86b8-a5087214b30c	4	133290564	134345655	554	-0.4324
af915427-c598-40e8-86b8-a5087214b30c	4	134346918	134446538	69	0.133
af915427-c598-40e8-86b8-a5087214b30c	4	134450878	134469529	8	-0.4055
af915427-c598-40e8-86b8-a5087214b30c	4	134473495	134490670	14	0.0983
af915427-c598-40e8-86b8-a5087214b30c	4	134493467	134536473	23	-0.397
af915427-c598-40e8-86b8-a5087214b30c	4	134536785	134867253	182	0.175
af915427-c598-40e8-86b8-a5087214b30c	4	134870277	135002731	71	-0.3876
af915427-c598-40e8-86b8-a5087214b30c	4	135004875	135330640	167	-1.2046
af915427-c598-40e8-86b8-a5087214b30c	4	135332918	135685342	192	-0.4207
af915427-c598-40e8-86b8-a5087214b30c	4	135702430	135841484	85	0.1861
af915427-c598-40e8-86b8-a5087214b30c	4	135845054	138683697	1884	-0.4356
af915427-c598-40e8-86b8-a5087214b30c	4	138683852	138685488	2	-2.252
af915427-c598-40e8-86b8-a5087214b30c	4	138687517	139058727	218	-0.5305
af915427-c598-40e8-86b8-a5087214b30c	4	139059873	139156483	140	-0.3878
af915427-c598-40e8-86b8-a5087214b30c	4	139157305	139369288	76	-0.5434
af915427-c598-40e8-86b8-a5087214b30c	4	139371332	139405063	18	0.2008
af915427-c598-40e8-86b8-a5087214b30c	4	139412409	139618663	111	-0.4326
af915427-c598-40e8-86b8-a5087214b30c	4	139621273	149400305	5840	0.1208
af915427-c598-40e8-86b8-a5087214b30c	4	149402973	149450285	29	-0.4986
af915427-c598-40e8-86b8-a5087214b30c	4	149451714	149712141	125	0.1255
af915427-c598-40e8-86b8-a5087214b30c	4	149718440	150037905	185	-0.4419
af915427-c598-40e8-86b8-a5087214b30c	4	150038159	158436668	5254	0.1231
af915427-c598-40e8-86b8-a5087214b30c	4	158436906	158451471	8	-0.4753
af915427-c598-40e8-86b8-a5087214b30c	4	158452895	158463148	6	-0.1117
af915427-c598-40e8-86b8-a5087214b30c	4	158464019	158533127	58	0.1706
af915427-c598-40e8-86b8-a5087214b30c	4	158535090	158553629	10	-0.4636
af915427-c598-40e8-86b8-a5087214b30c	4	158563237	158942431	179	0.0933
af915427-c598-40e8-86b8-a5087214b30c	4	158943609	158972048	36	-0.519
af915427-c598-40e8-86b8-a5087214b30c	4	158972548	159915072	559	0.1012
af915427-c598-40e8-86b8-a5087214b30c	4	159915810	159942658	8	-0.517
af915427-c598-40e8-86b8-a5087214b30c	4	159943090	160795285	598	0.1457
af915427-c598-40e8-86b8-a5087214b30c	4	160797007	160802135	6	-0.4675
af915427-c598-40e8-86b8-a5087214b30c	4	160810581	160935202	101	0.1407
af915427-c598-40e8-86b8-a5087214b30c	4	160935758	161037724	120	-0.387
af915427-c598-40e8-86b8-a5087214b30c	4	161041594	161643916	425	0.1484
af915427-c598-40e8-86b8-a5087214b30c	4	161645519	161691929	24	-0.4022
af915427-c598-40e8-86b8-a5087214b30c	4	161707960	162392198	435	0.1549
af915427-c598-40e8-86b8-a5087214b30c	4	162401150	162422911	48	-0.3605
af915427-c598-40e8-86b8-a5087214b30c	4	162422996	164306160	1151	0.1343
af915427-c598-40e8-86b8-a5087214b30c	4	164306624	164317964	6	-0.4569
af915427-c598-40e8-86b8-a5087214b30c	4	164319411	164560663	156	0.1274
af915427-c598-40e8-86b8-a5087214b30c	4	164562792	164562994	4	-0.3511
af915427-c598-40e8-86b8-a5087214b30c	4	164568992	164603201	31	0.1638
af915427-c598-40e8-86b8-a5087214b30c	4	164608226	164622355	18	-0.3424
af915427-c598-40e8-86b8-a5087214b30c	4	164628941	165685738	733	0.1257
af915427-c598-40e8-86b8-a5087214b30c	4	165689466	165721195	18	-0.4839
af915427-c598-40e8-86b8-a5087214b30c	4	165721438	166313267	372	0.1366
af915427-c598-40e8-86b8-a5087214b30c	4	166316247	166350346	18	-0.5035
af915427-c598-40e8-86b8-a5087214b30c	4	166353997	167389468	526	0.1392
af915427-c598-40e8-86b8-a5087214b30c	4	167390249	167403632	15	-0.4583
af915427-c598-40e8-86b8-a5087214b30c	4	167408761	167481922	53	0.1528
af915427-c598-40e8-86b8-a5087214b30c	4	167485412	167539765	27	-0.2632
af915427-c598-40e8-86b8-a5087214b30c	4	167541462	167894290	234	0.1413
af915427-c598-40e8-86b8-a5087214b30c	4	167897292	167961159	71	-0.4175
af915427-c598-40e8-86b8-a5087214b30c	4	167965880	168296427	211	0.1391
af915427-c598-40e8-86b8-a5087214b30c	4	168298403	168311974	10	-0.6081
af915427-c598-40e8-86b8-a5087214b30c	4	168312692	168490272	122	0.1169
af915427-c598-40e8-86b8-a5087214b30c	4	168492308	168497085	6	-0.4785
af915427-c598-40e8-86b8-a5087214b30c	4	168502613	171448195	1880	0.1187
af915427-c598-40e8-86b8-a5087214b30c	4	171453733	171456625	12	-0.6487
af915427-c598-40e8-86b8-a5087214b30c	4	171459220	172066777	397	0.1371
af915427-c598-40e8-86b8-a5087214b30c	4	172067997	172074828	13	0.8039
af915427-c598-40e8-86b8-a5087214b30c	4	172075742	190106768	12082	0.1211
af915427-c598-40e8-86b8-a5087214b30c	5	15532	717264	310	0.1157
af915427-c598-40e8-86b8-a5087214b30c	5	717410	742574	14	-0.2338
af915427-c598-40e8-86b8-a5087214b30c	5	760901	833513	29	-0.785
af915427-c598-40e8-86b8-a5087214b30c	5	852451	11161513	8743	0.0861
af915427-c598-40e8-86b8-a5087214b30c	5	11162524	11162659	3	-2.3739
af915427-c598-40e8-86b8-a5087214b30c	5	11167165	12815668	1090	0.1185
af915427-c598-40e8-86b8-a5087214b30c	5	12815753	12838421	13	0.7964
af915427-c598-40e8-86b8-a5087214b30c	5	12849089	13521929	351	0.1452
af915427-c598-40e8-86b8-a5087214b30c	5	13521959	13522017	2	-0.9321
af915427-c598-40e8-86b8-a5087214b30c	5	13522213	13802889	206	0.087
af915427-c598-40e8-86b8-a5087214b30c	5	13803011	13803443	3	0.8647
af915427-c598-40e8-86b8-a5087214b30c	5	13809848	14534509	699	0.0713
af915427-c598-40e8-86b8-a5087214b30c	5	14534885	16451322	1199	-0.4594
af915427-c598-40e8-86b8-a5087214b30c	5	16452312	17491160	698	-0.5468
af915427-c598-40e8-86b8-a5087214b30c	5	17491332	18350002	507	-0.4318
af915427-c598-40e8-86b8-a5087214b30c	5	18354441	18572437	137	-1.4097
af915427-c598-40e8-86b8-a5087214b30c	5	18573223	18927874	219	-0.4484
af915427-c598-40e8-86b8-a5087214b30c	5	18927924	19004955	50	-1.7723
af915427-c598-40e8-86b8-a5087214b30c	5	19006508	19159036	102	-0.4991
af915427-c598-40e8-86b8-a5087214b30c	5	19167576	19188250	15	-1.2361
af915427-c598-40e8-86b8-a5087214b30c	5	19193220	19853742	401	-0.4437
af915427-c598-40e8-86b8-a5087214b30c	5	19856050	19960312	74	-1.4055
af915427-c598-40e8-86b8-a5087214b30c	5	19960432	20535082	352	-0.4254
af915427-c598-40e8-86b8-a5087214b30c	5	20541923	20545528	4	-1.7781
af915427-c598-40e8-86b8-a5087214b30c	5	20547704	21376735	439	-0.4155
af915427-c598-40e8-86b8-a5087214b30c	5	21377730	21377744	2	-2.0121
af915427-c598-40e8-86b8-a5087214b30c	5	21385957	21449167	44	-0.3862
af915427-c598-40e8-86b8-a5087214b30c	5	21451091	21451889	4	-1.9515
af915427-c598-40e8-86b8-a5087214b30c	5	21452329	21758391	144	-0.406
af915427-c598-40e8-86b8-a5087214b30c	5	21759858	24382073	1477	-1.4351
af915427-c598-40e8-86b8-a5087214b30c	5	24385944	24920680	356	-0.4247
af915427-c598-40e8-86b8-a5087214b30c	5	24923265	26537291	964	-1.4424
af915427-c598-40e8-86b8-a5087214b30c	5	26543740	26993935	310	-0.4041
af915427-c598-40e8-86b8-a5087214b30c	5	26997611	27072971	34	0.1563
af915427-c598-40e8-86b8-a5087214b30c	5	27087570	27093340	5	-0.5978
af915427-c598-40e8-86b8-a5087214b30c	5	27103571	27717837	318	0.1484
af915427-c598-40e8-86b8-a5087214b30c	5	27726201	27750376	12	-0.5429
af915427-c598-40e8-86b8-a5087214b30c	5	27757554	31523393	2461	0.1347
af915427-c598-40e8-86b8-a5087214b30c	5	31523490	32362470	587	0.0418
af915427-c598-40e8-86b8-a5087214b30c	5	32364710	44695188	7690	0.1138
af915427-c598-40e8-86b8-a5087214b30c	5	44704907	44743338	29	-0.4168
af915427-c598-40e8-86b8-a5087214b30c	5	44747593	46246558	536	0.1814
af915427-c598-40e8-86b8-a5087214b30c	5	46251204	46273400	9	-2.1324
af915427-c598-40e8-86b8-a5087214b30c	5	46278110	46389171	19	0.2813
af915427-c598-40e8-86b8-a5087214b30c	5	50146124	50934650	336	-0.3662
af915427-c598-40e8-86b8-a5087214b30c	5	50936092	51939101	539	0.1311
af915427-c598-40e8-86b8-a5087214b30c	5	51939864	52223022	159	-0.4262
af915427-c598-40e8-86b8-a5087214b30c	5	52225813	52676642	290	0.1173
af915427-c598-40e8-86b8-a5087214b30c	5	52678465	52705774	24	-0.4633
af915427-c598-40e8-86b8-a5087214b30c	5	52706086	52836577	114	0.1394
af915427-c598-40e8-86b8-a5087214b30c	5	52838788	53173464	299	-0.4663
af915427-c598-40e8-86b8-a5087214b30c	5	53174143	53763555	370	0.1453
af915427-c598-40e8-86b8-a5087214b30c	5	53764746	53773895	7	-0.476
af915427-c598-40e8-86b8-a5087214b30c	5	53777842	54200032	296	0.1054
af915427-c598-40e8-86b8-a5087214b30c	5	54203761	56957199	1926	-0.4692
af915427-c598-40e8-86b8-a5087214b30c	5	56958658	56959644	3	-1.6395
af915427-c598-40e8-86b8-a5087214b30c	5	56960656	58025819	691	-0.4716
af915427-c598-40e8-86b8-a5087214b30c	5	58030200	58037706	32	1.7509
af915427-c598-40e8-86b8-a5087214b30c	5	58042530	65295038	4538	-0.4632
af915427-c598-40e8-86b8-a5087214b30c	5	65295198	65326183	18	-1.48
af915427-c598-40e8-86b8-a5087214b30c	5	65329685	65377915	15	-0.4549
af915427-c598-40e8-86b8-a5087214b30c	5	65378088	65379654	4	-1.7139
af915427-c598-40e8-86b8-a5087214b30c	5	65381699	80398287	8617	-0.4817
af915427-c598-40e8-86b8-a5087214b30c	5	80398892	80871141	245	0.0849
af915427-c598-40e8-86b8-a5087214b30c	5	80871448	80873724	6	-0.543
af915427-c598-40e8-86b8-a5087214b30c	5	80881118	81148372	204	0.088
af915427-c598-40e8-86b8-a5087214b30c	5	81150913	81648628	288	-0.4693
af915427-c598-40e8-86b8-a5087214b30c	5	81655738	81950888	179	0.1135
af915427-c598-40e8-86b8-a5087214b30c	5	81952387	82072424	50	-0.4656
af915427-c598-40e8-86b8-a5087214b30c	5	82073373	82155445	34	-0.1336
af915427-c598-40e8-86b8-a5087214b30c	5	82155493	84240769	1321	-0.455
af915427-c598-40e8-86b8-a5087214b30c	5	84242423	84416034	98	0.1199
af915427-c598-40e8-86b8-a5087214b30c	5	84419783	84499134	38	-0.3575
af915427-c598-40e8-86b8-a5087214b30c	5	84507377	84691726	95	0.1511
af915427-c598-40e8-86b8-a5087214b30c	5	84695474	85541027	499	-0.4416
af915427-c598-40e8-86b8-a5087214b30c	5	85542092	85591199	30	0.2065
af915427-c598-40e8-86b8-a5087214b30c	5	85599273	85664986	19	-0.3729
af915427-c598-40e8-86b8-a5087214b30c	5	85668371	85989881	183	0.1308
af915427-c598-40e8-86b8-a5087214b30c	5	85992452	86042466	24	-0.5202
af915427-c598-40e8-86b8-a5087214b30c	5	86049791	86213044	115	0.1633
af915427-c598-40e8-86b8-a5087214b30c	5	86218781	86225700	12	-0.4139
af915427-c598-40e8-86b8-a5087214b30c	5	86232402	86293949	32	0.1802
af915427-c598-40e8-86b8-a5087214b30c	5	86302588	86306799	4	-0.4519
af915427-c598-40e8-86b8-a5087214b30c	5	86309159	86888958	330	0.1306
af915427-c598-40e8-86b8-a5087214b30c	5	86897815	86945890	23	-0.4522
af915427-c598-40e8-86b8-a5087214b30c	5	86946616	87703005	341	0.1222
af915427-c598-40e8-86b8-a5087214b30c	5	87707861	87758411	33	-0.4527
af915427-c598-40e8-86b8-a5087214b30c	5	87770293	88303001	275	0.147
af915427-c598-40e8-86b8-a5087214b30c	5	88304534	88815907	273	-0.4364
af915427-c598-40e8-86b8-a5087214b30c	5	88821573	89429229	313	0.1375
af915427-c598-40e8-86b8-a5087214b30c	5	89435329	97374640	4425	-0.4509
af915427-c598-40e8-86b8-a5087214b30c	5	97376137	97376721	2	-1.6828
af915427-c598-40e8-86b8-a5087214b30c	5	97380692	97575366	127	-0.4393
af915427-c598-40e8-86b8-a5087214b30c	5	97575825	97580979	2	-2.1955
af915427-c598-40e8-86b8-a5087214b30c	5	97582130	98008070	245	-0.4261
af915427-c598-40e8-86b8-a5087214b30c	5	98008227	99052085	586	-1.4489
af915427-c598-40e8-86b8-a5087214b30c	5	99056101	101265249	1244	-0.4241
af915427-c598-40e8-86b8-a5087214b30c	5	101265682	101272612	8	-1.2806
af915427-c598-40e8-86b8-a5087214b30c	5	101275455	101320189	25	-0.4606
af915427-c598-40e8-86b8-a5087214b30c	5	101320828	101518463	138	-1.406
af915427-c598-40e8-86b8-a5087214b30c	5	101528820	101845304	221	-0.405
af915427-c598-40e8-86b8-a5087214b30c	5	101845396	101855658	17	-1.204
af915427-c598-40e8-86b8-a5087214b30c	5	101855976	104524672	1507	-0.4369
af915427-c598-40e8-86b8-a5087214b30c	5	104524780	104524903	3	1.872
af915427-c598-40e8-86b8-a5087214b30c	5	104525348	111695312	4585	-0.4438
af915427-c598-40e8-86b8-a5087214b30c	5	111696821	116705117	3819	0.119
af915427-c598-40e8-86b8-a5087214b30c	5	116710533	116767251	58	-0.482
af915427-c598-40e8-86b8-a5087214b30c	5	116767258	116887576	106	0.065
af915427-c598-40e8-86b8-a5087214b30c	5	116887626	117505743	442	-0.4499
af915427-c598-40e8-86b8-a5087214b30c	5	117518802	117518989	2	-1.8461
af915427-c598-40e8-86b8-a5087214b30c	5	117539668	117740530	160	-0.4269
af915427-c598-40e8-86b8-a5087214b30c	5	117745351	126361964	5725	0.1304
af915427-c598-40e8-86b8-a5087214b30c	5	126362265	126368519	5	-0.3538
af915427-c598-40e8-86b8-a5087214b30c	5	126369471	126804830	250	0.0398
af915427-c598-40e8-86b8-a5087214b30c	5	126805647	132719812	3320	0.1267
af915427-c598-40e8-86b8-a5087214b30c	5	132734907	136550395	2509	0.0737
af915427-c598-40e8-86b8-a5087214b30c	5	136553593	136565342	12	0.6
af915427-c598-40e8-86b8-a5087214b30c	5	136566111	142766991	3380	0.0742
af915427-c598-40e8-86b8-a5087214b30c	5	142773786	144024886	901	0.1101
af915427-c598-40e8-86b8-a5087214b30c	5	144027118	144030771	4	-1.9115
af915427-c598-40e8-86b8-a5087214b30c	5	144031142	153376275	6284	0.1056
af915427-c598-40e8-86b8-a5087214b30c	5	153378701	153455428	53	-0.4612
af915427-c598-40e8-86b8-a5087214b30c	5	153457427	155277681	1216	0.0781
af915427-c598-40e8-86b8-a5087214b30c	5	155278457	160000021	3330	0.1094
af915427-c598-40e8-86b8-a5087214b30c	5	160000134	160237274	126	-0.0209
af915427-c598-40e8-86b8-a5087214b30c	5	160237983	167659336	4901	0.127
af915427-c598-40e8-86b8-a5087214b30c	5	167659629	175946505	6315	0.0789
af915427-c598-40e8-86b8-a5087214b30c	5	175960543	175993893	7	0.9154
af915427-c598-40e8-86b8-a5087214b30c	5	175999690	176033084	6	-0.0054
af915427-c598-40e8-86b8-a5087214b30c	5	176038686	176042504	2	-2.1484
af915427-c598-40e8-86b8-a5087214b30c	5	176043321	178680821	1173	0.0914
af915427-c598-40e8-86b8-a5087214b30c	5	178682974	178686162	3	-2.6798
af915427-c598-40e8-86b8-a5087214b30c	5	178691854	180947523	1345	0.0688
af915427-c598-40e8-86b8-a5087214b30c	5	180951710	181006264	21	0.7485
af915427-c598-40e8-86b8-a5087214b30c	5	181015400	181363319	168	0.0891
af915427-c598-40e8-86b8-a5087214b30c	6	149661	253272	97	0.1226
af915427-c598-40e8-86b8-a5087214b30c	6	253861	381149	104	0.4188
af915427-c598-40e8-86b8-a5087214b30c	6	382559	12948945	10024	0.0963
af915427-c598-40e8-86b8-a5087214b30c	6	12950585	12952204	4	-0.7999
af915427-c598-40e8-86b8-a5087214b30c	6	12952987	22000073	6591	0.0899
af915427-c598-40e8-86b8-a5087214b30c	6	22000093	22000109	2	-1.8521
af915427-c598-40e8-86b8-a5087214b30c	6	22003666	29882589	4845	0.1129
af915427-c598-40e8-86b8-a5087214b30c	6	29882603	29933799	17	-0.6295
af915427-c598-40e8-86b8-a5087214b30c	6	29940692	29950810	15	0.1479
af915427-c598-40e8-86b8-a5087214b30c	6	29953297	29953350	2	-1.2742
af915427-c598-40e8-86b8-a5087214b30c	6	29953446	31313046	626	0.1072
af915427-c598-40e8-86b8-a5087214b30c	6	31318499	31328674	11	-1.1798
af915427-c598-40e8-86b8-a5087214b30c	6	31342147	32656527	558	0.0966
af915427-c598-40e8-86b8-a5087214b30c	6	32656814	32658841	5	-1.4201
af915427-c598-40e8-86b8-a5087214b30c	6	32682835	32898021	169	0.0971
af915427-c598-40e8-86b8-a5087214b30c	6	32898134	32898318	3	-1.0139
af915427-c598-40e8-86b8-a5087214b30c	6	32899215	33112035	128	0.122
af915427-c598-40e8-86b8-a5087214b30c	6	33114021	33114858	2	-1.1268
af915427-c598-40e8-86b8-a5087214b30c	6	33115107	44889999	7439	0.0805
af915427-c598-40e8-86b8-a5087214b30c	6	44890652	57825869	7967	0.1158
af915427-c598-40e8-86b8-a5087214b30c	6	57826163	61979197	859	0.1729
af915427-c598-40e8-86b8-a5087214b30c	6	61979620	64627049	1365	0.1267
af915427-c598-40e8-86b8-a5087214b30c	6	64637651	64639099	2	1.7422
af915427-c598-40e8-86b8-a5087214b30c	6	64640883	65951750	899	0.1487
af915427-c598-40e8-86b8-a5087214b30c	6	65957086	66331020	241	-0.4211
af915427-c598-40e8-86b8-a5087214b30c	6	66331558	66333299	6	-1.3807
af915427-c598-40e8-86b8-a5087214b30c	6	66333342	67094807	676	-0.4081
af915427-c598-40e8-86b8-a5087214b30c	6	67109057	68444652	854	0.1559
af915427-c598-40e8-86b8-a5087214b30c	6	68445041	73157170	3061	0.0477
af915427-c598-40e8-86b8-a5087214b30c	6	73157376	73162553	3	-1.2345
af915427-c598-40e8-86b8-a5087214b30c	6	73165532	73665276	252	-0.0168
af915427-c598-40e8-86b8-a5087214b30c	6	73665443	73871274	152	0.115
af915427-c598-40e8-86b8-a5087214b30c	6	73871328	73882142	17	-0.0525
af915427-c598-40e8-86b8-a5087214b30c	6	73882509	73885038	7	-0.5246
af915427-c598-40e8-86b8-a5087214b30c	6	73887573	73900713	20	0.0374
af915427-c598-40e8-86b8-a5087214b30c	6	73901161	76305231	1454	0.1185
af915427-c598-40e8-86b8-a5087214b30c	6	76307183	76307326	5	0.8333
af915427-c598-40e8-86b8-a5087214b30c	6	76307339	76726815	294	0.1408
af915427-c598-40e8-86b8-a5087214b30c	6	76730151	76743040	21	0.4985
af915427-c598-40e8-86b8-a5087214b30c	6	76751356	78253172	977	0.1392
af915427-c598-40e8-86b8-a5087214b30c	6	78259348	78332056	117	0.4276
af915427-c598-40e8-86b8-a5087214b30c	6	78332092	88259840	6205	0.1182
af915427-c598-40e8-86b8-a5087214b30c	6	88260034	89488040	765	0.0295
af915427-c598-40e8-86b8-a5087214b30c	6	89488530	93878226	3001	0.1349
af915427-c598-40e8-86b8-a5087214b30c	6	93878371	93913982	20	-0.4154
af915427-c598-40e8-86b8-a5087214b30c	6	93914950	94211367	181	0.1821
af915427-c598-40e8-86b8-a5087214b30c	6	94212287	94212394	3	-1.0016
af915427-c598-40e8-86b8-a5087214b30c	6	94213119	94747819	371	0.1291
af915427-c598-40e8-86b8-a5087214b30c	6	94748599	94769915	15	-0.4689
af915427-c598-40e8-86b8-a5087214b30c	6	94771764	97418696	1341	0.1312
af915427-c598-40e8-86b8-a5087214b30c	6	97427620	97557947	64	-0.4519
af915427-c598-40e8-86b8-a5087214b30c	6	97559889	97792566	133	0.1456
af915427-c598-40e8-86b8-a5087214b30c	6	97801371	97851691	34	-0.4419
af915427-c598-40e8-86b8-a5087214b30c	6	97855740	98092588	127	0.1735
af915427-c598-40e8-86b8-a5087214b30c	6	98093096	103290313	3214	-0.4444
af915427-c598-40e8-86b8-a5087214b30c	6	103290349	103320921	47	0.0106
af915427-c598-40e8-86b8-a5087214b30c	6	103322942	106638940	2155	-0.4475
af915427-c598-40e8-86b8-a5087214b30c	6	106641414	107853969	746	-0.5302
af915427-c598-40e8-86b8-a5087214b30c	6	107854424	117989315	6061	-0.4596
af915427-c598-40e8-86b8-a5087214b30c	6	117995151	133422083	9745	0.1325
af915427-c598-40e8-86b8-a5087214b30c	6	133425969	133426155	2	-1.1891
af915427-c598-40e8-86b8-a5087214b30c	6	133427243	134375295	635	0.1049
af915427-c598-40e8-86b8-a5087214b30c	6	134375877	134376302	3	-1.045
af915427-c598-40e8-86b8-a5087214b30c	6	134376858	140154166	3933	0.1092
af915427-c598-40e8-86b8-a5087214b30c	6	140154951	140515995	157	-0.4228
af915427-c598-40e8-86b8-a5087214b30c	6	140516967	141119074	300	0.1503
af915427-c598-40e8-86b8-a5087214b30c	6	141120803	141477124	197	-0.3886
af915427-c598-40e8-86b8-a5087214b30c	6	141478228	147422124	3751	0.1287
af915427-c598-40e8-86b8-a5087214b30c	6	147422646	170741917	16475	0.0969
af915427-c598-40e8-86b8-a5087214b30c	7	43355	68659	31	0.5499
af915427-c598-40e8-86b8-a5087214b30c	7	79263	148300	59	0.1514
af915427-c598-40e8-86b8-a5087214b30c	7	155066	158626	10	-2.8453
af915427-c598-40e8-86b8-a5087214b30c	7	161442	3232894	1216	0.0461
af915427-c598-40e8-86b8-a5087214b30c	7	3236507	3999529	680	0.1272
af915427-c598-40e8-86b8-a5087214b30c	7	3999934	5731910	984	0.0334
af915427-c598-40e8-86b8-a5087214b30c	7	5732563	5999270	99	0.1796
af915427-c598-40e8-86b8-a5087214b30c	7	5999449	6790272	337	0.0186
af915427-c598-40e8-86b8-a5087214b30c	7	6791067	15215948	6834	0.1305
af915427-c598-40e8-86b8-a5087214b30c	7	15220026	15270968	30	-0.4081
af915427-c598-40e8-86b8-a5087214b30c	7	15272416	16180518	739	0.1256
af915427-c598-40e8-86b8-a5087214b30c	7	16189284	16214928	27	-0.4459
af915427-c598-40e8-86b8-a5087214b30c	7	16222687	16917402	580	0.1019
af915427-c598-40e8-86b8-a5087214b30c	7	16917605	20273787	2783	0.1618
af915427-c598-40e8-86b8-a5087214b30c	7	20274180	39292818	13789	0.1067
af915427-c598-40e8-86b8-a5087214b30c	7	39292838	40568876	723	0.0829
af915427-c598-40e8-86b8-a5087214b30c	7	40572132	40583873	12	-0.5021
af915427-c598-40e8-86b8-a5087214b30c	7	40586154	40629698	31	0.0805
af915427-c598-40e8-86b8-a5087214b30c	7	40633783	40677498	23	-0.4133
af915427-c598-40e8-86b8-a5087214b30c	7	40677627	41407319	489	0.1006
af915427-c598-40e8-86b8-a5087214b30c	7	41409845	41431938	24	-0.5309
af915427-c598-40e8-86b8-a5087214b30c	7	41436762	41748367	222	0.1186
af915427-c598-40e8-86b8-a5087214b30c	7	41749136	41750608	3	-0.5611
af915427-c598-40e8-86b8-a5087214b30c	7	41761535	41891123	113	0.1442
af915427-c598-40e8-86b8-a5087214b30c	7	41898217	42421116	405	-0.5152
af915427-c598-40e8-86b8-a5087214b30c	7	42425227	43655070	842	0.1282
af915427-c598-40e8-86b8-a5087214b30c	7	43655253	45344914	862	0.0784
af915427-c598-40e8-86b8-a5087214b30c	7	45344929	45344980	2	-0.9256
af915427-c598-40e8-86b8-a5087214b30c	7	45347964	53118347	5649	0.099
af915427-c598-40e8-86b8-a5087214b30c	7	53118361	54305455	883	0.1501
af915427-c598-40e8-86b8-a5087214b30c	7	54318812	54318824	6	1.843
af915427-c598-40e8-86b8-a5087214b30c	7	54325795	54666830	252	0.1377
af915427-c598-40e8-86b8-a5087214b30c	7	54671200	56997653	1364	0.0679
af915427-c598-40e8-86b8-a5087214b30c	7	56999885	64335638	1025	0.1557
af915427-c598-40e8-86b8-a5087214b30c	7	64337242	64673757	184	-0.4805
af915427-c598-40e8-86b8-a5087214b30c	7	64676709	65294892	244	0.0635
af915427-c598-40e8-86b8-a5087214b30c	7	65301394	65696403	160	0.1977
af915427-c598-40e8-86b8-a5087214b30c	7	65697209	65796311	30	-0.0399
af915427-c598-40e8-86b8-a5087214b30c	7	65799537	65830040	12	0.6397
af915427-c598-40e8-86b8-a5087214b30c	7	65830878	66103051	95	0.1246
af915427-c598-40e8-86b8-a5087214b30c	7	66106299	76514522	4904	0.0594
af915427-c598-40e8-86b8-a5087214b30c	7	76514576	83294229	4439	0.1305
af915427-c598-40e8-86b8-a5087214b30c	7	83300011	83419023	92	-0.433
af915427-c598-40e8-86b8-a5087214b30c	7	83426423	84091996	540	0.1433
af915427-c598-40e8-86b8-a5087214b30c	7	84092606	84106697	22	-0.4198
af915427-c598-40e8-86b8-a5087214b30c	7	84109165	84122454	9	0.1385
af915427-c598-40e8-86b8-a5087214b30c	7	84123465	84195866	63	-0.4564
af915427-c598-40e8-86b8-a5087214b30c	7	84199629	84922211	435	0.1335
af915427-c598-40e8-86b8-a5087214b30c	7	84925135	85137801	119	-0.4412
af915427-c598-40e8-86b8-a5087214b30c	7	85143682	85201622	34	0.1493
af915427-c598-40e8-86b8-a5087214b30c	7	85203502	85256607	29	-0.391
af915427-c598-40e8-86b8-a5087214b30c	7	85259517	85673106	240	0.1419
af915427-c598-40e8-86b8-a5087214b30c	7	85673530	85733475	36	-0.3572
af915427-c598-40e8-86b8-a5087214b30c	7	85735881	85894198	81	0.1435
af915427-c598-40e8-86b8-a5087214b30c	7	85895688	85958554	33	-0.474
af915427-c598-40e8-86b8-a5087214b30c	7	85958810	88452512	1378	0.1297
af915427-c598-40e8-86b8-a5087214b30c	7	88454812	90065370	1092	0.1769
af915427-c598-40e8-86b8-a5087214b30c	7	90065507	97840264	4982	0.1122
af915427-c598-40e8-86b8-a5087214b30c	7	97841178	102696393	1995	0.0483
af915427-c598-40e8-86b8-a5087214b30c	7	102696593	109793728	4543	0.115
af915427-c598-40e8-86b8-a5087214b30c	7	109793741	109801155	25	0.6051
af915427-c598-40e8-86b8-a5087214b30c	7	109801187	109813853	11	1.3313
af915427-c598-40e8-86b8-a5087214b30c	7	109813925	110749651	649	0.1226
af915427-c598-40e8-86b8-a5087214b30c	7	110750123	111700642	584	0.2328
af915427-c598-40e8-86b8-a5087214b30c	7	111700704	117433034	3473	0.137
af915427-c598-40e8-86b8-a5087214b30c	7	117434413	117440430	6	-0.5
af915427-c598-40e8-86b8-a5087214b30c	7	117444948	118196046	433	0.1256
af915427-c598-40e8-86b8-a5087214b30c	7	118198848	118259573	37	-0.5276
af915427-c598-40e8-86b8-a5087214b30c	7	118267099	118727057	281	0.1318
af915427-c598-40e8-86b8-a5087214b30c	7	118730872	118774498	25	-0.4326
af915427-c598-40e8-86b8-a5087214b30c	7	118781541	118871257	51	0.1456
af915427-c598-40e8-86b8-a5087214b30c	7	118871695	118892107	13	-0.4701
af915427-c598-40e8-86b8-a5087214b30c	7	118901106	118908619	11	0.2368
af915427-c598-40e8-86b8-a5087214b30c	7	118910178	118915993	7	-0.313
af915427-c598-40e8-86b8-a5087214b30c	7	118916888	119637231	374	0.1496
af915427-c598-40e8-86b8-a5087214b30c	7	119642686	119707824	29	-0.4908
af915427-c598-40e8-86b8-a5087214b30c	7	119709145	119865793	84	0.1483
af915427-c598-40e8-86b8-a5087214b30c	7	119867844	119911919	35	-0.4472
af915427-c598-40e8-86b8-a5087214b30c	7	119915053	120459491	267	0.1159
af915427-c598-40e8-86b8-a5087214b30c	7	120459684	120502441	26	-0.4432
af915427-c598-40e8-86b8-a5087214b30c	7	120504554	120851928	191	0.1249
af915427-c598-40e8-86b8-a5087214b30c	7	120852381	121011838	92	-0.5669
af915427-c598-40e8-86b8-a5087214b30c	7	121013731	121742729	531	0.128
af915427-c598-40e8-86b8-a5087214b30c	7	121743610	121773231	15	-0.4015
af915427-c598-40e8-86b8-a5087214b30c	7	121776908	122951659	667	0.1029
af915427-c598-40e8-86b8-a5087214b30c	7	122954099	127217186	2729	0.1484
af915427-c598-40e8-86b8-a5087214b30c	7	127217255	134100424	4131	0.0909
af915427-c598-40e8-86b8-a5087214b30c	7	134100442	134114444	36	0.6051
af915427-c598-40e8-86b8-a5087214b30c	7	134121491	142463509	5520	0.1039
af915427-c598-40e8-86b8-a5087214b30c	7	142463532	142809831	165	0.2535
af915427-c598-40e8-86b8-a5087214b30c	7	142810364	143529806	440	0.0914
af915427-c598-40e8-86b8-a5087214b30c	7	143530003	143549276	2	-1.2907
af915427-c598-40e8-86b8-a5087214b30c	7	143556434	143850179	34	-0.1273
af915427-c598-40e8-86b8-a5087214b30c	7	143875073	144264193	276	0.1282
af915427-c598-40e8-86b8-a5087214b30c	7	144295437	144306653	2	-2.3872
af915427-c598-40e8-86b8-a5087214b30c	7	144312471	152450221	4918	0.1109
af915427-c598-40e8-86b8-a5087214b30c	7	152450857	152574646	49	-0.2321
af915427-c598-40e8-86b8-a5087214b30c	7	152578681	153698387	809	0.1023
af915427-c598-40e8-86b8-a5087214b30c	7	153698920	153818302	45	0.3055
af915427-c598-40e8-86b8-a5087214b30c	7	153826260	153977760	140	0.111
af915427-c598-40e8-86b8-a5087214b30c	7	153987055	153987367	2	1.0814
af915427-c598-40e8-86b8-a5087214b30c	7	153987881	154221793	116	0.1113
af915427-c598-40e8-86b8-a5087214b30c	7	154223036	154223216	3	-1.2057
af915427-c598-40e8-86b8-a5087214b30c	7	154225769	154716993	436	0.0968
af915427-c598-40e8-86b8-a5087214b30c	7	154719453	154744660	23	-0.6346
af915427-c598-40e8-86b8-a5087214b30c	7	154745830	154862010	103	0.0242
af915427-c598-40e8-86b8-a5087214b30c	7	154862369	154903024	50	-0.5999
af915427-c598-40e8-86b8-a5087214b30c	7	154911588	155173669	294	0.0859
af915427-c598-40e8-86b8-a5087214b30c	7	155173682	155175417	14	-0.3186
af915427-c598-40e8-86b8-a5087214b30c	7	155176820	156599096	1023	0.0651
af915427-c598-40e8-86b8-a5087214b30c	7	156600474	156601485	3	-1.005
af915427-c598-40e8-86b8-a5087214b30c	7	156602214	157546895	512	0.0606
af915427-c598-40e8-86b8-a5087214b30c	7	157547419	157558146	4	-0.7541
af915427-c598-40e8-86b8-a5087214b30c	7	157559061	159334314	1108	0.0859
af915427-c598-40e8-86b8-a5087214b30c	8	81254	1411964	862	0.0841
af915427-c598-40e8-86b8-a5087214b30c	8	1412156	1412536	9	-1.4084
af915427-c598-40e8-86b8-a5087214b30c	8	1412568	2210732	719	0.0561
af915427-c598-40e8-86b8-a5087214b30c	8	2210914	2596026	198	-0.4595
af915427-c598-40e8-86b8-a5087214b30c	8	2601551	2741073	120	0.1479
af915427-c598-40e8-86b8-a5087214b30c	8	2741102	2975460	277	-0.4385
af915427-c598-40e8-86b8-a5087214b30c	8	2976554	3092292	93	0.0869
af915427-c598-40e8-86b8-a5087214b30c	8	3093011	3133394	51	-0.4559
af915427-c598-40e8-86b8-a5087214b30c	8	3135801	5736745	3671	0.1216
af915427-c598-40e8-86b8-a5087214b30c	8	5741204	5746973	27	-0.716
af915427-c598-40e8-86b8-a5087214b30c	8	5749566	39373140	24488	0.0945
af915427-c598-40e8-86b8-a5087214b30c	8	39378084	39529446	59	0.9838
af915427-c598-40e8-86b8-a5087214b30c	8	39530780	40914477	1074	0.0909
af915427-c598-40e8-86b8-a5087214b30c	8	40920333	40920952	2	-2.0581
af915427-c598-40e8-86b8-a5087214b30c	8	40926161	42450043	1005	0.0573
af915427-c598-40e8-86b8-a5087214b30c	8	42458082	42491712	13	-0.5442
af915427-c598-40e8-86b8-a5087214b30c	8	42496200	42654300	82	0.0651
af915427-c598-40e8-86b8-a5087214b30c	8	42662300	42778393	57	-0.4896
af915427-c598-40e8-86b8-a5087214b30c	8	42778575	42969342	71	0.0765
af915427-c598-40e8-86b8-a5087214b30c	8	42979456	43028711	22	-0.4909
af915427-c598-40e8-86b8-a5087214b30c	8	43031275	43132749	41	0.0684
af915427-c598-40e8-86b8-a5087214b30c	8	43135865	43457653	122	-0.3558
af915427-c598-40e8-86b8-a5087214b30c	8	43460045	48731868	1263	0.102
af915427-c598-40e8-86b8-a5087214b30c	8	48734743	48772436	20	-0.3847
af915427-c598-40e8-86b8-a5087214b30c	8	48777419	49437864	394	0.1101
af915427-c598-40e8-86b8-a5087214b30c	8	49438311	50095420	394	-0.4453
af915427-c598-40e8-86b8-a5087214b30c	8	50098184	50126859	37	-0.9931
af915427-c598-40e8-86b8-a5087214b30c	8	50127063	50318190	131	-1.4772
af915427-c598-40e8-86b8-a5087214b30c	8	50319136	50343138	16	-1.0592
af915427-c598-40e8-86b8-a5087214b30c	8	50345362	51307986	559	-0.4422
af915427-c598-40e8-86b8-a5087214b30c	8	51308708	51945340	422	-1.4783
af915427-c598-40e8-86b8-a5087214b30c	8	51949954	52081936	89	-0.4751
af915427-c598-40e8-86b8-a5087214b30c	8	52083275	52098714	17	-1.7677
af915427-c598-40e8-86b8-a5087214b30c	8	52099128	52256108	123	-0.5601
af915427-c598-40e8-86b8-a5087214b30c	8	52259682	52287994	23	-1.3438
af915427-c598-40e8-86b8-a5087214b30c	8	52290095	52426337	101	-0.4897
af915427-c598-40e8-86b8-a5087214b30c	8	52428538	52440393	9	-0.3204
af915427-c598-40e8-86b8-a5087214b30c	8	52441318	52539839	71	0.0988
af915427-c598-40e8-86b8-a5087214b30c	8	52540154	52598632	26	-0.5519
af915427-c598-40e8-86b8-a5087214b30c	8	52601145	74420588	13903	0.1081
af915427-c598-40e8-86b8-a5087214b30c	8	74421279	74854917	259	-0.4573
af915427-c598-40e8-86b8-a5087214b30c	8	74855179	75175054	196	0.1128
af915427-c598-40e8-86b8-a5087214b30c	8	75181321	75253351	39	-0.4006
af915427-c598-40e8-86b8-a5087214b30c	8	75256635	75887663	368	0.1325
af915427-c598-40e8-86b8-a5087214b30c	8	75890908	76070085	87	-0.4274
af915427-c598-40e8-86b8-a5087214b30c	8	76072053	76150465	49	0.2231
af915427-c598-40e8-86b8-a5087214b30c	8	76152110	76199746	30	-0.4057
af915427-c598-40e8-86b8-a5087214b30c	8	76201192	76365438	100	0.1579
af915427-c598-40e8-86b8-a5087214b30c	8	76370773	76689316	194	-0.4355
af915427-c598-40e8-86b8-a5087214b30c	8	76696106	76779492	51	0.1074
af915427-c598-40e8-86b8-a5087214b30c	8	76780649	76867411	51	-0.4695
af915427-c598-40e8-86b8-a5087214b30c	8	76868067	93156391	9341	0.1349
af915427-c598-40e8-86b8-a5087214b30c	8	93156748	95552011	1570	0.094
af915427-c598-40e8-86b8-a5087214b30c	8	95559934	95561611	6	-0.5285
af915427-c598-40e8-86b8-a5087214b30c	8	95561808	100970966	3207	0.1016
af915427-c598-40e8-86b8-a5087214b30c	8	100975963	100980289	6	-0.772
af915427-c598-40e8-86b8-a5087214b30c	8	100981353	101768364	634	0.0746
af915427-c598-40e8-86b8-a5087214b30c	8	101772404	102555690	477	0.1413
af915427-c598-40e8-86b8-a5087214b30c	8	102556372	103395865	564	0.4886
af915427-c598-40e8-86b8-a5087214b30c	8	103406425	104229952	408	0.1249
af915427-c598-40e8-86b8-a5087214b30c	8	104231525	106919232	1702	-0.4522
af915427-c598-40e8-86b8-a5087214b30c	8	106922734	113721738	3860	0.1422
af915427-c598-40e8-86b8-a5087214b30c	8	113722060	114832868	703	0.1962
af915427-c598-40e8-86b8-a5087214b30c	8	114833045	117250910	1530	0.1255
af915427-c598-40e8-86b8-a5087214b30c	8	117255667	117315876	55	-0.5023
af915427-c598-40e8-86b8-a5087214b30c	8	117316985	117719230	268	0.1146
af915427-c598-40e8-86b8-a5087214b30c	8	117724545	117832906	80	-0.4921
af915427-c598-40e8-86b8-a5087214b30c	8	117834148	118467097	517	0.1004
af915427-c598-40e8-86b8-a5087214b30c	8	118470597	118527081	52	-0.4373
af915427-c598-40e8-86b8-a5087214b30c	8	118528365	118610769	59	0.1411
af915427-c598-40e8-86b8-a5087214b30c	8	118614901	118617415	3	-0.4986
af915427-c598-40e8-86b8-a5087214b30c	8	118617919	118630064	7	0.1118
af915427-c598-40e8-86b8-a5087214b30c	8	118634408	118664516	22	-0.4311
af915427-c598-40e8-86b8-a5087214b30c	8	118666198	131789315	9202	0.1064
af915427-c598-40e8-86b8-a5087214b30c	8	131797989	131986441	120	0.5478
af915427-c598-40e8-86b8-a5087214b30c	8	131986465	133567795	1396	0.0776
af915427-c598-40e8-86b8-a5087214b30c	8	133569037	133573729	2	-1.0852
af915427-c598-40e8-86b8-a5087214b30c	8	133573987	134151194	537	0.1005
af915427-c598-40e8-86b8-a5087214b30c	8	134153529	134153529	2	-1.1575
af915427-c598-40e8-86b8-a5087214b30c	8	134153581	135975571	1382	0.0908
af915427-c598-40e8-86b8-a5087214b30c	8	135979503	135987941	8	-0.6892
af915427-c598-40e8-86b8-a5087214b30c	8	135991380	136774980	598	0.1186
af915427-c598-40e8-86b8-a5087214b30c	8	136779128	137007575	195	-0.3907
af915427-c598-40e8-86b8-a5087214b30c	8	137009965	137962855	781	0.1227
af915427-c598-40e8-86b8-a5087214b30c	8	137962985	140695109	2157	0.059
af915427-c598-40e8-86b8-a5087214b30c	8	140697394	142140841	889	0.1143
af915427-c598-40e8-86b8-a5087214b30c	8	142143283	142153456	4	-1.0736
af915427-c598-40e8-86b8-a5087214b30c	8	142154517	145072769	1063	0.0563
af915427-c598-40e8-86b8-a5087214b30c	9	46587	10193737	9799	0.1184
af915427-c598-40e8-86b8-a5087214b30c	9	10201885	10227202	26	-0.4308
af915427-c598-40e8-86b8-a5087214b30c	9	10227464	10706246	475	0.1762
af915427-c598-40e8-86b8-a5087214b30c	9	10716529	10749835	40	-0.4909
af915427-c598-40e8-86b8-a5087214b30c	9	10755356	12077080	983	0.1481
af915427-c598-40e8-86b8-a5087214b30c	9	12078174	12160469	64	-0.7804
af915427-c598-40e8-86b8-a5087214b30c	9	12164035	12297070	120	0.1193
af915427-c598-40e8-86b8-a5087214b30c	9	12299200	12358097	45	-0.4141
af915427-c598-40e8-86b8-a5087214b30c	9	12358766	12813920	329	0.1252
af915427-c598-40e8-86b8-a5087214b30c	9	12815776	14260139	1169	-0.488
af915427-c598-40e8-86b8-a5087214b30c	9	14260433	19570511	4561	0.0998
af915427-c598-40e8-86b8-a5087214b30c	9	19571888	32201268	9351	0.1301
af915427-c598-40e8-86b8-a5087214b30c	9	32203287	39134929	4171	0.072
af915427-c598-40e8-86b8-a5087214b30c	9	39135456	39588611	44	0.3261
af915427-c598-40e8-86b8-a5087214b30c	9	39747848	39833357	4	-1.2307
af915427-c598-40e8-86b8-a5087214b30c	9	39840169	42585140	139	-0.0379
af915427-c598-40e8-86b8-a5087214b30c	9	42697878	42720266	11	1.1288
af915427-c598-40e8-86b8-a5087214b30c	9	42726239	61405110	43	0.3145
af915427-c598-40e8-86b8-a5087214b30c	9	61520021	61629689	28	0.7599
af915427-c598-40e8-86b8-a5087214b30c	9	61633080	63580418	40	0.2165
af915427-c598-40e8-86b8-a5087214b30c	9	63590317	63592813	7	2.7142
af915427-c598-40e8-86b8-a5087214b30c	9	63614182	81143733	9545	0.1082
af915427-c598-40e8-86b8-a5087214b30c	9	81147335	81151262	5	-0.783
af915427-c598-40e8-86b8-a5087214b30c	9	81153617	83625562	1620	0.103
af915427-c598-40e8-86b8-a5087214b30c	9	83625869	96914450	9181	0.0814
af915427-c598-40e8-86b8-a5087214b30c	9	96923353	96927058	3	-1.1448
af915427-c598-40e8-86b8-a5087214b30c	9	96943417	100920623	2478	0.0882
af915427-c598-40e8-86b8-a5087214b30c	9	100921513	102169373	971	0.1073
af915427-c598-40e8-86b8-a5087214b30c	9	102175831	104631536	1826	0.1531
af915427-c598-40e8-86b8-a5087214b30c	9	104631626	108298641	2758	0.1043
af915427-c598-40e8-86b8-a5087214b30c	9	108300235	108302521	9	-0.9236
af915427-c598-40e8-86b8-a5087214b30c	9	108304801	122877777	11124	0.0963
af915427-c598-40e8-86b8-a5087214b30c	9	122880408	138025172	8390	0.0561
af915427-c598-40e8-86b8-a5087214b30c	9	138026263	138200944	132	0.1868
af915427-c598-40e8-86b8-a5087214b30c	10	45792	5244637	4485	0.0997
af915427-c598-40e8-86b8-a5087214b30c	10	5244952	5245125	2	-1.3323
af915427-c598-40e8-86b8-a5087214b30c	10	5252228	8720232	3057	0.0808
af915427-c598-40e8-86b8-a5087214b30c	10	8721299	11210632	2074	0.1268
af915427-c598-40e8-86b8-a5087214b30c	10	11211066	18734731	5905	0.0815
af915427-c598-40e8-86b8-a5087214b30c	10	18735694	20885895	1773	0.1242
af915427-c598-40e8-86b8-a5087214b30c	10	20888358	24086334	1898	0.0948
af915427-c598-40e8-86b8-a5087214b30c	10	24088745	24089125	11	0.8951
af915427-c598-40e8-86b8-a5087214b30c	10	24089979	35304025	7870	0.0932
af915427-c598-40e8-86b8-a5087214b30c	10	35305163	35351210	20	-0.4101
af915427-c598-40e8-86b8-a5087214b30c	10	35355900	36190981	591	0.0891
af915427-c598-40e8-86b8-a5087214b30c	10	36192661	36205880	14	-0.3762
af915427-c598-40e8-86b8-a5087214b30c	10	36206567	36691746	346	0.0613
af915427-c598-40e8-86b8-a5087214b30c	10	36695111	36761852	47	-0.5044
af915427-c598-40e8-86b8-a5087214b30c	10	36765169	36770603	9	0.0926
af915427-c598-40e8-86b8-a5087214b30c	10	36770928	36816674	35	-0.5737
af915427-c598-40e8-86b8-a5087214b30c	10	36819254	37273915	238	0.1329
af915427-c598-40e8-86b8-a5087214b30c	10	37276059	37280985	3	-0.345
af915427-c598-40e8-86b8-a5087214b30c	10	37284056	37301911	14	-1.5548
af915427-c598-40e8-86b8-a5087214b30c	10	37303073	37444453	76	-0.4497
af915427-c598-40e8-86b8-a5087214b30c	10	37446358	37951238	310	0.0739
af915427-c598-40e8-86b8-a5087214b30c	10	37951651	38001645	30	-0.5347
af915427-c598-40e8-86b8-a5087214b30c	10	38002333	42723104	539	0.0871
af915427-c598-40e8-86b8-a5087214b30c	10	42724837	42743875	17	-0.5956
af915427-c598-40e8-86b8-a5087214b30c	10	42744385	50995060	4568	0.099
af915427-c598-40e8-86b8-a5087214b30c	10	50995277	52129377	958	-0.4341
af915427-c598-40e8-86b8-a5087214b30c	10	52129649	54745022	2049	0.1358
af915427-c598-40e8-86b8-a5087214b30c	10	54757650	54936308	119	0.6572
af915427-c598-40e8-86b8-a5087214b30c	10	54942002	57083896	1491	0.1534
af915427-c598-40e8-86b8-a5087214b30c	10	57086554	57090128	8	-0.8284
af915427-c598-40e8-86b8-a5087214b30c	10	57094024	65580420	5900	0.1245
af915427-c598-40e8-86b8-a5087214b30c	10	65581336	65627232	50	-0.2759
af915427-c598-40e8-86b8-a5087214b30c	10	65634079	67671283	1437	0.1425
af915427-c598-40e8-86b8-a5087214b30c	10	67674059	69515737	1039	0.0598
af915427-c598-40e8-86b8-a5087214b30c	10	69522716	69523086	5	-1.8611
af915427-c598-40e8-86b8-a5087214b30c	10	69531858	87669867	12041	0.0941
af915427-c598-40e8-86b8-a5087214b30c	10	87671159	87866697	145	-0.4546
af915427-c598-40e8-86b8-a5087214b30c	10	87866712	87872765	28	-1.0713
af915427-c598-40e8-86b8-a5087214b30c	10	87881541	91161863	2523	-0.4511
af915427-c598-40e8-86b8-a5087214b30c	10	91165442	91374447	135	0.1337
af915427-c598-40e8-86b8-a5087214b30c	10	91375827	91451235	23	-0.4623
af915427-c598-40e8-86b8-a5087214b30c	10	91451450	91890365	236	0.085
af915427-c598-40e8-86b8-a5087214b30c	10	91891030	91949727	22	-0.4255
af915427-c598-40e8-86b8-a5087214b30c	10	91953606	96620380	2835	0.0888
af915427-c598-40e8-86b8-a5087214b30c	10	96620622	96620787	2	-1.2886
af915427-c598-40e8-86b8-a5087214b30c	10	96621434	103868358	4049	0.0723
af915427-c598-40e8-86b8-a5087214b30c	10	103870754	106772866	2158	0.1188
af915427-c598-40e8-86b8-a5087214b30c	10	106773019	106966106	149	0.0544
af915427-c598-40e8-86b8-a5087214b30c	10	106969606	107223680	198	-0.4693
af915427-c598-40e8-86b8-a5087214b30c	10	107225901	109209503	1504	0.1359
af915427-c598-40e8-86b8-a5087214b30c	10	109211677	109265427	55	-0.5149
af915427-c598-40e8-86b8-a5087214b30c	10	109268937	118988422	6737	0.1045
af915427-c598-40e8-86b8-a5087214b30c	10	118989675	130392365	8767	0.0714
af915427-c598-40e8-86b8-a5087214b30c	10	130392498	130911046	499	0.1248
af915427-c598-40e8-86b8-a5087214b30c	10	130911203	130919820	13	-0.4099
af915427-c598-40e8-86b8-a5087214b30c	10	130922517	131435783	428	0.0705
af915427-c598-40e8-86b8-a5087214b30c	10	131436288	131826011	281	0.1758
af915427-c598-40e8-86b8-a5087214b30c	10	131826379	133654968	839	0.0608
af915427-c598-40e8-86b8-a5087214b30c	11	198510	4217824	1737	0.0625
af915427-c598-40e8-86b8-a5087214b30c	11	4228783	4314648	25	-0.5133
af915427-c598-40e8-86b8-a5087214b30c	11	4314837	5186788	875	0.1103
af915427-c598-40e8-86b8-a5087214b30c	11	5186944	5187269	4	0.8199
af915427-c598-40e8-86b8-a5087214b30c	11	5188140	5500921	346	0.1106
af915427-c598-40e8-86b8-a5087214b30c	11	5500945	5501334	5	-0.6637
af915427-c598-40e8-86b8-a5087214b30c	11	5502363	5762693	239	0.1172
af915427-c598-40e8-86b8-a5087214b30c	11	5766175	5788108	34	-0.1603
af915427-c598-40e8-86b8-a5087214b30c	11	5788231	5862087	75	0.093
af915427-c598-40e8-86b8-a5087214b30c	11	5864481	5914280	36	1.08
af915427-c598-40e8-86b8-a5087214b30c	11	5922193	18919323	9299	0.0897
af915427-c598-40e8-86b8-a5087214b30c	11	18927525	18949201	49	0.5182
af915427-c598-40e8-86b8-a5087214b30c	11	18949628	44224109	18170	0.1092
af915427-c598-40e8-86b8-a5087214b30c	11	44224949	47965442	2101	0.0637
af915427-c598-40e8-86b8-a5087214b30c	11	47968504	48684291	355	0.1503
af915427-c598-40e8-86b8-a5087214b30c	11	48688176	48692523	8	-0.5567
af915427-c598-40e8-86b8-a5087214b30c	11	48700204	48769617	29	0.2286
af915427-c598-40e8-86b8-a5087214b30c	11	48769964	48871667	18	0.5633
af915427-c598-40e8-86b8-a5087214b30c	11	48892092	49737435	355	0.1345
af915427-c598-40e8-86b8-a5087214b30c	11	49738003	49739136	6	-0.649
af915427-c598-40e8-86b8-a5087214b30c	11	49744609	54555109	352	0.1318
af915427-c598-40e8-86b8-a5087214b30c	11	54555644	54743970	83	0.7436
af915427-c598-40e8-86b8-a5087214b30c	11	54762035	54766290	3	1.9219
af915427-c598-40e8-86b8-a5087214b30c	11	54782119	55198132	79	0.7209
af915427-c598-40e8-86b8-a5087214b30c	11	55202385	55266799	12	-0.3764
af915427-c598-40e8-86b8-a5087214b30c	11	55268996	55595864	194	0.1677
af915427-c598-40e8-86b8-a5087214b30c	11	55606556	55686100	60	0.5906
af915427-c598-40e8-86b8-a5087214b30c	11	55693207	56989413	877	0.1539
af915427-c598-40e8-86b8-a5087214b30c	11	56992423	60461274	2062	0.0982
af915427-c598-40e8-86b8-a5087214b30c	11	60461318	60463593	10	-0.4587
af915427-c598-40e8-86b8-a5087214b30c	11	60464342	69591857	4207	0.0781
af915427-c598-40e8-86b8-a5087214b30c	11	69596735	70520939	496	0.4349
af915427-c598-40e8-86b8-a5087214b30c	11	70524002	73709393	1582	0.0718
af915427-c598-40e8-86b8-a5087214b30c	11	73710334	73715725	4	-0.7975
af915427-c598-40e8-86b8-a5087214b30c	11	73717747	80256469	4021	0.0839
af915427-c598-40e8-86b8-a5087214b30c	11	80256504	80256520	2	-2.3218
af915427-c598-40e8-86b8-a5087214b30c	11	80256642	86594619	4496	0.1234
af915427-c598-40e8-86b8-a5087214b30c	11	86594771	86595012	5	-0.9036
af915427-c598-40e8-86b8-a5087214b30c	11	86604132	89768798	2095	0.1184
af915427-c598-40e8-86b8-a5087214b30c	11	89796439	89834373	9	-1.9295
af915427-c598-40e8-86b8-a5087214b30c	11	89847184	93964792	2809	0.1188
af915427-c598-40e8-86b8-a5087214b30c	11	93964894	93968422	7	-0.8533
af915427-c598-40e8-86b8-a5087214b30c	11	93971294	96048882	1481	0.1248
af915427-c598-40e8-86b8-a5087214b30c	11	96050522	96050891	2	-1.9451
af915427-c598-40e8-86b8-a5087214b30c	11	96051280	101723653	4390	0.1338
af915427-c598-40e8-86b8-a5087214b30c	11	101727129	101727233	4	2.2761
af915427-c598-40e8-86b8-a5087214b30c	11	101727481	102087217	224	0.1123
af915427-c598-40e8-86b8-a5087214b30c	11	102089241	102095680	3	-0.9623
af915427-c598-40e8-86b8-a5087214b30c	11	102098912	110256449	5334	0.125
af915427-c598-40e8-86b8-a5087214b30c	11	110256559	120296348	7013	0.0789
af915427-c598-40e8-86b8-a5087214b30c	11	120299321	120299812	2	-1.3288
af915427-c598-40e8-86b8-a5087214b30c	11	120300206	134622790	10765	0.0857
af915427-c598-40e8-86b8-a5087214b30c	11	134623144	135074876	379	0.1428
af915427-c598-40e8-86b8-a5087214b30c	12	51460	756804	416	0.0856
af915427-c598-40e8-86b8-a5087214b30c	12	759943	764863	18	-0.6864
af915427-c598-40e8-86b8-a5087214b30c	12	766188	9481274	5740	0.0768
af915427-c598-40e8-86b8-a5087214b30c	12	9485313	9575696	23	-1.6291
af915427-c598-40e8-86b8-a5087214b30c	12	9582373	10093653	405	0.1425
af915427-c598-40e8-86b8-a5087214b30c	12	10096499	10111742	10	-0.5544
af915427-c598-40e8-86b8-a5087214b30c	12	10112618	11062773	619	0.1393
af915427-c598-40e8-86b8-a5087214b30c	12	11064250	11104230	14	0.779
af915427-c598-40e8-86b8-a5087214b30c	12	11107676	30693626	13832	0.1133
af915427-c598-40e8-86b8-a5087214b30c	12	30693695	33087642	1652	0.072
af915427-c598-40e8-86b8-a5087214b30c	12	33088835	42326971	3715	0.1334
af915427-c598-40e8-86b8-a5087214b30c	12	42327023	42327142	2	-1.3147
af915427-c598-40e8-86b8-a5087214b30c	12	42327368	42787537	309	0.0948
af915427-c598-40e8-86b8-a5087214b30c	12	42790168	42822560	26	-0.5439
af915427-c598-40e8-86b8-a5087214b30c	12	42822741	45506042	1614	0.1257
af915427-c598-40e8-86b8-a5087214b30c	12	45510655	45515754	4	1.4831
af915427-c598-40e8-86b8-a5087214b30c	12	45519509	48680566	1942	0.1121
af915427-c598-40e8-86b8-a5087214b30c	12	48682028	54541907	3150	0.0597
af915427-c598-40e8-86b8-a5087214b30c	12	54542743	57124882	1478	0.1023
af915427-c598-40e8-86b8-a5087214b30c	12	57126948	57141483	6	-0.5491
af915427-c598-40e8-86b8-a5087214b30c	12	57143650	59260119	1381	0.0905
af915427-c598-40e8-86b8-a5087214b30c	12	59261597	62405408	1863	0.1414
af915427-c598-40e8-86b8-a5087214b30c	12	62405422	64768663	1450	0.087
af915427-c598-40e8-86b8-a5087214b30c	12	64783004	64856455	35	-0.4325
af915427-c598-40e8-86b8-a5087214b30c	12	64856963	65227889	225	0.083
af915427-c598-40e8-86b8-a5087214b30c	12	65241884	65262154	9	-0.4126
af915427-c598-40e8-86b8-a5087214b30c	12	65271195	65641613	210	0.1224
af915427-c598-40e8-86b8-a5087214b30c	12	65649641	65664890	12	-0.3963
af915427-c598-40e8-86b8-a5087214b30c	12	65666177	74300436	5724	0.1172
af915427-c598-40e8-86b8-a5087214b30c	12	74301644	74320010	13	-0.3046
af915427-c598-40e8-86b8-a5087214b30c	12	74324776	86475874	7683	0.129
af915427-c598-40e8-86b8-a5087214b30c	12	86479785	86752107	124	-0.4221
af915427-c598-40e8-86b8-a5087214b30c	12	86756322	87340887	312	0.1368
af915427-c598-40e8-86b8-a5087214b30c	12	87341626	87370082	34	-0.355
af915427-c598-40e8-86b8-a5087214b30c	12	87376690	87448148	74	0.1238
af915427-c598-40e8-86b8-a5087214b30c	12	87452639	87470573	13	-0.1517
af915427-c598-40e8-86b8-a5087214b30c	12	87471542	87620749	80	0.152
af915427-c598-40e8-86b8-a5087214b30c	12	87621409	87669639	24	-0.4248
af915427-c598-40e8-86b8-a5087214b30c	12	87678167	90089573	1398	0.1333
af915427-c598-40e8-86b8-a5087214b30c	12	90097892	90098297	7	-1.1585
af915427-c598-40e8-86b8-a5087214b30c	12	90099780	92266983	1461	0.1418
af915427-c598-40e8-86b8-a5087214b30c	12	92267921	109343610	11759	0.0964
af915427-c598-40e8-86b8-a5087214b30c	12	109345885	109379581	26	0.2249
af915427-c598-40e8-86b8-a5087214b30c	12	109382352	113819403	2451	0.0553
af915427-c598-40e8-86b8-a5087214b30c	12	113819629	114265851	442	0.138
af915427-c598-40e8-86b8-a5087214b30c	12	114267781	125912599	7434	0.0658
af915427-c598-40e8-86b8-a5087214b30c	12	125915074	127089515	1075	0.0984
af915427-c598-40e8-86b8-a5087214b30c	12	127091148	127100871	4	-0.9623
af915427-c598-40e8-86b8-a5087214b30c	12	127100965	129384752	2063	0.094
af915427-c598-40e8-86b8-a5087214b30c	12	129390231	129390525	2	-1.2935
af915427-c598-40e8-86b8-a5087214b30c	12	129391468	130480173	989	0.1231
af915427-c598-40e8-86b8-a5087214b30c	12	130483301	130487165	2	1.8113
af915427-c598-40e8-86b8-a5087214b30c	12	130488644	133201603	1494	0.0725
af915427-c598-40e8-86b8-a5087214b30c	13	18452809	23052424	2850	0.1054
af915427-c598-40e8-86b8-a5087214b30c	13	23052545	23064056	19	0.4818
af915427-c598-40e8-86b8-a5087214b30c	13	23064071	23568728	391	0.0932
af915427-c598-40e8-86b8-a5087214b30c	13	23574154	23582625	2	-1.4111
af915427-c598-40e8-86b8-a5087214b30c	13	23582626	24534177	815	0.11
af915427-c598-40e8-86b8-a5087214b30c	13	24534593	24537271	2	-1.225
af915427-c598-40e8-86b8-a5087214b30c	13	24538238	37894074	9742	0.0955
af915427-c598-40e8-86b8-a5087214b30c	13	37894854	38136123	142	-0.4464
af915427-c598-40e8-86b8-a5087214b30c	13	38137752	38478674	238	0.1236
af915427-c598-40e8-86b8-a5087214b30c	13	38483435	38483919	2	1.2369
af915427-c598-40e8-86b8-a5087214b30c	13	38490920	38495752	8	0.1428
af915427-c598-40e8-86b8-a5087214b30c	13	38508139	38511023	3	0.6588
af915427-c598-40e8-86b8-a5087214b30c	13	38511113	38697941	137	0.1278
af915427-c598-40e8-86b8-a5087214b30c	13	38700719	52920115	9249	-0.4579
af915427-c598-40e8-86b8-a5087214b30c	13	52926368	52926443	2	-2.3731
af915427-c598-40e8-86b8-a5087214b30c	13	52927065	57176962	2411	-0.437
af915427-c598-40e8-86b8-a5087214b30c	13	57184136	57204246	34	-2.2849
af915427-c598-40e8-86b8-a5087214b30c	13	57215580	58297687	594	-0.4265
af915427-c598-40e8-86b8-a5087214b30c	13	58298943	64433006	3664	0.1343
af915427-c598-40e8-86b8-a5087214b30c	13	64441153	64449205	9	-0.5025
af915427-c598-40e8-86b8-a5087214b30c	13	64450248	66438344	1221	0.1471
af915427-c598-40e8-86b8-a5087214b30c	13	66440294	66440836	3	-0.7618
af915427-c598-40e8-86b8-a5087214b30c	13	66444423	71902850	3499	0.1447
af915427-c598-40e8-86b8-a5087214b30c	13	71903417	71906418	4	1.0368
af915427-c598-40e8-86b8-a5087214b30c	13	71906467	82590399	7278	0.1216
af915427-c598-40e8-86b8-a5087214b30c	13	82594832	82596543	2	-4.0706
af915427-c598-40e8-86b8-a5087214b30c	13	82598520	85848162	2135	0.1418
af915427-c598-40e8-86b8-a5087214b30c	13	85851269	85889491	17	-0.5301
af915427-c598-40e8-86b8-a5087214b30c	13	85892745	86819643	505	0.1403
af915427-c598-40e8-86b8-a5087214b30c	13	86822502	87744972	480	-0.4254
af915427-c598-40e8-86b8-a5087214b30c	13	87747301	87806666	28	0.0538
af915427-c598-40e8-86b8-a5087214b30c	13	87807347	87827721	15	-0.4726
af915427-c598-40e8-86b8-a5087214b30c	13	87832612	87931120	54	0.1642
af915427-c598-40e8-86b8-a5087214b30c	13	87934659	88073147	80	-0.4265
af915427-c598-40e8-86b8-a5087214b30c	13	88078247	88410271	181	0.1758
af915427-c598-40e8-86b8-a5087214b30c	13	88410926	88453500	26	-0.4507
af915427-c598-40e8-86b8-a5087214b30c	13	88456492	89144598	428	0.1248
af915427-c598-40e8-86b8-a5087214b30c	13	89149960	89187161	22	-0.9515
af915427-c598-40e8-86b8-a5087214b30c	13	89193701	89486434	156	0.1178
af915427-c598-40e8-86b8-a5087214b30c	13	89487089	90007808	384	-0.441
af915427-c598-40e8-86b8-a5087214b30c	13	90026095	90026419	2	-1.6378
af915427-c598-40e8-86b8-a5087214b30c	13	90026559	91527586	931	-0.4516
af915427-c598-40e8-86b8-a5087214b30c	13	91535029	91567106	29	0.0903
af915427-c598-40e8-86b8-a5087214b30c	13	91567743	91700197	92	-0.4969
af915427-c598-40e8-86b8-a5087214b30c	13	91706667	91798312	74	0.1303
af915427-c598-40e8-86b8-a5087214b30c	13	91799706	91830323	22	-0.3659
af915427-c598-40e8-86b8-a5087214b30c	13	91838352	91878937	30	0.1323
af915427-c598-40e8-86b8-a5087214b30c	13	91883138	91941563	40	-0.3725
af915427-c598-40e8-86b8-a5087214b30c	13	91941729	94442144	1777	0.1319
af915427-c598-40e8-86b8-a5087214b30c	13	94445455	100774695	4076	0.0793
af915427-c598-40e8-86b8-a5087214b30c	13	100778505	106730287	4953	0.1233
af915427-c598-40e8-86b8-a5087214b30c	13	106731890	106732362	2	1.4138
af915427-c598-40e8-86b8-a5087214b30c	13	106732887	110103324	2700	0.1093
af915427-c598-40e8-86b8-a5087214b30c	13	110105985	113540727	2273	0.0502
af915427-c598-40e8-86b8-a5087214b30c	13	113544488	114342922	299	0.1091
af915427-c598-40e8-86b8-a5087214b30c	14	18239283	19140829	36	0.3188
af915427-c598-40e8-86b8-a5087214b30c	14	19143599	19294457	10	-0.4292
af915427-c598-40e8-86b8-a5087214b30c	14	19294475	19380699	5	-1.4302
af915427-c598-40e8-86b8-a5087214b30c	14	19383592	19955213	116	-0.3936
af915427-c598-40e8-86b8-a5087214b30c	14	19956767	21786819	1209	0.1072
af915427-c598-40e8-86b8-a5087214b30c	14	21786874	22509094	653	0.2438
af915427-c598-40e8-86b8-a5087214b30c	14	22509114	26314697	2477	0.1007
af915427-c598-40e8-86b8-a5087214b30c	14	26314707	26314712	6	0.8646
af915427-c598-40e8-86b8-a5087214b30c	14	26315707	29604349	1883	0.14
af915427-c598-40e8-86b8-a5087214b30c	14	29611385	39806622	6469	0.1016
af915427-c598-40e8-86b8-a5087214b30c	14	39808104	47618211	4697	0.1496
af915427-c598-40e8-86b8-a5087214b30c	14	47621076	47647692	17	-0.465
af915427-c598-40e8-86b8-a5087214b30c	14	47650459	49106750	847	0.1417
af915427-c598-40e8-86b8-a5087214b30c	14	49106779	65263803	10689	0.0993
af915427-c598-40e8-86b8-a5087214b30c	14	65267773	65275718	10	0.7688
af915427-c598-40e8-86b8-a5087214b30c	14	65282412	73540003	5118	0.0986
af915427-c598-40e8-86b8-a5087214b30c	14	73540147	73563196	8	-1.608
af915427-c598-40e8-86b8-a5087214b30c	14	73563211	79287315	3804	0.0774
af915427-c598-40e8-86b8-a5087214b30c	14	79292908	88165068	5891	0.1232
af915427-c598-40e8-86b8-a5087214b30c	14	88167364	105544971	10950	0.0702
af915427-c598-40e8-86b8-a5087214b30c	14	105563300	105613310	6	-1.135
af915427-c598-40e8-86b8-a5087214b30c	14	105616252	106321086	223	0.1533
af915427-c598-40e8-86b8-a5087214b30c	14	106340102	106365807	11	-1.0717
af915427-c598-40e8-86b8-a5087214b30c	14	106369985	106877229	270	0.1955
af915427-c598-40e8-86b8-a5087214b30c	15	19811075	20206395	58	0.0321
af915427-c598-40e8-86b8-a5087214b30c	15	20206773	22294578	144	0.5482
af915427-c598-40e8-86b8-a5087214b30c	15	22294951	24240681	926	0.135
af915427-c598-40e8-86b8-a5087214b30c	15	24247869	24263561	8	-0.8164
af915427-c598-40e8-86b8-a5087214b30c	15	24266888	24339849	35	0.0663
af915427-c598-40e8-86b8-a5087214b30c	15	24344508	24485848	65	0.3703
af915427-c598-40e8-86b8-a5087214b30c	15	24486725	32212063	4678	0.1157
af915427-c598-40e8-86b8-a5087214b30c	15	32217691	32220019	8	-1.169
af915427-c598-40e8-86b8-a5087214b30c	15	32239115	32283641	5	-0.0329
af915427-c598-40e8-86b8-a5087214b30c	15	32285940	32356531	6	-0.6867
af915427-c598-40e8-86b8-a5087214b30c	15	32363170	34379885	1496	0.0481
af915427-c598-40e8-86b8-a5087214b30c	15	34386576	34526116	67	0.7021
af915427-c598-40e8-86b8-a5087214b30c	15	34570058	34652329	64	0.1211
af915427-c598-40e8-86b8-a5087214b30c	15	34656918	34662718	4	-0.8065
af915427-c598-40e8-86b8-a5087214b30c	15	34663018	36637939	1419	0.0603
af915427-c598-40e8-86b8-a5087214b30c	15	36640982	38155336	1010	-0.1159
af915427-c598-40e8-86b8-a5087214b30c	15	38157540	38199409	36	-1.3943
af915427-c598-40e8-86b8-a5087214b30c	15	38201874	56498657	11109	-0.128
af915427-c598-40e8-86b8-a5087214b30c	15	56498682	56498877	5	-0.985
af915427-c598-40e8-86b8-a5087214b30c	15	56498896	56499805	10	-0.2237
af915427-c598-40e8-86b8-a5087214b30c	15	56499826	56508779	6	-0.8606
af915427-c598-40e8-86b8-a5087214b30c	15	56509425	76586021	12755	-0.147
af915427-c598-40e8-86b8-a5087214b30c	15	76598900	76603434	22	0.8759
af915427-c598-40e8-86b8-a5087214b30c	15	76609838	83871986	4414	-0.1539
af915427-c598-40e8-86b8-a5087214b30c	15	83874133	83878795	7	-1.1239
af915427-c598-40e8-86b8-a5087214b30c	15	83879115	101859346	13174	-0.141
af915427-c598-40e8-86b8-a5087214b30c	15	101859834	101928837	14	0.4226
af915427-c598-40e8-86b8-a5087214b30c	16	10777	6723807	4042	0.066
af915427-c598-40e8-86b8-a5087214b30c	16	6724492	6760811	81	0.2691
af915427-c598-40e8-86b8-a5087214b30c	16	6761304	7013561	263	0.0761
af915427-c598-40e8-86b8-a5087214b30c	16	7013774	7031961	38	-0.873
af915427-c598-40e8-86b8-a5087214b30c	16	7033036	7164559	185	0.2065
af915427-c598-40e8-86b8-a5087214b30c	16	7165378	14895982	6509	0.0762
af915427-c598-40e8-86b8-a5087214b30c	16	14954911	14991827	41	-0.5448
af915427-c598-40e8-86b8-a5087214b30c	16	14993314	16539715	610	0.0853
af915427-c598-40e8-86b8-a5087214b30c	16	16541191	16558842	4	-1.0895
af915427-c598-40e8-86b8-a5087214b30c	16	16563118	17313495	450	0.1417
af915427-c598-40e8-86b8-a5087214b30c	16	17314390	17317850	7	-0.8853
af915427-c598-40e8-86b8-a5087214b30c	16	17318531	20465821	1655	0.0975
af915427-c598-40e8-86b8-a5087214b30c	16	20467276	20467360	3	-0.9316
af915427-c598-40e8-86b8-a5087214b30c	16	20467384	20476786	11	-0.0305
af915427-c598-40e8-86b8-a5087214b30c	16	20477047	20562099	53	0.312
af915427-c598-40e8-86b8-a5087214b30c	16	20564655	21368130	442	0.0855
af915427-c598-40e8-86b8-a5087214b30c	16	21401082	21509217	4	-0.7129
af915427-c598-40e8-86b8-a5087214b30c	16	21521901	22719033	470	0.1667
af915427-c598-40e8-86b8-a5087214b30c	16	22719118	32000050	5098	0.0712
af915427-c598-40e8-86b8-a5087214b30c	16	32000528	35910712	502	0.178
af915427-c598-40e8-86b8-a5087214b30c	16	35911977	55761136	6471	0.0795
af915427-c598-40e8-86b8-a5087214b30c	16	55762477	55782793	19	-0.6632
af915427-c598-40e8-86b8-a5087214b30c	16	55788057	55808470	5	-0.1063
af915427-c598-40e8-86b8-a5087214b30c	16	55808544	55824881	11	0.6551
af915427-c598-40e8-86b8-a5087214b30c	16	55834527	59388189	2200	0.0714
af915427-c598-40e8-86b8-a5087214b30c	16	59389865	65753572	4269	0.1221
af915427-c598-40e8-86b8-a5087214b30c	16	65753761	75895816	5424	0.0618
af915427-c598-40e8-86b8-a5087214b30c	16	75899330	77204060	1148	0.1164
af915427-c598-40e8-86b8-a5087214b30c	16	77204147	78337711	1224	0.0658
af915427-c598-40e8-86b8-a5087214b30c	16	78338543	78350868	17	1.3607
af915427-c598-40e8-86b8-a5087214b30c	16	78351104	84919326	7158	0.0876
af915427-c598-40e8-86b8-a5087214b30c	16	84919337	88076816	2616	0.0438
af915427-c598-40e8-86b8-a5087214b30c	16	88080057	88081232	3	-1.2045
af915427-c598-40e8-86b8-a5087214b30c	16	88081785	90096867	836	0.0845
af915427-c598-40e8-86b8-a5087214b30c	17	150733	14105748	8822	0.0681
af915427-c598-40e8-86b8-a5087214b30c	17	14105795	15870840	1246	0.1368
af915427-c598-40e8-86b8-a5087214b30c	17	15873871	16759600	407	0.0605
af915427-c598-40e8-86b8-a5087214b30c	17	16759737	16819487	8	-0.6559
af915427-c598-40e8-86b8-a5087214b30c	17	16834846	18414080	909	0.0603
af915427-c598-40e8-86b8-a5087214b30c	17	18452078	18561907	27	0.8049
af915427-c598-40e8-86b8-a5087214b30c	17	18565883	20284861	753	0.0657
af915427-c598-40e8-86b8-a5087214b30c	17	20287972	20291123	2	1.0874
af915427-c598-40e8-86b8-a5087214b30c	17	20291210	20426903	32	0.1438
af915427-c598-40e8-86b8-a5087214b30c	17	20461009	20488847	12	0.7092
af915427-c598-40e8-86b8-a5087214b30c	17	20530272	21399126	365	0.0492
af915427-c598-40e8-86b8-a5087214b30c	17	21399695	22719870	307	0.1981
af915427-c598-40e8-86b8-a5087214b30c	17	22720241	33826661	3707	0.0822
af915427-c598-40e8-86b8-a5087214b30c	17	33826980	34382879	498	0.1743
af915427-c598-40e8-86b8-a5087214b30c	17	34383001	41258395	3715	0.0797
af915427-c598-40e8-86b8-a5087214b30c	17	41262120	41274279	27	0.8118
af915427-c598-40e8-86b8-a5087214b30c	17	41276472	46130967	2532	0.0723
af915427-c598-40e8-86b8-a5087214b30c	17	46131308	46284643	90	-0.1852
af915427-c598-40e8-86b8-a5087214b30c	17	46284997	46351954	4	0.2208
af915427-c598-40e8-86b8-a5087214b30c	17	46446345	46446360	2	2.1063
af915427-c598-40e8-86b8-a5087214b30c	17	46569894	83091923	21574	0.0817
af915427-c598-40e8-86b8-a5087214b30c	18	48133	122470	13	-0.1849
af915427-c598-40e8-86b8-a5087214b30c	18	136240	2121346	1494	0.1257
af915427-c598-40e8-86b8-a5087214b30c	18	2124530	27250047	12707	0.0876
af915427-c598-40e8-86b8-a5087214b30c	18	27250153	30184800	1777	0.1458
af915427-c598-40e8-86b8-a5087214b30c	18	30186720	30207298	10	-0.4084
af915427-c598-40e8-86b8-a5087214b30c	18	30210240	30776504	362	0.1352
af915427-c598-40e8-86b8-a5087214b30c	18	30784801	30804759	23	-0.4593
af915427-c598-40e8-86b8-a5087214b30c	18	30805332	38074609	4709	0.1017
af915427-c598-40e8-86b8-a5087214b30c	18	38075391	41480507	2242	0.1357
af915427-c598-40e8-86b8-a5087214b30c	18	41481940	41488298	5	-0.5914
af915427-c598-40e8-86b8-a5087214b30c	18	41494281	44280147	1779	0.1255
af915427-c598-40e8-86b8-a5087214b30c	18	44282122	50219752	4107	0.0844
af915427-c598-40e8-86b8-a5087214b30c	18	50220064	50227121	10	-0.4299
af915427-c598-40e8-86b8-a5087214b30c	18	50229168	50274051	22	0.016
af915427-c598-40e8-86b8-a5087214b30c	18	50278924	51362636	844	-0.3627
af915427-c598-40e8-86b8-a5087214b30c	18	51366478	52711923	974	0.1156
af915427-c598-40e8-86b8-a5087214b30c	18	52713267	53754286	714	-0.324
af915427-c598-40e8-86b8-a5087214b30c	18	53755385	54038334	196	0.0989
af915427-c598-40e8-86b8-a5087214b30c	18	54046172	54514317	260	0.489
af915427-c598-40e8-86b8-a5087214b30c	18	54516757	54738082	121	0.0755
af915427-c598-40e8-86b8-a5087214b30c	18	54739523	56828689	1273	-0.3494
af915427-c598-40e8-86b8-a5087214b30c	18	56829100	56888458	37	0.1968
af915427-c598-40e8-86b8-a5087214b30c	18	56895128	59982306	2322	-0.3657
af915427-c598-40e8-86b8-a5087214b30c	18	59984989	61490358	1084	-0.2864
af915427-c598-40e8-86b8-a5087214b30c	18	61490531	64392260	2088	-0.3467
af915427-c598-40e8-86b8-a5087214b30c	18	64392816	66050015	1114	-0.2829
af915427-c598-40e8-86b8-a5087214b30c	18	66050285	66061104	15	0.1305
af915427-c598-40e8-86b8-a5087214b30c	18	66065502	67285633	816	-0.2951
af915427-c598-40e8-86b8-a5087214b30c	18	67285935	67292086	6	-0.6222
af915427-c598-40e8-86b8-a5087214b30c	18	67292135	67292676	3	-1.7034
af915427-c598-40e8-86b8-a5087214b30c	18	67293377	69079007	1392	-0.3167
af915427-c598-40e8-86b8-a5087214b30c	18	69079033	69086089	36	-1.7714
af915427-c598-40e8-86b8-a5087214b30c	18	69090459	70651912	1092	-0.3458
af915427-c598-40e8-86b8-a5087214b30c	18	70652560	71421456	510	-0.3007
af915427-c598-40e8-86b8-a5087214b30c	18	71424091	71425059	2	-2.065
af915427-c598-40e8-86b8-a5087214b30c	18	71425397	73492612	1637	-0.3
af915427-c598-40e8-86b8-a5087214b30c	18	73492748	77412740	3113	-0.3738
af915427-c598-40e8-86b8-a5087214b30c	18	77412766	77990854	471	-0.5028
af915427-c598-40e8-86b8-a5087214b30c	18	77994862	80257174	1338	-0.3678
af915427-c598-40e8-86b8-a5087214b30c	19	90910	5506648	1593	0.0436
af915427-c598-40e8-86b8-a5087214b30c	19	5510228	5510642	3	-2.5974
af915427-c598-40e8-86b8-a5087214b30c	19	5510689	19855977	6981	0.0536
af915427-c598-40e8-86b8-a5087214b30c	19	19856092	21066852	707	0.1631
af915427-c598-40e8-86b8-a5087214b30c	19	21069332	23969733	1673	0.077
af915427-c598-40e8-86b8-a5087214b30c	19	23970170	27749586	278	0.1809
af915427-c598-40e8-86b8-a5087214b30c	19	27749601	35358420	5472	0.0618
af915427-c598-40e8-86b8-a5087214b30c	19	35364451	35370268	17	0.8498
af915427-c598-40e8-86b8-a5087214b30c	19	35370747	42689623	3656	0.0638
af915427-c598-40e8-86b8-a5087214b30c	19	42692306	44434616	1009	0.1214
af915427-c598-40e8-86b8-a5087214b30c	19	44436846	51628494	3369	0.0486
af915427-c598-40e8-86b8-a5087214b30c	19	51628545	53571822	1390	0.1164
af915427-c598-40e8-86b8-a5087214b30c	19	53572063	58586487	2959	0.0712
af915427-c598-40e8-86b8-a5087214b30c	20	80664	1590457	1218	0.0893
af915427-c598-40e8-86b8-a5087214b30c	20	1590626	1590732	4	1.0019
af915427-c598-40e8-86b8-a5087214b30c	20	1590770	1601561	18	0.0169
af915427-c598-40e8-86b8-a5087214b30c	20	1609611	1613247	5	-2.0193
af915427-c598-40e8-86b8-a5087214b30c	20	1617300	5398902	2762	0.0777
af915427-c598-40e8-86b8-a5087214b30c	20	5399345	5416682	16	-0.5787
af915427-c598-40e8-86b8-a5087214b30c	20	5416977	6781715	1045	0.084
af915427-c598-40e8-86b8-a5087214b30c	20	6783185	14145158	5697	0.1095
af915427-c598-40e8-86b8-a5087214b30c	20	14155118	14202695	29	0.5292
af915427-c598-40e8-86b8-a5087214b30c	20	14203765	16254086	1779	0.1223
af915427-c598-40e8-86b8-a5087214b30c	20	16254240	26206877	7403	0.0774
af915427-c598-40e8-86b8-a5087214b30c	20	26215123	30224631	54	0.3007
af915427-c598-40e8-86b8-a5087214b30c	20	30230416	61363075	20951	0.0735
af915427-c598-40e8-86b8-a5087214b30c	20	61364717	63583186	1086	0.0173
af915427-c598-40e8-86b8-a5087214b30c	20	63584019	64324800	319	0.1226
af915427-c598-40e8-86b8-a5087214b30c	21	10354168	13582956	268	0.1955
af915427-c598-40e8-86b8-a5087214b30c	21	13583316	13677975	5	-0.639
af915427-c598-40e8-86b8-a5087214b30c	21	13803967	17586151	2487	0.1319
af915427-c598-40e8-86b8-a5087214b30c	21	17592982	17608474	16	-0.348
af915427-c598-40e8-86b8-a5087214b30c	21	17609463	31255778	10239	0.126
af915427-c598-40e8-86b8-a5087214b30c	21	31261743	32606997	977	0.0653
af915427-c598-40e8-86b8-a5087214b30c	21	32609500	39079751	4821	0.0961
af915427-c598-40e8-86b8-a5087214b30c	21	39080173	41483707	2074	0.0604
af915427-c598-40e8-86b8-a5087214b30c	21	41483720	41483754	3	0.9942
af915427-c598-40e8-86b8-a5087214b30c	21	41484285	46677045	2981	0.0592
af915427-c598-40e8-86b8-a5087214b30c	22	15294547	15570064	12	0.0927
af915427-c598-40e8-86b8-a5087214b30c	22	15583346	15696762	7	-1.9571
af915427-c598-40e8-86b8-a5087214b30c	22	15729257	15738601	9	-0.6565
af915427-c598-40e8-86b8-a5087214b30c	22	15755268	19199498	1280	0.0818
af915427-c598-40e8-86b8-a5087214b30c	22	19205086	23414236	2742	0.1305
af915427-c598-40e8-86b8-a5087214b30c	22	23414523	25265731	1162	0.0669
af915427-c598-40e8-86b8-a5087214b30c	22	25268018	25522742	284	-0.797
af915427-c598-40e8-86b8-a5087214b30c	22	25526375	38955461	9738	0.0686
af915427-c598-40e8-86b8-a5087214b30c	22	38967614	38979302	24	-0.5146
af915427-c598-40e8-86b8-a5087214b30c	22	38993700	50796027	8013	0.0599
af915427-c598-40e8-86b8-a5087214b30c	X	251810	6692444	3074	0.0768
af915427-c598-40e8-86b8-a5087214b30c	X	6696001	8006974	970	-2.0358
af915427-c598-40e8-86b8-a5087214b30c	X	8009163	33243441	16620	0.0365
af915427-c598-40e8-86b8-a5087214b30c	X	33251642	33277723	24	-2.2872
af915427-c598-40e8-86b8-a5087214b30c	X	33279040	34708172	979	0.1204
af915427-c598-40e8-86b8-a5087214b30c	X	34708841	58030549	11569	0.0193
af915427-c598-40e8-86b8-a5087214b30c	X	58032443	67145443	2010	0.0769
af915427-c598-40e8-86b8-a5087214b30c	X	67149907	75116171	3503	-0.0047
af915427-c598-40e8-86b8-a5087214b30c	X	75116203	75396977	138	0.1225
af915427-c598-40e8-86b8-a5087214b30c	X	75398324	75402054	2	-4.5562
af915427-c598-40e8-86b8-a5087214b30c	X	75404185	86804201	5903	0.056
af915427-c598-40e8-86b8-a5087214b30c	X	86806879	86838235	31	-1.7683
af915427-c598-40e8-86b8-a5087214b30c	X	86841592	87770623	584	0.0524
af915427-c598-40e8-86b8-a5087214b30c	X	87773023	87785218	6	-5.3956
af915427-c598-40e8-86b8-a5087214b30c	X	87785243	87791254	4	-1.8587
af915427-c598-40e8-86b8-a5087214b30c	X	87791667	88134687	224	0.0509
af915427-c598-40e8-86b8-a5087214b30c	X	88144677	88202847	57	-2.9269
af915427-c598-40e8-86b8-a5087214b30c	X	88203220	88308265	62	0.0929
af915427-c598-40e8-86b8-a5087214b30c	X	88314444	88409907	71	-2.09
af915427-c598-40e8-86b8-a5087214b30c	X	88418694	88670508	188	0.0734
af915427-c598-40e8-86b8-a5087214b30c	X	88672086	88715820	35	-2.0776
af915427-c598-40e8-86b8-a5087214b30c	X	88726791	88862571	75	0.0121
af915427-c598-40e8-86b8-a5087214b30c	X	88862952	88948221	62	-2.2013
af915427-c598-40e8-86b8-a5087214b30c	X	88948884	143544906	29981	0.0462
af915427-c598-40e8-86b8-a5087214b30c	X	143545539	143556688	6	-2.0109
af915427-c598-40e8-86b8-a5087214b30c	X	143556802	155952689	7375	0.0377
af915427-c598-40e8-86b8-a5087214b30c	Y	2782397	10221633	2438	-0.8395
af915427-c598-40e8-86b8-a5087214b30c	Y	10221634	10236314	5	0.1944
af915427-c598-40e8-86b8-a5087214b30c	Y	10624017	56872112	4197	-0.8331
