GDC_Aliquot	Chromosome	Start	End	Num_Probes	Segment_Mean
874a9b69-9653-47a3-9e5e-469f54402fbe	1	62920	10307286	5166	0.007
874a9b69-9653-47a3-9e5e-469f54402fbe	1	10310344	10317925	18	-0.8305
874a9b69-9653-47a3-9e5e-469f54402fbe	1	10321714	10480091	81	0.034
874a9b69-9653-47a3-9e5e-469f54402fbe	1	10482064	10484989	6	-0.8593
874a9b69-9653-47a3-9e5e-469f54402fbe	1	10488805	13819419	1530	0.0171
874a9b69-9653-47a3-9e5e-469f54402fbe	1	13820218	13820224	2	-1.2602
874a9b69-9653-47a3-9e5e-469f54402fbe	1	13821797	15159958	1106	-0.0044
874a9b69-9653-47a3-9e5e-469f54402fbe	1	15162689	15163790	13	-0.952
874a9b69-9653-47a3-9e5e-469f54402fbe	1	15167414	15823420	418	0.0099
874a9b69-9653-47a3-9e5e-469f54402fbe	1	15827002	15827430	6	0.6467
874a9b69-9653-47a3-9e5e-469f54402fbe	1	15827706	16505368	299	0.0288
874a9b69-9653-47a3-9e5e-469f54402fbe	1	16518437	16864367	61	0.3505
874a9b69-9653-47a3-9e5e-469f54402fbe	1	16868660	104095032	54349	0.0064
874a9b69-9653-47a3-9e5e-469f54402fbe	1	104095422	104096106	3	-1.3264
874a9b69-9653-47a3-9e5e-469f54402fbe	1	104098957	109690352	3390	0.0202
874a9b69-9653-47a3-9e5e-469f54402fbe	1	109690415	109702376	13	-0.9191
874a9b69-9653-47a3-9e5e-469f54402fbe	1	109703504	110828115	831	-0.0064
874a9b69-9653-47a3-9e5e-469f54402fbe	1	110831471	110853446	54	0.2307
874a9b69-9653-47a3-9e5e-469f54402fbe	1	110857543	112147704	1064	-0.003
874a9b69-9653-47a3-9e5e-469f54402fbe	1	112153343	112154390	18	0.5674
874a9b69-9653-47a3-9e5e-469f54402fbe	1	112154552	146161924	5476	0.0145
874a9b69-9653-47a3-9e5e-469f54402fbe	1	146174153	146250588	2	1.3927
874a9b69-9653-47a3-9e5e-469f54402fbe	1	146716041	147188642	115	0.0252
874a9b69-9653-47a3-9e5e-469f54402fbe	1	147191235	147200722	5	-0.828
874a9b69-9653-47a3-9e5e-469f54402fbe	1	147201907	152784298	2208	0.0181
874a9b69-9653-47a3-9e5e-469f54402fbe	1	152784330	152795883	38	0.3712
874a9b69-9653-47a3-9e5e-469f54402fbe	1	152796094	153516807	547	0.0003
874a9b69-9653-47a3-9e5e-469f54402fbe	1	153519074	153535284	12	-0.8581
874a9b69-9653-47a3-9e5e-469f54402fbe	1	153543882	155210675	786	0.0161
874a9b69-9653-47a3-9e5e-469f54402fbe	1	155219369	155231273	11	1.1328
874a9b69-9653-47a3-9e5e-469f54402fbe	1	155241876	155687178	202	-0.0189
874a9b69-9653-47a3-9e5e-469f54402fbe	1	155691436	155693566	3	-3.0279
874a9b69-9653-47a3-9e5e-469f54402fbe	1	155697170	169247699	9729	0.0062
874a9b69-9653-47a3-9e5e-469f54402fbe	1	169264736	169272528	7	0.8984
874a9b69-9653-47a3-9e5e-469f54402fbe	1	169273163	194479104	16730	0.0099
874a9b69-9653-47a3-9e5e-469f54402fbe	1	194482281	194485888	2	1.5631
874a9b69-9653-47a3-9e5e-469f54402fbe	1	194487886	196769851	1459	0.0168
874a9b69-9653-47a3-9e5e-469f54402fbe	1	196770842	196788979	25	0.34
874a9b69-9653-47a3-9e5e-469f54402fbe	1	196788990	196820704	12	-0.1024
874a9b69-9653-47a3-9e5e-469f54402fbe	1	196821139	196936029	78	-0.8414
874a9b69-9653-47a3-9e5e-469f54402fbe	1	196940515	204736389	5133	0.0077
874a9b69-9653-47a3-9e5e-469f54402fbe	1	204742211	204768389	22	-0.9999
874a9b69-9653-47a3-9e5e-469f54402fbe	1	204772104	227892069	15622	0.0049
874a9b69-9653-47a3-9e5e-469f54402fbe	1	227899133	227901917	3	-1.5808
874a9b69-9653-47a3-9e5e-469f54402fbe	1	227907915	238755113	7953	0.0109
874a9b69-9653-47a3-9e5e-469f54402fbe	1	238755384	238755396	2	-1.5164
874a9b69-9653-47a3-9e5e-469f54402fbe	1	238755444	248409535	6799	0.022
874a9b69-9653-47a3-9e5e-469f54402fbe	1	248409836	248429940	13	0.5311
874a9b69-9653-47a3-9e5e-469f54402fbe	1	248436996	248574146	31	0.1143
874a9b69-9653-47a3-9e5e-469f54402fbe	1	248585893	248631988	30	-0.7976
874a9b69-9653-47a3-9e5e-469f54402fbe	1	248633821	248703602	38	0.1753
874a9b69-9653-47a3-9e5e-469f54402fbe	1	248703943	248709357	4	-0.9239
874a9b69-9653-47a3-9e5e-469f54402fbe	1	248713007	248930189	101	0.0565
874a9b69-9653-47a3-9e5e-469f54402fbe	2	12784	4602761	3378	0.0179
874a9b69-9653-47a3-9e5e-469f54402fbe	2	4604202	4605672	4	-1.1297
874a9b69-9653-47a3-9e5e-469f54402fbe	2	4606898	13459105	6833	0.0114
874a9b69-9653-47a3-9e5e-469f54402fbe	2	13459674	13460304	2	-2.2204
874a9b69-9653-47a3-9e5e-469f54402fbe	2	13461512	34450400	13866	0.0152
874a9b69-9653-47a3-9e5e-469f54402fbe	2	34456427	34515690	55	0.281
874a9b69-9653-47a3-9e5e-469f54402fbe	2	34515732	35742319	863	0.0279
874a9b69-9653-47a3-9e5e-469f54402fbe	2	35742970	35762850	8	-1.2305
874a9b69-9653-47a3-9e5e-469f54402fbe	2	35762881	44597581	6511	0.0202
874a9b69-9653-47a3-9e5e-469f54402fbe	2	44599700	44601596	3	-1.1521
874a9b69-9653-47a3-9e5e-469f54402fbe	2	44605312	52514599	5614	0.0205
874a9b69-9653-47a3-9e5e-469f54402fbe	2	52527330	52554404	40	-0.5615
874a9b69-9653-47a3-9e5e-469f54402fbe	2	52560811	89268711	22771	0.0124
874a9b69-9653-47a3-9e5e-469f54402fbe	2	89271229	91993044	190	0.1702
874a9b69-9653-47a3-9e5e-469f54402fbe	2	91994681	102981451	4242	0.0161
874a9b69-9653-47a3-9e5e-469f54402fbe	2	102981711	102981966	2	-1.3695
874a9b69-9653-47a3-9e5e-469f54402fbe	2	102982117	106258266	2220	0.009
874a9b69-9653-47a3-9e5e-469f54402fbe	2	106263639	106268901	12	-0.5178
874a9b69-9653-47a3-9e5e-469f54402fbe	2	106270799	107824280	992	-0.0058
874a9b69-9653-47a3-9e5e-469f54402fbe	2	107830513	107864451	2	-1.5484
874a9b69-9653-47a3-9e5e-469f54402fbe	2	107875632	113694307	2820	0.0087
874a9b69-9653-47a3-9e5e-469f54402fbe	2	113695369	113696452	4	-1.3532
874a9b69-9653-47a3-9e5e-469f54402fbe	2	113697429	118134216	2779	0.0114
874a9b69-9653-47a3-9e5e-469f54402fbe	2	118134420	118134689	2	-1.3084
874a9b69-9653-47a3-9e5e-469f54402fbe	2	118134955	118188023	33	-0.038
874a9b69-9653-47a3-9e5e-469f54402fbe	2	118189029	118189067	2	-2.2199
874a9b69-9653-47a3-9e5e-469f54402fbe	2	118190835	167695338	30049	0.0136
874a9b69-9653-47a3-9e5e-469f54402fbe	2	167696550	167696615	2	-2.2584
874a9b69-9653-47a3-9e5e-469f54402fbe	2	167699321	168961792	952	0.0127
874a9b69-9653-47a3-9e5e-469f54402fbe	2	168964588	168964622	2	-1.2404
874a9b69-9653-47a3-9e5e-469f54402fbe	2	168966201	179548644	6705	0.01
874a9b69-9653-47a3-9e5e-469f54402fbe	2	179553484	179557410	30	-0.6433
874a9b69-9653-47a3-9e5e-469f54402fbe	2	179560916	183503876	2491	0.0155
874a9b69-9653-47a3-9e5e-469f54402fbe	2	183503890	183503904	2	-1.2387
874a9b69-9653-47a3-9e5e-469f54402fbe	2	183503920	184379336	614	0.0275
874a9b69-9653-47a3-9e5e-469f54402fbe	2	184392326	184400547	17	-0.4574
874a9b69-9653-47a3-9e5e-469f54402fbe	2	184400596	188703060	2268	0.0205
874a9b69-9653-47a3-9e5e-469f54402fbe	2	188703229	188714602	25	-0.687
874a9b69-9653-47a3-9e5e-469f54402fbe	2	188715812	191124630	1422	0.0205
874a9b69-9653-47a3-9e5e-469f54402fbe	2	191131280	191133826	3	-1.1854
874a9b69-9653-47a3-9e5e-469f54402fbe	2	191134017	207485467	9592	0.0115
874a9b69-9653-47a3-9e5e-469f54402fbe	2	207485523	207485538	2	-1.5552
874a9b69-9653-47a3-9e5e-469f54402fbe	2	207485595	234655048	17509	0.0147
874a9b69-9653-47a3-9e5e-469f54402fbe	2	234655658	234661964	7	-0.9765
874a9b69-9653-47a3-9e5e-469f54402fbe	2	234665381	242147305	4592	0.0174
874a9b69-9653-47a3-9e5e-469f54402fbe	3	20930	2771432	2406	0.0644
874a9b69-9653-47a3-9e5e-469f54402fbe	3	2771572	46751887	30785	0.0103
874a9b69-9653-47a3-9e5e-469f54402fbe	3	46760327	46808099	40	-2.4692
874a9b69-9653-47a3-9e5e-469f54402fbe	3	46817989	60000523	7413	0.0079
874a9b69-9653-47a3-9e5e-469f54402fbe	3	60000540	60947582	1061	0.0604
874a9b69-9653-47a3-9e5e-469f54402fbe	3	60948048	68697013	6096	0.0058
874a9b69-9653-47a3-9e5e-469f54402fbe	3	68697108	68698262	14	1.0425
874a9b69-9653-47a3-9e5e-469f54402fbe	3	68699607	75519398	4928	0.007
874a9b69-9653-47a3-9e5e-469f54402fbe	3	75523398	75537654	6	-1.7588
874a9b69-9653-47a3-9e5e-469f54402fbe	3	75546030	82808214	4097	0.0081
874a9b69-9653-47a3-9e5e-469f54402fbe	3	82808216	82823892	10	-1.2653
874a9b69-9653-47a3-9e5e-469f54402fbe	3	82831894	87395957	2459	0.0259
874a9b69-9653-47a3-9e5e-469f54402fbe	3	87409690	87410856	4	-1.2884
874a9b69-9653-47a3-9e5e-469f54402fbe	3	87417155	114936935	13902	0.0124
874a9b69-9653-47a3-9e5e-469f54402fbe	3	114941745	114942097	6	-0.9285
874a9b69-9653-47a3-9e5e-469f54402fbe	3	114950103	123298186	5205	0.0094
874a9b69-9653-47a3-9e5e-469f54402fbe	3	123300704	123300916	2	-1.4015
874a9b69-9653-47a3-9e5e-469f54402fbe	3	123301319	130057015	4034	0.0067
874a9b69-9653-47a3-9e5e-469f54402fbe	3	130057833	130087393	35	0.4746
874a9b69-9653-47a3-9e5e-469f54402fbe	3	130088081	162790404	20263	0.0053
874a9b69-9653-47a3-9e5e-469f54402fbe	3	162790480	162908784	72	-0.4202
874a9b69-9653-47a3-9e5e-469f54402fbe	3	162908815	193160113	19172	0.0109
874a9b69-9653-47a3-9e5e-469f54402fbe	3	193160173	193165114	19	-1.1561
874a9b69-9653-47a3-9e5e-469f54402fbe	3	193168646	198169247	2693	0.0113
874a9b69-9653-47a3-9e5e-469f54402fbe	4	68929	8722817	5099	0.0118
874a9b69-9653-47a3-9e5e-469f54402fbe	4	9370577	9496271	69	0.9422
874a9b69-9653-47a3-9e5e-469f54402fbe	4	9499750	10208766	536	0.0033
874a9b69-9653-47a3-9e5e-469f54402fbe	4	10212536	10233542	34	-0.731
874a9b69-9653-47a3-9e5e-469f54402fbe	4	10233558	21370380	8210	0.0036
874a9b69-9653-47a3-9e5e-469f54402fbe	4	21370416	21375228	14	-0.6473
874a9b69-9653-47a3-9e5e-469f54402fbe	4	21382117	34777432	8753	0.0046
874a9b69-9653-47a3-9e5e-469f54402fbe	4	34784878	34828250	39	0.6403
874a9b69-9653-47a3-9e5e-469f54402fbe	4	34828291	68655691	19529	0.0126
874a9b69-9653-47a3-9e5e-469f54402fbe	4	68663241	68686026	4	-1.752
874a9b69-9653-47a3-9e5e-469f54402fbe	4	68725894	69366081	361	0.1022
874a9b69-9653-47a3-9e5e-469f54402fbe	4	69366304	91801287	13983	0.0049
874a9b69-9653-47a3-9e5e-469f54402fbe	4	91802215	91837838	21	-0.3838
874a9b69-9653-47a3-9e5e-469f54402fbe	4	91842788	108464432	9734	0.0098
874a9b69-9653-47a3-9e5e-469f54402fbe	4	108466650	108467479	2	-2.5313
874a9b69-9653-47a3-9e5e-469f54402fbe	4	108482941	114587010	3838	0.0041
874a9b69-9653-47a3-9e5e-469f54402fbe	4	114588837	114589298	2	-2.0614
874a9b69-9653-47a3-9e5e-469f54402fbe	4	114593270	160952848	27743	0.0131
874a9b69-9653-47a3-9e5e-469f54402fbe	4	160958866	160963448	20	-0.6337
874a9b69-9653-47a3-9e5e-469f54402fbe	4	160963756	162933182	1313	0.0239
874a9b69-9653-47a3-9e5e-469f54402fbe	4	162933654	162935551	5	-1.2867
874a9b69-9653-47a3-9e5e-469f54402fbe	4	162938727	164835946	1239	0.0242
874a9b69-9653-47a3-9e5e-469f54402fbe	4	164837722	164839700	2	-3.2887
874a9b69-9653-47a3-9e5e-469f54402fbe	4	164840239	169767828	3060	0.0213
874a9b69-9653-47a3-9e5e-469f54402fbe	4	169771224	169773518	2	-1.6248
874a9b69-9653-47a3-9e5e-469f54402fbe	4	169773527	171448195	1049	0.0119
874a9b69-9653-47a3-9e5e-469f54402fbe	4	171453733	171456559	10	1.7364
874a9b69-9653-47a3-9e5e-469f54402fbe	4	171456573	172066777	399	0.0392
874a9b69-9653-47a3-9e5e-469f54402fbe	4	172067997	172068382	12	-1.5593
874a9b69-9653-47a3-9e5e-469f54402fbe	4	172074828	190106768	12079	0.0291
874a9b69-9653-47a3-9e5e-469f54402fbe	5	15532	742574	324	0.0297
874a9b69-9653-47a3-9e5e-469f54402fbe	5	760901	825538	28	0.4517
874a9b69-9653-47a3-9e5e-469f54402fbe	5	833513	7169363	5369	0.0118
874a9b69-9653-47a3-9e5e-469f54402fbe	5	7177225	7189812	26	-0.98
874a9b69-9653-47a3-9e5e-469f54402fbe	5	7202522	21376735	9922	0.0188
874a9b69-9653-47a3-9e5e-469f54402fbe	5	21377730	21377744	2	-1.9635
874a9b69-9653-47a3-9e5e-469f54402fbe	5	21385957	46251204	15005	0.012
874a9b69-9653-47a3-9e5e-469f54402fbe	5	46270906	46273400	8	0.9288
874a9b69-9653-47a3-9e5e-469f54402fbe	5	46278110	58033288	5079	0.0043
874a9b69-9653-47a3-9e5e-469f54402fbe	5	58033703	58036727	22	-0.3636
874a9b69-9653-47a3-9e5e-469f54402fbe	5	58036817	59457441	1150	0.0136
874a9b69-9653-47a3-9e5e-469f54402fbe	5	59458043	59459754	6	-0.8768
874a9b69-9653-47a3-9e5e-469f54402fbe	5	59460764	69550476	6148	-0.0006
874a9b69-9653-47a3-9e5e-469f54402fbe	5	69571467	69779150	2	1.5487
874a9b69-9653-47a3-9e5e-469f54402fbe	5	69779164	70959071	10	0.0596
874a9b69-9653-47a3-9e5e-469f54402fbe	5	70959073	70959079	5	0.8739
874a9b69-9653-47a3-9e5e-469f54402fbe	5	71010832	72550894	766	0.0123
874a9b69-9653-47a3-9e5e-469f54402fbe	5	72551183	72553670	5	-1.379
874a9b69-9653-47a3-9e5e-469f54402fbe	5	72554733	76113083	2310	0.0042
874a9b69-9653-47a3-9e5e-469f54402fbe	5	76114001	76118122	2	-2.1527
874a9b69-9653-47a3-9e5e-469f54402fbe	5	76119029	78811959	1859	0.0048
874a9b69-9653-47a3-9e5e-469f54402fbe	5	78812085	78815348	4	-1.0009
874a9b69-9653-47a3-9e5e-469f54402fbe	5	78819688	100165583	12076	0.0064
874a9b69-9653-47a3-9e5e-469f54402fbe	5	100170288	100181889	5	-0.9573
874a9b69-9653-47a3-9e5e-469f54402fbe	5	100184795	105351409	3118	0.015
874a9b69-9653-47a3-9e5e-469f54402fbe	5	105351799	105357328	6	-1.0049
874a9b69-9653-47a3-9e5e-469f54402fbe	5	105361780	139789292	22115	0.0141
874a9b69-9653-47a3-9e5e-469f54402fbe	5	139798577	139803311	4	-1.5389
874a9b69-9653-47a3-9e5e-469f54402fbe	5	139804359	150819676	7066	0.0062
874a9b69-9653-47a3-9e5e-469f54402fbe	5	150822643	150844533	11	-0.6988
874a9b69-9653-47a3-9e5e-469f54402fbe	5	150850208	151695705	646	0.002
874a9b69-9653-47a3-9e5e-469f54402fbe	5	151697234	151698975	2	-1.2633
874a9b69-9653-47a3-9e5e-469f54402fbe	5	151699488	168840902	11699	0.0034
874a9b69-9653-47a3-9e5e-469f54402fbe	5	168841366	168841382	2	-2.0924
874a9b69-9653-47a3-9e5e-469f54402fbe	5	168843239	180947523	7901	0.0108
874a9b69-9653-47a3-9e5e-469f54402fbe	5	180951710	180991103	19	0.601
874a9b69-9653-47a3-9e5e-469f54402fbe	5	181006225	181363319	170	0.0556
874a9b69-9653-47a3-9e5e-469f54402fbe	6	149661	254267	100	0.0134
874a9b69-9653-47a3-9e5e-469f54402fbe	6	254283	294837	24	0.5089
874a9b69-9653-47a3-9e5e-469f54402fbe	6	302306	1049937	678	0.0668
874a9b69-9653-47a3-9e5e-469f54402fbe	6	1050213	10501021	7544	0.0078
874a9b69-9653-47a3-9e5e-469f54402fbe	6	10502777	10683919	142	0.0688
874a9b69-9653-47a3-9e5e-469f54402fbe	6	10685609	10687513	3	-0.9915
874a9b69-9653-47a3-9e5e-469f54402fbe	6	10692288	13840616	2419	0.0106
874a9b69-9653-47a3-9e5e-469f54402fbe	6	13842027	13843785	3	-1.3263
874a9b69-9653-47a3-9e5e-469f54402fbe	6	13851406	17435895	2647	0.0179
874a9b69-9653-47a3-9e5e-469f54402fbe	6	17439987	17440228	4	-1.2204
874a9b69-9653-47a3-9e5e-469f54402fbe	6	17441828	29869295	8095	0.008
874a9b69-9653-47a3-9e5e-469f54402fbe	6	29869410	29882419	17	0.5784
874a9b69-9653-47a3-9e5e-469f54402fbe	6	29882497	31313046	663	0.019
874a9b69-9653-47a3-9e5e-469f54402fbe	6	31318499	31328176	8	-1.3484
874a9b69-9653-47a3-9e5e-469f54402fbe	6	31328210	32463515	500	0.0316
874a9b69-9653-47a3-9e5e-469f54402fbe	6	32463775	32605994	35	0.9311
874a9b69-9653-47a3-9e5e-469f54402fbe	6	32606237	32814372	151	0.1711
874a9b69-9653-47a3-9e5e-469f54402fbe	6	32814610	33964316	664	0.0139
874a9b69-9653-47a3-9e5e-469f54402fbe	6	33964387	33969942	15	0.2286
874a9b69-9653-47a3-9e5e-469f54402fbe	6	33970029	33974928	9	-0.9455
874a9b69-9653-47a3-9e5e-469f54402fbe	6	33976809	54066353	12894	0.0043
874a9b69-9653-47a3-9e5e-469f54402fbe	6	54066432	54067057	6	1.3456
874a9b69-9653-47a3-9e5e-469f54402fbe	6	54070550	73882142	10391	0.0087
874a9b69-9653-47a3-9e5e-469f54402fbe	6	73882509	73891694	10	0.6575
874a9b69-9653-47a3-9e5e-469f54402fbe	6	73893839	76305231	1470	0.0099
874a9b69-9653-47a3-9e5e-469f54402fbe	6	76307183	76307209	3	0.9697
874a9b69-9653-47a3-9e5e-469f54402fbe	6	76307276	76726815	296	0.0112
874a9b69-9653-47a3-9e5e-469f54402fbe	6	76730151	76751356	22	0.5093
874a9b69-9653-47a3-9e5e-469f54402fbe	6	76758214	78128942	883	0.01
874a9b69-9653-47a3-9e5e-469f54402fbe	6	78129485	78345474	221	0.2089
874a9b69-9653-47a3-9e5e-469f54402fbe	6	78345489	86696922	5186	0.0078
874a9b69-9653-47a3-9e5e-469f54402fbe	6	86696932	86701400	22	-0.8789
874a9b69-9653-47a3-9e5e-469f54402fbe	6	86709105	93942689	4783	0.0086
874a9b69-9653-47a3-9e5e-469f54402fbe	6	93942822	93947846	2	1.3819
874a9b69-9653-47a3-9e5e-469f54402fbe	6	93949814	103286954	5466	0.0114
874a9b69-9653-47a3-9e5e-469f54402fbe	6	103290101	103320921	51	0.5957
874a9b69-9653-47a3-9e5e-469f54402fbe	6	103322942	112956798	6003	-0.0007
874a9b69-9653-47a3-9e5e-469f54402fbe	6	112957249	112957308	2	-1.5889
874a9b69-9653-47a3-9e5e-469f54402fbe	6	112960372	118214664	3128	-0.0007
874a9b69-9653-47a3-9e5e-469f54402fbe	6	118214956	118737989	326	0.0973
874a9b69-9653-47a3-9e5e-469f54402fbe	6	118738091	134144402	9740	0.0044
874a9b69-9653-47a3-9e5e-469f54402fbe	6	134145335	134145423	4	-1.3223
874a9b69-9653-47a3-9e5e-469f54402fbe	6	134145556	160482590	17636	0.0043
874a9b69-9653-47a3-9e5e-469f54402fbe	6	160485054	160486102	3	-1.3954
874a9b69-9653-47a3-9e5e-469f54402fbe	6	160487419	170027559	6992	0.0117
874a9b69-9653-47a3-9e5e-469f54402fbe	6	170032659	170032890	3	-1.2437
874a9b69-9653-47a3-9e5e-469f54402fbe	6	170033187	170741917	334	0.0148
874a9b69-9653-47a3-9e5e-469f54402fbe	7	43355	25735885	18581	0.012
874a9b69-9653-47a3-9e5e-469f54402fbe	7	25736587	25743451	6	-1.986
874a9b69-9653-47a3-9e5e-469f54402fbe	7	25749888	54318812	19898	0.0055
874a9b69-9653-47a3-9e5e-469f54402fbe	7	54318816	54318824	5	3.0425
874a9b69-9653-47a3-9e5e-469f54402fbe	7	54325795	65796311	3258	0.0102
874a9b69-9653-47a3-9e5e-469f54402fbe	7	65799537	65818881	10	0.6382
874a9b69-9653-47a3-9e5e-469f54402fbe	7	65827971	67172252	465	-0.006
874a9b69-9653-47a3-9e5e-469f54402fbe	7	67176387	67180245	5	-1.7773
874a9b69-9653-47a3-9e5e-469f54402fbe	7	67182652	70955452	2389	0.0036
874a9b69-9653-47a3-9e5e-469f54402fbe	7	70958264	70961155	2	1.4252
874a9b69-9653-47a3-9e5e-469f54402fbe	7	70963257	76532105	2147	0.0069
874a9b69-9653-47a3-9e5e-469f54402fbe	7	76550397	77080295	161	0.5395
874a9b69-9653-47a3-9e5e-469f54402fbe	7	77082598	84147601	4950	0.01
874a9b69-9653-47a3-9e5e-469f54402fbe	7	84153119	84157376	7	-0.8777
874a9b69-9653-47a3-9e5e-469f54402fbe	7	84157594	88581992	2510	0.0143
874a9b69-9653-47a3-9e5e-469f54402fbe	7	88583747	90158086	1056	0.0669
874a9b69-9653-47a3-9e5e-469f54402fbe	7	90161559	109797700	11490	0.0038
874a9b69-9653-47a3-9e5e-469f54402fbe	7	109797715	109813853	21	0.5323
874a9b69-9653-47a3-9e5e-469f54402fbe	7	109813925	126405502	10033	0.0064
874a9b69-9653-47a3-9e5e-469f54402fbe	7	126405597	126406561	10	0.6583
874a9b69-9653-47a3-9e5e-469f54402fbe	7	126406822	134093676	4696	-0.0008
874a9b69-9653-47a3-9e5e-469f54402fbe	7	134093715	134113805	37	0.3761
874a9b69-9653-47a3-9e5e-469f54402fbe	7	134114093	141303245	4709	0.0035
874a9b69-9653-47a3-9e5e-469f54402fbe	7	141304226	141304510	2	-2.4062
874a9b69-9653-47a3-9e5e-469f54402fbe	7	141304666	148016901	4143	0.0125
874a9b69-9653-47a3-9e5e-469f54402fbe	7	148017689	148020170	6	-1.005
874a9b69-9653-47a3-9e5e-469f54402fbe	7	148024499	158324903	6601	0.011
874a9b69-9653-47a3-9e5e-469f54402fbe	7	158335896	158339473	2	1.3553
874a9b69-9653-47a3-9e5e-469f54402fbe	7	158344294	159334314	633	0.0507
874a9b69-9653-47a3-9e5e-469f54402fbe	8	81254	644973	324	0.0476
874a9b69-9653-47a3-9e5e-469f54402fbe	8	645220	645875	6	1.3592
874a9b69-9653-47a3-9e5e-469f54402fbe	8	645892	645908	2	4.4295
874a9b69-9653-47a3-9e5e-469f54402fbe	8	656117	2132302	1143	0.0072
874a9b69-9653-47a3-9e5e-469f54402fbe	8	2132407	2134890	18	-0.596
874a9b69-9653-47a3-9e5e-469f54402fbe	8	2137191	4140085	2196	0.0331
874a9b69-9653-47a3-9e5e-469f54402fbe	8	4141366	4146769	28	-4.1369
874a9b69-9653-47a3-9e5e-469f54402fbe	8	4146976	16339682	10812	0.0257
874a9b69-9653-47a3-9e5e-469f54402fbe	8	16349445	16349614	8	-1.4929
874a9b69-9653-47a3-9e5e-469f54402fbe	8	16354575	16526753	168	-0.018
874a9b69-9653-47a3-9e5e-469f54402fbe	8	16526827	16526946	3	-1.8665
874a9b69-9653-47a3-9e5e-469f54402fbe	8	16526994	27900727	8938	0.0084
874a9b69-9653-47a3-9e5e-469f54402fbe	8	27900859	27900874	2	-1.5258
874a9b69-9653-47a3-9e5e-469f54402fbe	8	27900980	57436296	16268	0.0087
874a9b69-9653-47a3-9e5e-469f54402fbe	8	57436418	57436438	2	-2.0399
874a9b69-9653-47a3-9e5e-469f54402fbe	8	57437208	65370438	5055	0.0046
874a9b69-9653-47a3-9e5e-469f54402fbe	8	65371149	65374449	3	1.6591
874a9b69-9653-47a3-9e5e-469f54402fbe	8	65376334	68458190	1745	-0.006
874a9b69-9653-47a3-9e5e-469f54402fbe	8	68458861	68466075	3	-1.2152
874a9b69-9653-47a3-9e5e-469f54402fbe	8	68468258	78553894	6330	0.0001
874a9b69-9653-47a3-9e5e-469f54402fbe	8	78558339	78558812	2	-1.3073
874a9b69-9653-47a3-9e5e-469f54402fbe	8	78559273	78609917	28	-0.0061
874a9b69-9653-47a3-9e5e-469f54402fbe	8	78611450	78619739	3	-1.5968
874a9b69-9653-47a3-9e5e-469f54402fbe	8	78620495	94545324	9217	0.0026
874a9b69-9653-47a3-9e5e-469f54402fbe	8	94545374	94545764	6	1.2299
874a9b69-9653-47a3-9e5e-469f54402fbe	8	94545887	111282417	10269	0.0056
874a9b69-9653-47a3-9e5e-469f54402fbe	8	111282441	111283016	5	2.8693
874a9b69-9653-47a3-9e5e-469f54402fbe	8	111283031	114143121	1548	0.0021
874a9b69-9653-47a3-9e5e-469f54402fbe	8	114144105	114145787	3	-0.9078
874a9b69-9653-47a3-9e5e-469f54402fbe	8	114146000	114619207	270	0.0312
874a9b69-9653-47a3-9e5e-469f54402fbe	8	114619814	114626472	18	-0.609
874a9b69-9653-47a3-9e5e-469f54402fbe	8	114626609	114628588	5	0.2369
874a9b69-9653-47a3-9e5e-469f54402fbe	8	114628679	114629502	13	-0.6006
874a9b69-9653-47a3-9e5e-469f54402fbe	8	114638468	145072769	21063	0.0046
874a9b69-9653-47a3-9e5e-469f54402fbe	9	46587	641751	571	0.0521
874a9b69-9653-47a3-9e5e-469f54402fbe	9	646036	646656	5	-0.8051
874a9b69-9653-47a3-9e5e-469f54402fbe	9	648732	672786	75	0.0223
874a9b69-9653-47a3-9e5e-469f54402fbe	9	672895	673512	5	-0.9826
874a9b69-9653-47a3-9e5e-469f54402fbe	9	676055	23361807	19771	0.0229
874a9b69-9653-47a3-9e5e-469f54402fbe	9	23363117	23373486	8	0.982
874a9b69-9653-47a3-9e5e-469f54402fbe	9	23378490	30943742	5619	0.0245
874a9b69-9653-47a3-9e5e-469f54402fbe	9	30947652	30953784	11	-0.9771
874a9b69-9653-47a3-9e5e-469f54402fbe	9	30957652	39455364	5092	0.0078
874a9b69-9653-47a3-9e5e-469f54402fbe	9	39455596	39487653	19	-0.8433
874a9b69-9653-47a3-9e5e-469f54402fbe	9	39487690	39807498	8	0.1175
874a9b69-9653-47a3-9e5e-469f54402fbe	9	39827488	40099921	6	0.9736
874a9b69-9653-47a3-9e5e-469f54402fbe	9	40189830	41741096	96	0.0203
874a9b69-9653-47a3-9e5e-469f54402fbe	9	41741113	42726239	52	0.4941
874a9b69-9653-47a3-9e5e-469f54402fbe	9	42727685	63580418	110	0.0939
874a9b69-9653-47a3-9e5e-469f54402fbe	9	63590317	63592813	7	1.321
874a9b69-9653-47a3-9e5e-469f54402fbe	9	63614182	80365647	8879	0.005
874a9b69-9653-47a3-9e5e-469f54402fbe	9	80367480	80370811	7	-0.8749
874a9b69-9653-47a3-9e5e-469f54402fbe	9	80372783	103804216	16040	0.0027
874a9b69-9653-47a3-9e5e-469f54402fbe	9	103806415	103807009	2	-2.952
874a9b69-9653-47a3-9e5e-469f54402fbe	9	103808421	132534665	20272	0.0063
874a9b69-9653-47a3-9e5e-469f54402fbe	9	132542997	132543164	2	-1.7557
874a9b69-9653-47a3-9e5e-469f54402fbe	9	132544082	138200944	2837	0.0135
874a9b69-9653-47a3-9e5e-469f54402fbe	10	45792	2453308	1856	0.0107
874a9b69-9653-47a3-9e5e-469f54402fbe	10	2455443	2456151	3	-1.2475
874a9b69-9653-47a3-9e5e-469f54402fbe	10	2456944	17885034	12991	0.0082
874a9b69-9653-47a3-9e5e-469f54402fbe	10	17896194	17910884	3	-1.5972
874a9b69-9653-47a3-9e5e-469f54402fbe	10	17929793	24086334	4340	0.0126
874a9b69-9653-47a3-9e5e-469f54402fbe	10	24088745	24088992	10	0.8034
874a9b69-9653-47a3-9e5e-469f54402fbe	10	24089125	24315333	184	0.0073
874a9b69-9653-47a3-9e5e-469f54402fbe	10	24315524	24315553	2	-1.2772
874a9b69-9653-47a3-9e5e-469f54402fbe	10	24315964	25305864	627	-0.0058
874a9b69-9653-47a3-9e5e-469f54402fbe	10	25306444	25311279	3	-1.373
874a9b69-9653-47a3-9e5e-469f54402fbe	10	25312104	36102376	7585	0.0041
874a9b69-9653-47a3-9e5e-469f54402fbe	10	36103517	36105241	8	-0.9362
874a9b69-9653-47a3-9e5e-469f54402fbe	10	36107514	43029180	1917	0.0077
874a9b69-9653-47a3-9e5e-469f54402fbe	10	43029253	43030294	2	-1.5263
874a9b69-9653-47a3-9e5e-469f54402fbe	10	43030575	43212314	195	0.0167
874a9b69-9653-47a3-9e5e-469f54402fbe	10	43213304	43222878	3	-2.1217
874a9b69-9653-47a3-9e5e-469f54402fbe	10	43225707	131810441	60082	0.0082
874a9b69-9653-47a3-9e5e-469f54402fbe	10	131814796	131826379	20	-1.0663
874a9b69-9653-47a3-9e5e-469f54402fbe	10	131827388	133654968	838	0.0117
874a9b69-9653-47a3-9e5e-469f54402fbe	11	198510	135074876	86842	0.0065
874a9b69-9653-47a3-9e5e-469f54402fbe	12	51460	2126723	1265	0.0254
874a9b69-9653-47a3-9e5e-469f54402fbe	12	2136696	2148754	41	-0.8644
874a9b69-9653-47a3-9e5e-469f54402fbe	12	2148857	8404097	4291	0.0085
874a9b69-9653-47a3-9e5e-469f54402fbe	12	8405892	8442298	19	1.0028
874a9b69-9653-47a3-9e5e-469f54402fbe	12	8442935	9477960	558	0.0035
874a9b69-9653-47a3-9e5e-469f54402fbe	12	9481274	9575696	24	0.7963
874a9b69-9653-47a3-9e5e-469f54402fbe	12	9582373	10356784	580	0.0237
874a9b69-9653-47a3-9e5e-469f54402fbe	12	10357183	10360871	2	-1.397
874a9b69-9653-47a3-9e5e-469f54402fbe	12	10360980	11358644	598	-0.0049
874a9b69-9653-47a3-9e5e-469f54402fbe	12	11359558	11399258	29	-0.8116
874a9b69-9653-47a3-9e5e-469f54402fbe	12	11399668	15460178	3040	0.0077
874a9b69-9653-47a3-9e5e-469f54402fbe	12	15461878	15470583	11	-0.7007
874a9b69-9653-47a3-9e5e-469f54402fbe	12	15471039	31753738	11311	0.0039
874a9b69-9653-47a3-9e5e-469f54402fbe	12	31754340	31755116	2	-1.9497
874a9b69-9653-47a3-9e5e-469f54402fbe	12	31755423	33233822	1086	0.0145
874a9b69-9653-47a3-9e5e-469f54402fbe	12	33235894	33242207	4	-2.4472
874a9b69-9653-47a3-9e5e-469f54402fbe	12	33242483	45510655	5542	0.0166
874a9b69-9653-47a3-9e5e-469f54402fbe	12	45512057	45515754	3	1.1549
874a9b69-9653-47a3-9e5e-469f54402fbe	12	45519509	55404021	5702	0.0057
874a9b69-9653-47a3-9e5e-469f54402fbe	12	55409338	55409884	2	-1.646
874a9b69-9653-47a3-9e5e-469f54402fbe	12	55416184	63526209	4932	0.0085
874a9b69-9653-47a3-9e5e-469f54402fbe	12	63526805	63531025	3	-1.4935
874a9b69-9653-47a3-9e5e-469f54402fbe	12	63539183	124255282	39026	0.0082
874a9b69-9653-47a3-9e5e-469f54402fbe	12	124257098	124272073	19	-1.1156
874a9b69-9653-47a3-9e5e-469f54402fbe	12	124278673	133201603	6763	0.0215
874a9b69-9653-47a3-9e5e-469f54402fbe	13	18452809	23058721	2859	0.0192
874a9b69-9653-47a3-9e5e-469f54402fbe	13	23058737	23059376	10	0.6135
874a9b69-9653-47a3-9e5e-469f54402fbe	13	23064056	32847565	7327	0.0039
874a9b69-9653-47a3-9e5e-469f54402fbe	13	32849507	32849633	2	-1.4983
874a9b69-9653-47a3-9e5e-469f54402fbe	13	32849884	37496998	3287	-0.0019
874a9b69-9653-47a3-9e5e-469f54402fbe	13	37497899	37510620	16	-0.4993
874a9b69-9653-47a3-9e5e-469f54402fbe	13	37514193	48567933	7706	0.007
874a9b69-9653-47a3-9e5e-469f54402fbe	13	48569704	48571288	3	-1.6744
874a9b69-9653-47a3-9e5e-469f54402fbe	13	48572725	57176962	4817	0.0178
874a9b69-9653-47a3-9e5e-469f54402fbe	13	57184136	57204246	34	-2.2748
874a9b69-9653-47a3-9e5e-469f54402fbe	13	57215580	81320797	15523	0.009
874a9b69-9653-47a3-9e5e-469f54402fbe	13	81322135	81322562	2	-2.4245
874a9b69-9653-47a3-9e5e-469f54402fbe	13	81327044	114342922	22570	0.0088
874a9b69-9653-47a3-9e5e-469f54402fbe	14	18239283	18640726	15	0.0281
874a9b69-9653-47a3-9e5e-469f54402fbe	14	18646056	19289821	30	-0.4981
874a9b69-9653-47a3-9e5e-469f54402fbe	14	19294457	19650668	15	0.151
874a9b69-9653-47a3-9e5e-469f54402fbe	14	19667065	19955213	107	-0.396
874a9b69-9653-47a3-9e5e-469f54402fbe	14	19956767	38166529	11719	0.009
874a9b69-9653-47a3-9e5e-469f54402fbe	14	38166539	38166605	2	-1.9015
874a9b69-9653-47a3-9e5e-469f54402fbe	14	38169300	39506860	807	0.0148
874a9b69-9653-47a3-9e5e-469f54402fbe	14	39513223	39521500	7	-1.0143
874a9b69-9653-47a3-9e5e-469f54402fbe	14	39530479	57809435	11613	0.0084
874a9b69-9653-47a3-9e5e-469f54402fbe	14	57813110	57819489	3	-1.5898
874a9b69-9653-47a3-9e5e-469f54402fbe	14	57820289	97686776	26148	0.0073
874a9b69-9653-47a3-9e5e-469f54402fbe	14	97687369	97688718	8	-1.122
874a9b69-9653-47a3-9e5e-469f54402fbe	14	97690252	97771429	69	-0.0076
874a9b69-9653-47a3-9e5e-469f54402fbe	14	97771626	97773447	6	-1.2036
874a9b69-9653-47a3-9e5e-469f54402fbe	14	97773510	106123951	4488	0.014
874a9b69-9653-47a3-9e5e-469f54402fbe	14	106127183	106603061	236	0.1212
874a9b69-9653-47a3-9e5e-469f54402fbe	14	106610265	106614217	6	-0.7646
874a9b69-9653-47a3-9e5e-469f54402fbe	14	106620076	106877229	130	0.0644
874a9b69-9653-47a3-9e5e-469f54402fbe	15	19811075	20373168	88	0.0978
874a9b69-9653-47a3-9e5e-469f54402fbe	15	20376198	20381704	17	0.6701
874a9b69-9653-47a3-9e5e-469f54402fbe	15	20384774	23809640	712	0.0028
874a9b69-9653-47a3-9e5e-469f54402fbe	15	23810290	23814160	20	-1.2618
874a9b69-9653-47a3-9e5e-469f54402fbe	15	23820546	29656724	3727	0.0169
874a9b69-9653-47a3-9e5e-469f54402fbe	15	29659607	29665786	7	-0.815
874a9b69-9653-47a3-9e5e-469f54402fbe	15	29668935	37928640	5296	0.0105
874a9b69-9653-47a3-9e5e-469f54402fbe	15	37929488	37931443	4	-1.1356
874a9b69-9653-47a3-9e5e-469f54402fbe	15	37931638	76586021	24046	0.0062
874a9b69-9653-47a3-9e5e-469f54402fbe	15	76598900	76603434	22	0.6792
874a9b69-9653-47a3-9e5e-469f54402fbe	15	76609838	89959995	8485	0.006
874a9b69-9653-47a3-9e5e-469f54402fbe	15	89962617	89966887	6	-0.8293
874a9b69-9653-47a3-9e5e-469f54402fbe	15	89971586	101928837	9124	0.0107
874a9b69-9653-47a3-9e5e-469f54402fbe	16	10777	14895982	11108	0.0099
874a9b69-9653-47a3-9e5e-469f54402fbe	16	14954911	14965488	27	-0.5873
874a9b69-9653-47a3-9e5e-469f54402fbe	16	14965876	14966829	3	-2.0268
874a9b69-9653-47a3-9e5e-469f54402fbe	16	14969833	15033033	24	-0.6357
874a9b69-9653-47a3-9e5e-469f54402fbe	16	15034129	18072602	1588	0.0603
874a9b69-9653-47a3-9e5e-469f54402fbe	16	18073660	55762663	14184	0.003
874a9b69-9653-47a3-9e5e-469f54402fbe	16	55762682	55788532	19	0.9588
874a9b69-9653-47a3-9e5e-469f54402fbe	16	55808442	78337711	14281	0.0005
874a9b69-9653-47a3-9e5e-469f54402fbe	16	78338543	78350868	17	0.6689
874a9b69-9653-47a3-9e5e-469f54402fbe	16	78351104	80623856	2739	0.0082
874a9b69-9653-47a3-9e5e-469f54402fbe	16	80623875	80632491	9	-0.1534
874a9b69-9653-47a3-9e5e-469f54402fbe	16	80632882	80638532	2	-1.9026
874a9b69-9653-47a3-9e5e-469f54402fbe	16	80638807	83593469	3120	0.0014
874a9b69-9653-47a3-9e5e-469f54402fbe	16	83595981	83596130	2	-1.7293
874a9b69-9653-47a3-9e5e-469f54402fbe	16	83596674	90096867	4744	0.0181
874a9b69-9653-47a3-9e5e-469f54402fbe	17	150733	6197878	3368	0.0102
874a9b69-9653-47a3-9e5e-469f54402fbe	17	6203166	6229454	29	-1.0044
874a9b69-9653-47a3-9e5e-469f54402fbe	17	6229492	36109315	14864	0.012
874a9b69-9653-47a3-9e5e-469f54402fbe	17	36109735	36157718	35	1.2424
874a9b69-9653-47a3-9e5e-469f54402fbe	17	36200725	43361222	3656	0.0042
874a9b69-9653-47a3-9e5e-469f54402fbe	17	43362318	43362553	2	1.3957
874a9b69-9653-47a3-9e5e-469f54402fbe	17	43366336	46084941	1389	0.0044
874a9b69-9653-47a3-9e5e-469f54402fbe	17	46085231	46569894	131	-0.3237
874a9b69-9653-47a3-9e5e-469f54402fbe	17	46571001	81154985	20853	0.0054
874a9b69-9653-47a3-9e5e-469f54402fbe	17	81155072	81161357	5	-1.5624
874a9b69-9653-47a3-9e5e-469f54402fbe	17	81168461	83091923	713	0.0033
874a9b69-9653-47a3-9e5e-469f54402fbe	18	48133	10622047	7812	0.0143
874a9b69-9653-47a3-9e5e-469f54402fbe	18	10622602	10632790	7	-0.8661
874a9b69-9653-47a3-9e5e-469f54402fbe	18	10636503	12212958	1065	0.0204
874a9b69-9653-47a3-9e5e-469f54402fbe	18	12218709	12224735	2	1.5787
874a9b69-9653-47a3-9e5e-469f54402fbe	18	12226369	32829278	8925	0.0061
874a9b69-9653-47a3-9e5e-469f54402fbe	18	32829881	32867597	22	-0.4116
874a9b69-9653-47a3-9e5e-469f54402fbe	18	32867681	65962328	22408	0.0062
874a9b69-9653-47a3-9e5e-469f54402fbe	18	65969815	65972888	6	-1.2097
874a9b69-9653-47a3-9e5e-469f54402fbe	18	65973172	66095064	116	0.0707
874a9b69-9653-47a3-9e5e-469f54402fbe	18	66099904	66100052	2	-1.526
874a9b69-9653-47a3-9e5e-469f54402fbe	18	66100686	71381922	3781	0.0111
874a9b69-9653-47a3-9e5e-469f54402fbe	18	71382253	73868672	1997	0.0653
874a9b69-9653-47a3-9e5e-469f54402fbe	18	73868786	80257174	4601	0.0155
874a9b69-9653-47a3-9e5e-469f54402fbe	19	90910	12581187	5043	0.0155
874a9b69-9653-47a3-9e5e-469f54402fbe	19	12586552	12587288	2	1.5597
874a9b69-9653-47a3-9e5e-469f54402fbe	19	12589709	19948793	3593	0.005
874a9b69-9653-47a3-9e5e-469f54402fbe	19	19949311	20533360	353	0.1041
874a9b69-9653-47a3-9e5e-469f54402fbe	19	20533528	20563384	22	-0.0816
874a9b69-9653-47a3-9e5e-469f54402fbe	19	20576271	20577052	2	-1.3777
874a9b69-9653-47a3-9e5e-469f54402fbe	19	20582324	23462392	1619	0.0169
874a9b69-9653-47a3-9e5e-469f54402fbe	19	23463331	23473092	2	-1.4615
874a9b69-9653-47a3-9e5e-469f54402fbe	19	23473618	42784116	9780	0.0062
874a9b69-9653-47a3-9e5e-469f54402fbe	19	42786621	42944543	67	-0.8032
874a9b69-9653-47a3-9e5e-469f54402fbe	19	42946358	51628560	4285	0.0061
874a9b69-9653-47a3-9e5e-469f54402fbe	19	51639099	51644944	11	-0.6837
874a9b69-9653-47a3-9e5e-469f54402fbe	19	51651652	52815851	788	0.019
874a9b69-9653-47a3-9e5e-469f54402fbe	19	52815906	52824137	2	-1.993
874a9b69-9653-47a3-9e5e-469f54402fbe	19	52824306	54787128	1232	0.0395
874a9b69-9653-47a3-9e5e-469f54402fbe	19	54788617	54815158	15	-1.2038
874a9b69-9653-47a3-9e5e-469f54402fbe	19	54819199	58586487	2297	0.0105
874a9b69-9653-47a3-9e5e-469f54402fbe	20	80664	1571811	1182	0.0314
874a9b69-9653-47a3-9e5e-469f54402fbe	20	1576544	1591137	42	-0.4795
874a9b69-9653-47a3-9e5e-469f54402fbe	20	1591243	1601561	15	-0.1631
874a9b69-9653-47a3-9e5e-469f54402fbe	20	1609611	1613247	5	1.3709
874a9b69-9653-47a3-9e5e-469f54402fbe	20	1617300	11119285	7306	0.011
874a9b69-9653-47a3-9e5e-469f54402fbe	20	11120029	11120353	2	-2.8918
874a9b69-9653-47a3-9e5e-469f54402fbe	20	11124212	22261698	8676	0.0075
874a9b69-9653-47a3-9e5e-469f54402fbe	20	22262170	22262283	2	-1.6456
874a9b69-9653-47a3-9e5e-469f54402fbe	20	22263375	23799193	1286	0.0081
874a9b69-9653-47a3-9e5e-469f54402fbe	20	23799659	23802011	2	-1.544
874a9b69-9653-47a3-9e5e-469f54402fbe	20	23804620	55079182	17303	-0.001
874a9b69-9653-47a3-9e5e-469f54402fbe	20	55080867	55085460	3	-1.7945
874a9b69-9653-47a3-9e5e-469f54402fbe	20	55085590	64324800	6551	-0.0042
874a9b69-9653-47a3-9e5e-469f54402fbe	21	10354168	32002488	13538	0.0164
874a9b69-9653-47a3-9e5e-469f54402fbe	21	32009187	32009351	4	-1.0398
874a9b69-9653-47a3-9e5e-469f54402fbe	21	32012006	33853778	1199	0.0044
874a9b69-9653-47a3-9e5e-469f54402fbe	21	33853957	33854130	4	-1.0603
874a9b69-9653-47a3-9e5e-469f54402fbe	21	33855180	46677045	9120	0.0051
874a9b69-9653-47a3-9e5e-469f54402fbe	22	15294547	44739926	18804	0.0087
874a9b69-9653-47a3-9e5e-469f54402fbe	22	44740431	44740755	2	-4.8922
874a9b69-9653-47a3-9e5e-469f54402fbe	22	44741026	50796027	4467	0.0191
874a9b69-9653-47a3-9e5e-469f54402fbe	X	251810	12931441	7734	0.0098
874a9b69-9653-47a3-9e5e-469f54402fbe	X	12931549	12931785	2	-4.7887
874a9b69-9653-47a3-9e5e-469f54402fbe	X	12931864	42914145	18483	0.0201
874a9b69-9653-47a3-9e5e-469f54402fbe	X	42914732	42920378	4	-5.2224
874a9b69-9653-47a3-9e5e-469f54402fbe	X	42928514	140414852	47789	0.0202
874a9b69-9653-47a3-9e5e-469f54402fbe	X	140416448	140419029	4	-4.2837
874a9b69-9653-47a3-9e5e-469f54402fbe	X	140422569	140720572	197	-0.0453
874a9b69-9653-47a3-9e5e-469f54402fbe	X	140722046	140722503	2	-3.2379
874a9b69-9653-47a3-9e5e-469f54402fbe	X	140726391	155952689	9259	0.0241
874a9b69-9653-47a3-9e5e-469f54402fbe	Y	2782397	56872112	6638	-1.4816
