GDC_Aliquot	Chromosome	Start	End	Num_Probes	Segment_Mean
73d11a28-8b9d-4d7b-a637-77e19fd3b0a0	1	62920	826738	36	0.6618
73d11a28-8b9d-4d7b-a637-77e19fd3b0a0	1	833413	2342007	384	-0.0448
73d11a28-8b9d-4d7b-a637-77e19fd3b0a0	1	2348984	2350915	3	1.7658
73d11a28-8b9d-4d7b-a637-77e19fd3b0a0	1	2351678	12850124	6065	-0.0024
73d11a28-8b9d-4d7b-a637-77e19fd3b0a0	1	12850744	12867264	5	-1.5062
73d11a28-8b9d-4d7b-a637-77e19fd3b0a0	1	12868035	34637053	12410	-0.0018
73d11a28-8b9d-4d7b-a637-77e19fd3b0a0	1	34637069	34638890	19	-0.7819
73d11a28-8b9d-4d7b-a637-77e19fd3b0a0	1	34648667	44136710	5339	0.0011
73d11a28-8b9d-4d7b-a637-77e19fd3b0a0	1	44136750	44138521	5	1.0836
73d11a28-8b9d-4d7b-a637-77e19fd3b0a0	1	44148619	49448451	3013	0.0044
73d11a28-8b9d-4d7b-a637-77e19fd3b0a0	1	49449260	49543139	32	0.3929
73d11a28-8b9d-4d7b-a637-77e19fd3b0a0	1	49546399	65432268	10785	-0.0027
73d11a28-8b9d-4d7b-a637-77e19fd3b0a0	1	65432318	65440582	3	1.5222
73d11a28-8b9d-4d7b-a637-77e19fd3b0a0	1	65441079	72284670	4463	0.0011
73d11a28-8b9d-4d7b-a637-77e19fd3b0a0	1	72290430	72297687	9	-1.1804
73d11a28-8b9d-4d7b-a637-77e19fd3b0a0	1	72302735	72351072	51	0.4874
73d11a28-8b9d-4d7b-a637-77e19fd3b0a0	1	72351338	103616762	19922	0.0025
73d11a28-8b9d-4d7b-a637-77e19fd3b0a0	1	103620877	103717410	5	1.5782
73d11a28-8b9d-4d7b-a637-77e19fd3b0a0	1	103717617	105470754	917	0.0046
73d11a28-8b9d-4d7b-a637-77e19fd3b0a0	1	105476583	105479753	17	0.9077
73d11a28-8b9d-4d7b-a637-77e19fd3b0a0	1	105481433	108203129	1948	-0.0125
73d11a28-8b9d-4d7b-a637-77e19fd3b0a0	1	108203740	108310972	10	0.8563
73d11a28-8b9d-4d7b-a637-77e19fd3b0a0	1	108311187	109684893	673	-0.0198
73d11a28-8b9d-4d7b-a637-77e19fd3b0a0	1	109690352	109703508	15	-0.6578
73d11a28-8b9d-4d7b-a637-77e19fd3b0a0	1	109707613	112147704	1928	0.0144
73d11a28-8b9d-4d7b-a637-77e19fd3b0a0	1	112153343	112154165	12	-0.9395
73d11a28-8b9d-4d7b-a637-77e19fd3b0a0	1	112154204	143541857	5159	0.0119
73d11a28-8b9d-4d7b-a637-77e19fd3b0a0	1	143545399	143754062	110	-0.7896
73d11a28-8b9d-4d7b-a637-77e19fd3b0a0	1	143754077	152583291	2319	0.0368
73d11a28-8b9d-4d7b-a637-77e19fd3b0a0	1	152583319	152614118	33	-1.8481
73d11a28-8b9d-4d7b-a637-77e19fd3b0a0	1	152618018	152789447	166	-0.0179
73d11a28-8b9d-4d7b-a637-77e19fd3b0a0	1	152789463	152796224	36	-1.5775
73d11a28-8b9d-4d7b-a637-77e19fd3b0a0	1	152801429	161968102	5464	0.0029
73d11a28-8b9d-4d7b-a637-77e19fd3b0a0	1	161972701	161972719	2	1.7732
73d11a28-8b9d-4d7b-a637-77e19fd3b0a0	1	161973268	169028126	5575	0.0033
73d11a28-8b9d-4d7b-a637-77e19fd3b0a0	1	169033687	169038604	2	-1.9781
73d11a28-8b9d-4d7b-a637-77e19fd3b0a0	1	169039274	169247699	178	0.02
73d11a28-8b9d-4d7b-a637-77e19fd3b0a0	1	169264736	169272528	7	-2.152
73d11a28-8b9d-4d7b-a637-77e19fd3b0a0	1	169273163	174827267	3504	0.0037
73d11a28-8b9d-4d7b-a637-77e19fd3b0a0	1	174827418	174828177	6	-1.1353
73d11a28-8b9d-4d7b-a637-77e19fd3b0a0	1	174828195	196740630	14600	0.0062
73d11a28-8b9d-4d7b-a637-77e19fd3b0a0	1	196741937	196846661	65	0.8444
73d11a28-8b9d-4d7b-a637-77e19fd3b0a0	1	196847600	234023715	25092	0.0025
73d11a28-8b9d-4d7b-a637-77e19fd3b0a0	1	234024360	234024532	2	-2.7883
73d11a28-8b9d-4d7b-a637-77e19fd3b0a0	1	234025053	240227947	4682	0.001
73d11a28-8b9d-4d7b-a637-77e19fd3b0a0	1	240228440	240232805	8	0.8905
73d11a28-8b9d-4d7b-a637-77e19fd3b0a0	1	240234728	241042133	618	0.0101
73d11a28-8b9d-4d7b-a637-77e19fd3b0a0	1	241042311	241042374	2	2.1771
73d11a28-8b9d-4d7b-a637-77e19fd3b0a0	1	241045696	243143622	1516	0.0082
73d11a28-8b9d-4d7b-a637-77e19fd3b0a0	1	243144364	243187175	14	0.9614
73d11a28-8b9d-4d7b-a637-77e19fd3b0a0	1	243189078	248930189	3680	0.0376
73d11a28-8b9d-4d7b-a637-77e19fd3b0a0	2	12784	4158097	2977	0.0004
73d11a28-8b9d-4d7b-a637-77e19fd3b0a0	2	4166274	4175922	37	-0.7614
73d11a28-8b9d-4d7b-a637-77e19fd3b0a0	2	4175977	7499242	2891	0.0059
73d11a28-8b9d-4d7b-a637-77e19fd3b0a0	2	7502934	7506841	2	1.6959
73d11a28-8b9d-4d7b-a637-77e19fd3b0a0	2	7506876	9037075	1117	0.0082
73d11a28-8b9d-4d7b-a637-77e19fd3b0a0	2	9045183	9045247	2	-2.298
73d11a28-8b9d-4d7b-a637-77e19fd3b0a0	2	9048359	34466002	16966	0.0078
73d11a28-8b9d-4d7b-a637-77e19fd3b0a0	2	34474248	34498023	34	0.5271
73d11a28-8b9d-4d7b-a637-77e19fd3b0a0	2	34498136	37687787	2394	0.0048
73d11a28-8b9d-4d7b-a637-77e19fd3b0a0	2	37688780	37688917	2	2.2393
73d11a28-8b9d-4d7b-a637-77e19fd3b0a0	2	37689362	75606187	25364	0.0107
73d11a28-8b9d-4d7b-a637-77e19fd3b0a0	2	75607167	75654032	57	0.4341
73d11a28-8b9d-4d7b-a637-77e19fd3b0a0	2	75654151	86897011	7063	0.0078
73d11a28-8b9d-4d7b-a637-77e19fd3b0a0	2	86901078	87892388	143	0.5356
73d11a28-8b9d-4d7b-a637-77e19fd3b0a0	2	87894092	89897956	650	-0.0101
73d11a28-8b9d-4d7b-a637-77e19fd3b0a0	2	89920951	89960252	6	1.0916
73d11a28-8b9d-4d7b-a637-77e19fd3b0a0	2	89963133	97115122	1007	0.0149
73d11a28-8b9d-4d7b-a637-77e19fd3b0a0	2	97115744	97662587	100	0.2694
73d11a28-8b9d-4d7b-a637-77e19fd3b0a0	2	97665171	106263639	5507	0.0064
73d11a28-8b9d-4d7b-a637-77e19fd3b0a0	2	106264257	106268901	11	-1.7473
73d11a28-8b9d-4d7b-a637-77e19fd3b0a0	2	106270799	128881442	13348	0.0085
73d11a28-8b9d-4d7b-a637-77e19fd3b0a0	2	128881478	128881496	2	2.4139
73d11a28-8b9d-4d7b-a637-77e19fd3b0a0	2	128881653	133175612	2258	0.015
73d11a28-8b9d-4d7b-a637-77e19fd3b0a0	2	133175890	133177476	4	1.7317
73d11a28-8b9d-4d7b-a637-77e19fd3b0a0	2	133179336	152881026	12278	0.0038
73d11a28-8b9d-4d7b-a637-77e19fd3b0a0	2	152881384	152885805	2	-1.7724
73d11a28-8b9d-4d7b-a637-77e19fd3b0a0	2	152886244	179548644	16268	0.0051
73d11a28-8b9d-4d7b-a637-77e19fd3b0a0	2	179553484	179557410	30	-1.0099
73d11a28-8b9d-4d7b-a637-77e19fd3b0a0	2	179560916	184451949	3154	0.0051
73d11a28-8b9d-4d7b-a637-77e19fd3b0a0	2	184452153	184455332	4	1.6595
73d11a28-8b9d-4d7b-a637-77e19fd3b0a0	2	184460792	208189585	13625	0.007
73d11a28-8b9d-4d7b-a637-77e19fd3b0a0	2	208190524	208195839	3	1.809
73d11a28-8b9d-4d7b-a637-77e19fd3b0a0	2	208198537	242147305	21584	-0.0031
73d11a28-8b9d-4d7b-a637-77e19fd3b0a0	3	20930	26570158	19904	0.0153
73d11a28-8b9d-4d7b-a637-77e19fd3b0a0	3	26570176	26570394	4	-2.4109
73d11a28-8b9d-4d7b-a637-77e19fd3b0a0	3	26570407	26570675	7	0.6833
73d11a28-8b9d-4d7b-a637-77e19fd3b0a0	3	26571710	46751887	13110	0.004
73d11a28-8b9d-4d7b-a637-77e19fd3b0a0	3	46760327	46808099	40	-0.9351
73d11a28-8b9d-4d7b-a637-77e19fd3b0a0	3	46817989	68697013	14500	0.0062
73d11a28-8b9d-4d7b-a637-77e19fd3b0a0	3	68697108	68698262	14	0.8008
73d11a28-8b9d-4d7b-a637-77e19fd3b0a0	3	68699607	84053071	9586	-0.003
73d11a28-8b9d-4d7b-a637-77e19fd3b0a0	3	84056282	84057015	2	-3.8485
73d11a28-8b9d-4d7b-a637-77e19fd3b0a0	3	84061816	89336737	3000	-0.0037
73d11a28-8b9d-4d7b-a637-77e19fd3b0a0	3	89337324	89360887	34	0.4428
73d11a28-8b9d-4d7b-a637-77e19fd3b0a0	3	89360979	130067366	21911	0.0009
73d11a28-8b9d-4d7b-a637-77e19fd3b0a0	3	130067443	130087393	31	-1.9568
73d11a28-8b9d-4d7b-a637-77e19fd3b0a0	3	130088081	133306023	2116	-0.0127
73d11a28-8b9d-4d7b-a637-77e19fd3b0a0	3	133306038	133306189	4	1.7487
73d11a28-8b9d-4d7b-a637-77e19fd3b0a0	3	133306330	161797809	17383	0.0074
73d11a28-8b9d-4d7b-a637-77e19fd3b0a0	3	161797839	161797861	2	2.0741
73d11a28-8b9d-4d7b-a637-77e19fd3b0a0	3	161798156	172285320	6246	0.0016
73d11a28-8b9d-4d7b-a637-77e19fd3b0a0	3	172285336	172286880	3	1.757
73d11a28-8b9d-4d7b-a637-77e19fd3b0a0	3	172287255	172555565	210	0.0092
73d11a28-8b9d-4d7b-a637-77e19fd3b0a0	3	172556726	172557750	3	-1.0563
73d11a28-8b9d-4d7b-a637-77e19fd3b0a0	3	172558106	172594657	24	0.0542
73d11a28-8b9d-4d7b-a637-77e19fd3b0a0	3	172594988	172599832	9	0.5201
73d11a28-8b9d-4d7b-a637-77e19fd3b0a0	3	172600018	173536694	592	0.0001
73d11a28-8b9d-4d7b-a637-77e19fd3b0a0	3	173540076	173571809	15	0.8267
73d11a28-8b9d-4d7b-a637-77e19fd3b0a0	3	173571890	193162798	12739	0.0075
73d11a28-8b9d-4d7b-a637-77e19fd3b0a0	3	193162937	193165114	11	1.8419
73d11a28-8b9d-4d7b-a637-77e19fd3b0a0	3	193168646	198169247	2674	0.0123
73d11a28-8b9d-4d7b-a637-77e19fd3b0a0	4	68929	721147	246	-0.0153
73d11a28-8b9d-4d7b-a637-77e19fd3b0a0	4	729225	888855	66	-0.3146
73d11a28-8b9d-4d7b-a637-77e19fd3b0a0	4	895149	9455251	4807	-0.0127
73d11a28-8b9d-4d7b-a637-77e19fd3b0a0	4	9459504	9477699	6	-1.4325
73d11a28-8b9d-4d7b-a637-77e19fd3b0a0	4	9484440	10208766	538	-0.0194
73d11a28-8b9d-4d7b-a637-77e19fd3b0a0	4	10212536	10233542	34	1.3072
73d11a28-8b9d-4d7b-a637-77e19fd3b0a0	4	10233558	10390730	173	-0.0459
73d11a28-8b9d-4d7b-a637-77e19fd3b0a0	4	10391530	10399044	15	-2.5579
73d11a28-8b9d-4d7b-a637-77e19fd3b0a0	4	10401094	10954948	422	0.0082
73d11a28-8b9d-4d7b-a637-77e19fd3b0a0	4	10954965	10956339	2	-1.4805
73d11a28-8b9d-4d7b-a637-77e19fd3b0a0	4	10957630	17534237	5130	-0.0006
73d11a28-8b9d-4d7b-a637-77e19fd3b0a0	4	17535247	17535416	2	2.107
73d11a28-8b9d-4d7b-a637-77e19fd3b0a0	4	17535448	20561062	1839	-0.0014
73d11a28-8b9d-4d7b-a637-77e19fd3b0a0	4	20561077	20567066	18	0.5185
73d11a28-8b9d-4d7b-a637-77e19fd3b0a0	4	20567270	26287196	4082	-0.0002
73d11a28-8b9d-4d7b-a637-77e19fd3b0a0	4	26290363	26293044	2	-3.937
73d11a28-8b9d-4d7b-a637-77e19fd3b0a0	4	26293552	63828222	21742	0.003
73d11a28-8b9d-4d7b-a637-77e19fd3b0a0	4	63831751	63842490	26	0.6585
73d11a28-8b9d-4d7b-a637-77e19fd3b0a0	4	63842505	68478894	2859	0.0046
73d11a28-8b9d-4d7b-a637-77e19fd3b0a0	4	68494770	68671434	73	0.6996
73d11a28-8b9d-4d7b-a637-77e19fd3b0a0	4	68674307	69166653	271	0.0083
73d11a28-8b9d-4d7b-a637-77e19fd3b0a0	4	69167082	69376311	98	0.2982
73d11a28-8b9d-4d7b-a637-77e19fd3b0a0	4	69377178	95325355	15854	-0.0048
73d11a28-8b9d-4d7b-a637-77e19fd3b0a0	4	95325587	95327944	16	-0.6935
73d11a28-8b9d-4d7b-a637-77e19fd3b0a0	4	95330552	103294549	4690	0.0113
73d11a28-8b9d-4d7b-a637-77e19fd3b0a0	4	103296943	103296945	3	1.8725
73d11a28-8b9d-4d7b-a637-77e19fd3b0a0	4	103298947	103824414	363	-0.0049
73d11a28-8b9d-4d7b-a637-77e19fd3b0a0	4	103830473	103830480	5	1.703
73d11a28-8b9d-4d7b-a637-77e19fd3b0a0	4	103830487	137171041	19480	0.0016
73d11a28-8b9d-4d7b-a637-77e19fd3b0a0	4	137171085	137173804	15	-0.9158
73d11a28-8b9d-4d7b-a637-77e19fd3b0a0	4	137173818	160120152	14003	-0.0059
73d11a28-8b9d-4d7b-a637-77e19fd3b0a0	4	160131622	160149615	38	-1.0646
73d11a28-8b9d-4d7b-a637-77e19fd3b0a0	4	160149637	169925229	6279	0.0055
73d11a28-8b9d-4d7b-a637-77e19fd3b0a0	4	169925402	169925890	2	-1.8761
73d11a28-8b9d-4d7b-a637-77e19fd3b0a0	4	169926381	171448195	967	0.0041
73d11a28-8b9d-4d7b-a637-77e19fd3b0a0	4	171453733	171456307	9	2.054
73d11a28-8b9d-4d7b-a637-77e19fd3b0a0	4	171456559	186893455	10388	0.0078
73d11a28-8b9d-4d7b-a637-77e19fd3b0a0	4	186893712	186893847	2	-2.2281
73d11a28-8b9d-4d7b-a637-77e19fd3b0a0	4	186894493	190106768	2052	0.0133
73d11a28-8b9d-4d7b-a637-77e19fd3b0a0	5	15532	896700	371	-0.0148
73d11a28-8b9d-4d7b-a637-77e19fd3b0a0	5	905586	908425	3	-1.6179
73d11a28-8b9d-4d7b-a637-77e19fd3b0a0	5	913276	11161513	8677	-0.0007
73d11a28-8b9d-4d7b-a637-77e19fd3b0a0	5	11162524	11162659	3	-2.9912
73d11a28-8b9d-4d7b-a637-77e19fd3b0a0	5	11167165	12785139	1076	0.0001
73d11a28-8b9d-4d7b-a637-77e19fd3b0a0	5	12785150	12819201	8	0.6211
73d11a28-8b9d-4d7b-a637-77e19fd3b0a0	5	12819263	12838421	11	-1.3587
73d11a28-8b9d-4d7b-a637-77e19fd3b0a0	5	12849089	12997894	53	0.0152
73d11a28-8b9d-4d7b-a637-77e19fd3b0a0	5	12998813	13100106	23	0.5621
73d11a28-8b9d-4d7b-a637-77e19fd3b0a0	5	13104852	69550476	32686	0.0076
73d11a28-8b9d-4d7b-a637-77e19fd3b0a0	5	69571467	71364924	27	0.5901
73d11a28-8b9d-4d7b-a637-77e19fd3b0a0	5	71365381	118050922	28767	0.0107
73d11a28-8b9d-4d7b-a637-77e19fd3b0a0	5	118052727	118071110	13	-0.7885
73d11a28-8b9d-4d7b-a637-77e19fd3b0a0	5	118071839	150822643	20293	0.0063
73d11a28-8b9d-4d7b-a637-77e19fd3b0a0	5	150825938	150839042	8	-0.8711
73d11a28-8b9d-4d7b-a637-77e19fd3b0a0	5	150843825	152135825	956	0.0014
73d11a28-8b9d-4d7b-a637-77e19fd3b0a0	5	152135909	152140861	14	-0.6703
73d11a28-8b9d-4d7b-a637-77e19fd3b0a0	5	152140936	180953203	19186	0.0023
73d11a28-8b9d-4d7b-a637-77e19fd3b0a0	5	180960138	181006225	17	-0.6332
73d11a28-8b9d-4d7b-a637-77e19fd3b0a0	5	181006264	181363319	168	0.023
73d11a28-8b9d-4d7b-a637-77e19fd3b0a0	6	149661	254283	100	-0.0091
73d11a28-8b9d-4d7b-a637-77e19fd3b0a0	6	257353	323084	32	0.5255
73d11a28-8b9d-4d7b-a637-77e19fd3b0a0	6	323326	29869411	21410	0.0014
73d11a28-8b9d-4d7b-a637-77e19fd3b0a0	6	29869537	29882419	15	-0.8732
73d11a28-8b9d-4d7b-a637-77e19fd3b0a0	6	29882497	32656814	1219	0.0409
73d11a28-8b9d-4d7b-a637-77e19fd3b0a0	6	32657318	32658841	4	-1.4326
73d11a28-8b9d-4d7b-a637-77e19fd3b0a0	6	32682835	32718419	36	0.1606
73d11a28-8b9d-4d7b-a637-77e19fd3b0a0	6	32720838	32733056	13	1.1175
73d11a28-8b9d-4d7b-a637-77e19fd3b0a0	6	32733071	170741917	86198	-0.0013
73d11a28-8b9d-4d7b-a637-77e19fd3b0a0	7	43355	22395161	15992	0.0178
73d11a28-8b9d-4d7b-a637-77e19fd3b0a0	7	22395853	22396868	2	-3.2569
73d11a28-8b9d-4d7b-a637-77e19fd3b0a0	7	22399135	35529253	9213	0.0014
73d11a28-8b9d-4d7b-a637-77e19fd3b0a0	7	35534141	35535593	2	-2.3133
73d11a28-8b9d-4d7b-a637-77e19fd3b0a0	7	35538306	38251092	2032	-0.0163
73d11a28-8b9d-4d7b-a637-77e19fd3b0a0	7	38251113	38370089	134	0.2306
73d11a28-8b9d-4d7b-a637-77e19fd3b0a0	7	38370835	54305455	10928	0.0024
73d11a28-8b9d-4d7b-a637-77e19fd3b0a0	7	54318812	54318824	6	-2.2977
73d11a28-8b9d-4d7b-a637-77e19fd3b0a0	7	54325795	91728554	18009	0.0114
73d11a28-8b9d-4d7b-a637-77e19fd3b0a0	7	91728979	91729718	7	1.1103
73d11a28-8b9d-4d7b-a637-77e19fd3b0a0	7	91730021	109797612	10328	-0.0014
73d11a28-8b9d-4d7b-a637-77e19fd3b0a0	7	109797616	109813853	26	0.7185
73d11a28-8b9d-4d7b-a637-77e19fd3b0a0	7	109813925	134100442	14692	0.0019
73d11a28-8b9d-4d7b-a637-77e19fd3b0a0	7	134100458	134113805	32	0.7222
73d11a28-8b9d-4d7b-a637-77e19fd3b0a0	7	134114093	140137530	3898	-0.0005
73d11a28-8b9d-4d7b-a637-77e19fd3b0a0	7	140139005	140139965	2	-2.1017
73d11a28-8b9d-4d7b-a637-77e19fd3b0a0	7	140139974	142063324	1273	0.0146
73d11a28-8b9d-4d7b-a637-77e19fd3b0a0	7	142069843	142099190	35	-0.9561
73d11a28-8b9d-4d7b-a637-77e19fd3b0a0	7	142099360	142871404	510	0.0674
73d11a28-8b9d-4d7b-a637-77e19fd3b0a0	7	142871803	142874551	4	-1.7653
73d11a28-8b9d-4d7b-a637-77e19fd3b0a0	7	142875771	144012591	537	-0.0167
73d11a28-8b9d-4d7b-a637-77e19fd3b0a0	7	144012606	144014058	8	-0.9772
73d11a28-8b9d-4d7b-a637-77e19fd3b0a0	7	144014076	144199159	138	-0.0015
73d11a28-8b9d-4d7b-a637-77e19fd3b0a0	7	144207186	144352208	15	0.8357
73d11a28-8b9d-4d7b-a637-77e19fd3b0a0	7	144377836	154598185	6371	0.0051
73d11a28-8b9d-4d7b-a637-77e19fd3b0a0	7	154601461	154607903	4	-2.1262
73d11a28-8b9d-4d7b-a637-77e19fd3b0a0	7	154609120	159334314	3221	-0.0187
73d11a28-8b9d-4d7b-a637-77e19fd3b0a0	8	81254	7358351	7706	0.0097
73d11a28-8b9d-4d7b-a637-77e19fd3b0a0	8	7358509	8237241	62	-0.5485
73d11a28-8b9d-4d7b-a637-77e19fd3b0a0	8	8245003	15435453	5888	0.0047
73d11a28-8b9d-4d7b-a637-77e19fd3b0a0	8	15436422	15437936	2	-3.6498
73d11a28-8b9d-4d7b-a637-77e19fd3b0a0	8	15439194	16085204	611	0.0033
73d11a28-8b9d-4d7b-a637-77e19fd3b0a0	8	16085313	16086798	4	-1.2169
73d11a28-8b9d-4d7b-a637-77e19fd3b0a0	8	16092468	23384513	5847	0.0095
73d11a28-8b9d-4d7b-a637-77e19fd3b0a0	8	23388147	23391587	3	-1.5832
73d11a28-8b9d-4d7b-a637-77e19fd3b0a0	8	23391587	25117007	1254	0.0032
73d11a28-8b9d-4d7b-a637-77e19fd3b0a0	8	25117062	25126818	24	-0.6761
73d11a28-8b9d-4d7b-a637-77e19fd3b0a0	8	25133589	39373140	8970	-0.0031
73d11a28-8b9d-4d7b-a637-77e19fd3b0a0	8	39378084	39529446	59	0.6915
73d11a28-8b9d-4d7b-a637-77e19fd3b0a0	8	39530780	40914477	1071	-0.0031
73d11a28-8b9d-4d7b-a637-77e19fd3b0a0	8	40920333	40928593	6	-1.2985
73d11a28-8b9d-4d7b-a637-77e19fd3b0a0	8	40929126	114619207	42612	0.0032
73d11a28-8b9d-4d7b-a637-77e19fd3b0a0	8	114619814	114629340	33	-0.4923
73d11a28-8b9d-4d7b-a637-77e19fd3b0a0	8	114629356	141642460	19580	0.0027
73d11a28-8b9d-4d7b-a637-77e19fd3b0a0	8	141642525	141646818	2	-2.3449
73d11a28-8b9d-4d7b-a637-77e19fd3b0a0	8	141647215	143616987	871	-0.0561
73d11a28-8b9d-4d7b-a637-77e19fd3b0a0	8	143622987	143625638	9	-1.8084
73d11a28-8b9d-4d7b-a637-77e19fd3b0a0	8	143636819	145072769	501	-0.0384
73d11a28-8b9d-4d7b-a637-77e19fd3b0a0	9	46587	2147099	2307	0.0491
73d11a28-8b9d-4d7b-a637-77e19fd3b0a0	9	2148837	2150662	6	-1.3977
73d11a28-8b9d-4d7b-a637-77e19fd3b0a0	9	2152115	6994399	4275	0.0082
73d11a28-8b9d-4d7b-a637-77e19fd3b0a0	9	6994513	6994542	2	2.0949
73d11a28-8b9d-4d7b-a637-77e19fd3b0a0	9	6994684	8009205	1103	0.0434
73d11a28-8b9d-4d7b-a637-77e19fd3b0a0	9	8009428	8017065	10	-1.2139
73d11a28-8b9d-4d7b-a637-77e19fd3b0a0	9	8020572	22492890	12055	0.0125
73d11a28-8b9d-4d7b-a637-77e19fd3b0a0	9	22501914	22502700	2	-3.5995
73d11a28-8b9d-4d7b-a637-77e19fd3b0a0	9	22509341	23361807	575	-0.0042
73d11a28-8b9d-4d7b-a637-77e19fd3b0a0	9	23363117	23372401	7	-1.7377
73d11a28-8b9d-4d7b-a637-77e19fd3b0a0	9	23373486	24500842	796	0.0145
73d11a28-8b9d-4d7b-a637-77e19fd3b0a0	9	24503818	24517684	20	-1.0845
73d11a28-8b9d-4d7b-a637-77e19fd3b0a0	9	24519686	28303497	2942	0.0076
73d11a28-8b9d-4d7b-a637-77e19fd3b0a0	9	28303614	28311631	4	1.2872
73d11a28-8b9d-4d7b-a637-77e19fd3b0a0	9	28312063	28587776	179	-0.0009
73d11a28-8b9d-4d7b-a637-77e19fd3b0a0	9	28587996	28761745	131	-0.9919
73d11a28-8b9d-4d7b-a637-77e19fd3b0a0	9	28765797	39146321	6596	0.0013
73d11a28-8b9d-4d7b-a637-77e19fd3b0a0	9	39214987	63405715	292	0.2019
73d11a28-8b9d-4d7b-a637-77e19fd3b0a0	9	63555706	90847295	16315	-0.0055
73d11a28-8b9d-4d7b-a637-77e19fd3b0a0	9	90847386	90847850	3	1.974
73d11a28-8b9d-4d7b-a637-77e19fd3b0a0	9	90850677	138200944	31528	0.0009
73d11a28-8b9d-4d7b-a637-77e19fd3b0a0	10	45792	2048827	1478	-0.0166
73d11a28-8b9d-4d7b-a637-77e19fd3b0a0	10	2050582	2051513	3	-1.7951
73d11a28-8b9d-4d7b-a637-77e19fd3b0a0	10	2052872	6369109	3876	0.004
73d11a28-8b9d-4d7b-a637-77e19fd3b0a0	10	6369253	6369519	6	1.2216
73d11a28-8b9d-4d7b-a637-77e19fd3b0a0	10	6376792	9754575	2926	0.0037
73d11a28-8b9d-4d7b-a637-77e19fd3b0a0	10	9754737	9754775	2	1.8731
73d11a28-8b9d-4d7b-a637-77e19fd3b0a0	10	9759132	20551945	8607	-0.0001
73d11a28-8b9d-4d7b-a637-77e19fd3b0a0	10	20561183	20561184	2	2.1306
73d11a28-8b9d-4d7b-a637-77e19fd3b0a0	10	20564272	24086334	2191	0.0068
73d11a28-8b9d-4d7b-a637-77e19fd3b0a0	10	24088745	24089125	11	0.7436
73d11a28-8b9d-4d7b-a637-77e19fd3b0a0	10	24089979	42157337	9850	0.0022
73d11a28-8b9d-4d7b-a637-77e19fd3b0a0	10	42159354	42335359	28	0.4934
73d11a28-8b9d-4d7b-a637-77e19fd3b0a0	10	42339759	46522514	2540	-0.0009
73d11a28-8b9d-4d7b-a637-77e19fd3b0a0	10	46522571	46526248	13	1.1931
73d11a28-8b9d-4d7b-a637-77e19fd3b0a0	10	46526265	47008590	46	-0.5416
73d11a28-8b9d-4d7b-a637-77e19fd3b0a0	10	47008664	55940457	5973	0.0125
73d11a28-8b9d-4d7b-a637-77e19fd3b0a0	10	55943060	55945440	2	2.2612
73d11a28-8b9d-4d7b-a637-77e19fd3b0a0	10	55950582	65548193	6647	0.0041
73d11a28-8b9d-4d7b-a637-77e19fd3b0a0	10	65548259	65554688	25	0.7657
73d11a28-8b9d-4d7b-a637-77e19fd3b0a0	10	65563037	87116095	14353	0.0028
73d11a28-8b9d-4d7b-a637-77e19fd3b0a0	10	87117044	87169663	9	-1.0127
73d11a28-8b9d-4d7b-a637-77e19fd3b0a0	10	87171756	95177697	5084	-0.0051
73d11a28-8b9d-4d7b-a637-77e19fd3b0a0	10	95178148	95180415	2	3.4589
73d11a28-8b9d-4d7b-a637-77e19fd3b0a0	10	95182776	122574497	18690	0.0008
73d11a28-8b9d-4d7b-a637-77e19fd3b0a0	10	122584593	122591497	6	-1.8834
73d11a28-8b9d-4d7b-a637-77e19fd3b0a0	10	122597296	133654968	7859	0.0024
73d11a28-8b9d-4d7b-a637-77e19fd3b0a0	11	198510	4949137	2414	0.0139
73d11a28-8b9d-4d7b-a637-77e19fd3b0a0	11	4950775	4955042	23	0.7752
73d11a28-8b9d-4d7b-a637-77e19fd3b0a0	11	4955781	5766175	778	0.0348
73d11a28-8b9d-4d7b-a637-77e19fd3b0a0	11	5766850	5788108	33	0.8486
73d11a28-8b9d-4d7b-a637-77e19fd3b0a0	11	5788231	21174197	11429	-0.0019
73d11a28-8b9d-4d7b-a637-77e19fd3b0a0	11	21174634	21174845	4	1.4934
73d11a28-8b9d-4d7b-a637-77e19fd3b0a0	11	21174963	25685885	3277	0.0129
73d11a28-8b9d-4d7b-a637-77e19fd3b0a0	11	25686094	25691455	7	0.965
73d11a28-8b9d-4d7b-a637-77e19fd3b0a0	11	25691665	31371747	3720	-0.0079
73d11a28-8b9d-4d7b-a637-77e19fd3b0a0	11	31372721	31375533	2	-3.4078
73d11a28-8b9d-4d7b-a637-77e19fd3b0a0	11	31376660	55593955	12614	0.0074
73d11a28-8b9d-4d7b-a637-77e19fd3b0a0	11	55595864	55685533	60	0.5362
73d11a28-8b9d-4d7b-a637-77e19fd3b0a0	11	55686100	55741892	47	0.0842
73d11a28-8b9d-4d7b-a637-77e19fd3b0a0	11	55753280	55753284	2	1.969
73d11a28-8b9d-4d7b-a637-77e19fd3b0a0	11	55756095	64892365	5073	0.0075
73d11a28-8b9d-4d7b-a637-77e19fd3b0a0	11	64895755	64897000	2	-2.0644
73d11a28-8b9d-4d7b-a637-77e19fd3b0a0	11	64898471	71432392	3038	-0.0063
73d11a28-8b9d-4d7b-a637-77e19fd3b0a0	11	71435645	71444046	9	-1.2777
73d11a28-8b9d-4d7b-a637-77e19fd3b0a0	11	71444306	101723653	20263	0.008
73d11a28-8b9d-4d7b-a637-77e19fd3b0a0	11	101727129	101727233	4	2.7983
73d11a28-8b9d-4d7b-a637-77e19fd3b0a0	11	101727481	135074876	23602	0.0041
73d11a28-8b9d-4d7b-a637-77e19fd3b0a0	12	51460	246676	112	0.005
73d11a28-8b9d-4d7b-a637-77e19fd3b0a0	12	247273	248145	2	3.2587
73d11a28-8b9d-4d7b-a637-77e19fd3b0a0	12	248153	9481274	6023	0.0111
73d11a28-8b9d-4d7b-a637-77e19fd3b0a0	12	9485313	9582374	24	-1.5673
73d11a28-8b9d-4d7b-a637-77e19fd3b0a0	12	9583090	12383285	2021	0.0152
73d11a28-8b9d-4d7b-a637-77e19fd3b0a0	12	12383363	12389946	17	-0.8709
73d11a28-8b9d-4d7b-a637-77e19fd3b0a0	12	12389980	29860916	12016	0.0064
73d11a28-8b9d-4d7b-a637-77e19fd3b0a0	12	29863810	29869395	8	-1.2288
73d11a28-8b9d-4d7b-a637-77e19fd3b0a0	12	29869799	31753738	1430	0.0172
73d11a28-8b9d-4d7b-a637-77e19fd3b0a0	12	31754340	31755423	3	-1.9561
73d11a28-8b9d-4d7b-a637-77e19fd3b0a0	12	31756974	33141726	1009	0.0129
73d11a28-8b9d-4d7b-a637-77e19fd3b0a0	12	33148472	33154440	27	-2.5382
73d11a28-8b9d-4d7b-a637-77e19fd3b0a0	12	33155426	90089573	32715	0.0047
73d11a28-8b9d-4d7b-a637-77e19fd3b0a0	12	90097892	90098217	5	-1.7634
73d11a28-8b9d-4d7b-a637-77e19fd3b0a0	12	90098282	133201603	29058	0.0033
73d11a28-8b9d-4d7b-a637-77e19fd3b0a0	13	18452809	71902850	34872	0.004
73d11a28-8b9d-4d7b-a637-77e19fd3b0a0	13	71903417	71905409	2	-4.2649
73d11a28-8b9d-4d7b-a637-77e19fd3b0a0	13	71906311	105720747	22866	0.0012
73d11a28-8b9d-4d7b-a637-77e19fd3b0a0	13	105723779	105725845	3	2.0221
73d11a28-8b9d-4d7b-a637-77e19fd3b0a0	13	105727398	114342922	6090	-0.0014
73d11a28-8b9d-4d7b-a637-77e19fd3b0a0	14	18239283	18415241	6	0.0502
73d11a28-8b9d-4d7b-a637-77e19fd3b0a0	14	18497148	19957350	162	0.7758
73d11a28-8b9d-4d7b-a637-77e19fd3b0a0	14	19957701	21833069	1241	0.0089
73d11a28-8b9d-4d7b-a637-77e19fd3b0a0	14	21835401	22526139	619	0.1993
73d11a28-8b9d-4d7b-a637-77e19fd3b0a0	14	22526849	106294689	52824	0.0038
73d11a28-8b9d-4d7b-a637-77e19fd3b0a0	14	106297265	106297273	3	2.1115
73d11a28-8b9d-4d7b-a637-77e19fd3b0a0	14	106297409	106340774	17	0.2874
73d11a28-8b9d-4d7b-a637-77e19fd3b0a0	14	106345431	106346129	4	-1.0491
73d11a28-8b9d-4d7b-a637-77e19fd3b0a0	14	106360014	106416146	30	0.107
73d11a28-8b9d-4d7b-a637-77e19fd3b0a0	14	106418444	106462169	48	-0.7142
73d11a28-8b9d-4d7b-a637-77e19fd3b0a0	14	106462183	106877229	196	0.0061
73d11a28-8b9d-4d7b-a637-77e19fd3b0a0	15	19811075	21997003	177	0.0774
73d11a28-8b9d-4d7b-a637-77e19fd3b0a0	15	21999319	22269782	19	-0.9773
73d11a28-8b9d-4d7b-a637-77e19fd3b0a0	15	22270474	25174845	1490	0.0252
73d11a28-8b9d-4d7b-a637-77e19fd3b0a0	15	25176460	25188158	8	-1.9936
73d11a28-8b9d-4d7b-a637-77e19fd3b0a0	15	25188765	34421922	5700	0
73d11a28-8b9d-4d7b-a637-77e19fd3b0a0	15	34430601	34570058	65	-0.7043
73d11a28-8b9d-4d7b-a637-77e19fd3b0a0	15	34576695	45087504	6257	-0.0011
73d11a28-8b9d-4d7b-a637-77e19fd3b0a0	15	45089203	45091422	3	1.517
73d11a28-8b9d-4d7b-a637-77e19fd3b0a0	15	45091486	47226610	1322	0.0102
73d11a28-8b9d-4d7b-a637-77e19fd3b0a0	15	47226837	47227357	5	1.1358
73d11a28-8b9d-4d7b-a637-77e19fd3b0a0	15	47233464	56497277	5990	0.0038
73d11a28-8b9d-4d7b-a637-77e19fd3b0a0	15	56497331	56509425	28	-0.5325
73d11a28-8b9d-4d7b-a637-77e19fd3b0a0	15	56509503	76599170	12697	-0.0009
73d11a28-8b9d-4d7b-a637-77e19fd3b0a0	15	76599286	76603434	20	-2.0418
73d11a28-8b9d-4d7b-a637-77e19fd3b0a0	15	76609838	82882631	3882	-0.0031
73d11a28-8b9d-4d7b-a637-77e19fd3b0a0	15	82889131	82889319	3	-2.1156
73d11a28-8b9d-4d7b-a637-77e19fd3b0a0	15	82890669	100463841	12564	0.0089
73d11a28-8b9d-4d7b-a637-77e19fd3b0a0	15	100466195	100466389	2	2.5116
73d11a28-8b9d-4d7b-a637-77e19fd3b0a0	15	100466408	101928837	1081	0.0133
73d11a28-8b9d-4d7b-a637-77e19fd3b0a0	16	10777	51030172	23044	0.0038
73d11a28-8b9d-4d7b-a637-77e19fd3b0a0	16	51030261	51030661	2	2.3135
73d11a28-8b9d-4d7b-a637-77e19fd3b0a0	16	51033054	53424105	1754	-0.0134
73d11a28-8b9d-4d7b-a637-77e19fd3b0a0	16	53435475	53435551	2	1.7398
73d11a28-8b9d-4d7b-a637-77e19fd3b0a0	16	53435895	55762477	2010	0.0047
73d11a28-8b9d-4d7b-a637-77e19fd3b0a0	16	55762598	55788532	20	-0.6705
73d11a28-8b9d-4d7b-a637-77e19fd3b0a0	16	55808442	55813909	9	0.7008
73d11a28-8b9d-4d7b-a637-77e19fd3b0a0	16	55814156	56727061	574	-0.0039
73d11a28-8b9d-4d7b-a637-77e19fd3b0a0	16	56727296	56732919	6	1.223
73d11a28-8b9d-4d7b-a637-77e19fd3b0a0	16	56733371	70105639	8125	0.0022
73d11a28-8b9d-4d7b-a637-77e19fd3b0a0	16	70117657	70179141	17	0.8188
73d11a28-8b9d-4d7b-a637-77e19fd3b0a0	16	70200633	78337711	5483	0.0074
73d11a28-8b9d-4d7b-a637-77e19fd3b0a0	16	78338543	78350868	16	-2.5763
73d11a28-8b9d-4d7b-a637-77e19fd3b0a0	16	78351104	90096867	10553	-0.0086
73d11a28-8b9d-4d7b-a637-77e19fd3b0a0	17	150733	7354708	4050	-0.01
73d11a28-8b9d-4d7b-a637-77e19fd3b0a0	17	7362030	7362487	2	-2.8283
73d11a28-8b9d-4d7b-a637-77e19fd3b0a0	17	7363157	14333066	4865	-0.0023
73d11a28-8b9d-4d7b-a637-77e19fd3b0a0	17	14334770	15519118	1001	0.0779
73d11a28-8b9d-4d7b-a637-77e19fd3b0a0	17	15520792	18414080	1410	-0.0133
73d11a28-8b9d-4d7b-a637-77e19fd3b0a0	17	18452078	18508083	15	-0.7673
73d11a28-8b9d-4d7b-a637-77e19fd3b0a0	17	18508609	19598485	372	0.0175
73d11a28-8b9d-4d7b-a637-77e19fd3b0a0	17	19598642	19635445	29	-0.8237
73d11a28-8b9d-4d7b-a637-77e19fd3b0a0	17	19639849	41265456	8951	0.0021
73d11a28-8b9d-4d7b-a637-77e19fd3b0a0	17	41266762	41274198	23	2.3263
73d11a28-8b9d-4d7b-a637-77e19fd3b0a0	17	41274279	46084941	2487	-0.0026
73d11a28-8b9d-4d7b-a637-77e19fd3b0a0	17	46085231	46323701	127	-0.3963
73d11a28-8b9d-4d7b-a637-77e19fd3b0a0	17	46351954	53034620	3668	0.0005
73d11a28-8b9d-4d7b-a637-77e19fd3b0a0	17	53035026	53035337	3	1.7185
73d11a28-8b9d-4d7b-a637-77e19fd3b0a0	17	53036087	56086735	2121	0.0007
73d11a28-8b9d-4d7b-a637-77e19fd3b0a0	17	56087000	56087519	2	-2.0836
73d11a28-8b9d-4d7b-a637-77e19fd3b0a0	17	56088934	83091923	15667	-0.0033
73d11a28-8b9d-4d7b-a637-77e19fd3b0a0	18	48133	45220183	25627	0.038
73d11a28-8b9d-4d7b-a637-77e19fd3b0a0	18	45222045	45223744	4	-2.6527
73d11a28-8b9d-4d7b-a637-77e19fd3b0a0	18	45223864	63211396	12433	0.0352
73d11a28-8b9d-4d7b-a637-77e19fd3b0a0	18	63212518	63212566	2	-3.4903
73d11a28-8b9d-4d7b-a637-77e19fd3b0a0	18	63213063	80006870	12289	0.0386
73d11a28-8b9d-4d7b-a637-77e19fd3b0a0	18	80010322	80011347	2	-3.5839
73d11a28-8b9d-4d7b-a637-77e19fd3b0a0	18	80012657	80257174	148	0.0897
73d11a28-8b9d-4d7b-a637-77e19fd3b0a0	19	90910	5506648	1588	0.0058
73d11a28-8b9d-4d7b-a637-77e19fd3b0a0	19	5510228	5510642	3	-2.5418
73d11a28-8b9d-4d7b-a637-77e19fd3b0a0	19	5510689	7573760	997	0.0109
73d11a28-8b9d-4d7b-a637-77e19fd3b0a0	19	7573889	7575731	3	1.8149
73d11a28-8b9d-4d7b-a637-77e19fd3b0a0	19	7588332	35358285	14039	0.0026
73d11a28-8b9d-4d7b-a637-77e19fd3b0a0	19	35358319	35370946	24	-0.7138
73d11a28-8b9d-4d7b-a637-77e19fd3b0a0	19	35375842	58586487	12342	-0.0033
73d11a28-8b9d-4d7b-a637-77e19fd3b0a0	20	80664	80907	8	-0.6277
73d11a28-8b9d-4d7b-a637-77e19fd3b0a0	20	80941	195935	79	0.3007
73d11a28-8b9d-4d7b-a637-77e19fd3b0a0	20	198215	38376710	23535	0.0072
73d11a28-8b9d-4d7b-a637-77e19fd3b0a0	20	38382143	38383368	4	-1.6645
73d11a28-8b9d-4d7b-a637-77e19fd3b0a0	20	38383652	46963043	6076	0.0074
73d11a28-8b9d-4d7b-a637-77e19fd3b0a0	20	46964571	46967739	2	-2.0138
73d11a28-8b9d-4d7b-a637-77e19fd3b0a0	20	46968487	63746996	12225	0.0009
73d11a28-8b9d-4d7b-a637-77e19fd3b0a0	20	63747011	63892747	35	-0.4375
73d11a28-8b9d-4d7b-a637-77e19fd3b0a0	20	63893316	64324800	196	-0.0098
73d11a28-8b9d-4d7b-a637-77e19fd3b0a0	21	10354168	46677045	23752	-0.0064
73d11a28-8b9d-4d7b-a637-77e19fd3b0a0	22	15294547	19800405	1667	0.0059
73d11a28-8b9d-4d7b-a637-77e19fd3b0a0	22	19800617	20295256	328	-0.205
73d11a28-8b9d-4d7b-a637-77e19fd3b0a0	22	20295284	26330092	4244	-0.0089
73d11a28-8b9d-4d7b-a637-77e19fd3b0a0	22	26330256	26333001	3	-2.4519
73d11a28-8b9d-4d7b-a637-77e19fd3b0a0	22	26333613	44728470	12468	-0.0063
73d11a28-8b9d-4d7b-a637-77e19fd3b0a0	22	44734493	44741026	8	-0.9644
73d11a28-8b9d-4d7b-a637-77e19fd3b0a0	22	44750545	49688382	3951	-0.0046
73d11a28-8b9d-4d7b-a637-77e19fd3b0a0	22	49689058	49689323	2	-2.1403
73d11a28-8b9d-4d7b-a637-77e19fd3b0a0	22	49691467	50796027	486	-0.0568
73d11a28-8b9d-4d7b-a637-77e19fd3b0a0	X	251810	116889326	60246	0.0166
73d11a28-8b9d-4d7b-a637-77e19fd3b0a0	X	116892777	116893518	2	-5.4508
73d11a28-8b9d-4d7b-a637-77e19fd3b0a0	X	116893919	140799254	13628	0.0117
73d11a28-8b9d-4d7b-a637-77e19fd3b0a0	X	140799576	140799597	2	-5.2006
73d11a28-8b9d-4d7b-a637-77e19fd3b0a0	X	140799726	141983459	650	0.0471
73d11a28-8b9d-4d7b-a637-77e19fd3b0a0	X	141983939	142021352	49	-3.6901
73d11a28-8b9d-4d7b-a637-77e19fd3b0a0	X	142021542	144797898	1885	0.0163
73d11a28-8b9d-4d7b-a637-77e19fd3b0a0	X	144797964	144798020	2	-4.6977
73d11a28-8b9d-4d7b-a637-77e19fd3b0a0	X	144798199	155952689	6574	0.0072
73d11a28-8b9d-4d7b-a637-77e19fd3b0a0	Y	2782397	56872112	6635	-0.9343
