GDC_Aliquot	Chromosome	Start	End	Num_Probes	Segment_Mean
14e67c23-80c4-4193-887f-5c57d5aaf1b9	1	62920	10482064	5253	0.0254
14e67c23-80c4-4193-887f-5c57d5aaf1b9	1	10483779	10484989	5	-1.3425
14e67c23-80c4-4193-887f-5c57d5aaf1b9	1	10488805	12778601	1214	0.0113
14e67c23-80c4-4193-887f-5c57d5aaf1b9	1	12779433	13012913	35	0.3364
14e67c23-80c4-4193-887f-5c57d5aaf1b9	1	13110913	15162689	1384	0.0122
14e67c23-80c4-4193-887f-5c57d5aaf1b9	1	15163114	15167414	13	-0.719
14e67c23-80c4-4193-887f-5c57d5aaf1b9	1	15169338	16766922	766	0.0181
14e67c23-80c4-4193-887f-5c57d5aaf1b9	1	16767520	16788139	11	-0.8891
14e67c23-80c4-4193-887f-5c57d5aaf1b9	1	16855942	16921350	35	0.0877
14e67c23-80c4-4193-887f-5c57d5aaf1b9	1	16921391	16935302	18	0.4673
14e67c23-80c4-4193-887f-5c57d5aaf1b9	1	16935393	25266637	5265	0.0227
14e67c23-80c4-4193-887f-5c57d5aaf1b9	1	25269390	25320455	23	0.4641
14e67c23-80c4-4193-887f-5c57d5aaf1b9	1	25336819	59290269	19780	0.0172
14e67c23-80c4-4193-887f-5c57d5aaf1b9	1	59290420	71287145	8286	-0.0068
14e67c23-80c4-4193-887f-5c57d5aaf1b9	1	71288927	72297687	619	0.0218
14e67c23-80c4-4193-887f-5c57d5aaf1b9	1	72302735	72345465	48	-0.9043
14e67c23-80c4-4193-887f-5c57d5aaf1b9	1	72346221	99564325	17482	0.0011
14e67c23-80c4-4193-887f-5c57d5aaf1b9	1	99569993	99573694	8	-0.9167
14e67c23-80c4-4193-887f-5c57d5aaf1b9	1	99575903	104507740	2919	0.011
14e67c23-80c4-4193-887f-5c57d5aaf1b9	1	104507794	104512453	4	-1.1013
14e67c23-80c4-4193-887f-5c57d5aaf1b9	1	104512552	105470754	497	0.0148
14e67c23-80c4-4193-887f-5c57d5aaf1b9	1	105476583	105479753	17	-1.8199
14e67c23-80c4-4193-887f-5c57d5aaf1b9	1	105481433	109684893	2632	0.0047
14e67c23-80c4-4193-887f-5c57d5aaf1b9	1	109690352	109697556	13	0.7256
14e67c23-80c4-4193-887f-5c57d5aaf1b9	1	109702376	110833598	836	0.0029
14e67c23-80c4-4193-887f-5c57d5aaf1b9	1	110834746	110845604	39	-0.697
14e67c23-80c4-4193-887f-5c57d5aaf1b9	1	110849445	143582192	6283	0.0047
14e67c23-80c4-4193-887f-5c57d5aaf1b9	1	143586758	143708229	51	0.2678
14e67c23-80c4-4193-887f-5c57d5aaf1b9	1	143709115	152588065	2370	0.0097
14e67c23-80c4-4193-887f-5c57d5aaf1b9	1	152588392	152588407	2	-2.3428
14e67c23-80c4-4193-887f-5c57d5aaf1b9	1	152598693	152784298	188	0.0786
14e67c23-80c4-4193-887f-5c57d5aaf1b9	1	152784330	152806100	46	-0.3429
14e67c23-80c4-4193-887f-5c57d5aaf1b9	1	152806341	166579136	9199	0.0076
14e67c23-80c4-4193-887f-5c57d5aaf1b9	1	166582964	166583858	6	-1.055
14e67c23-80c4-4193-887f-5c57d5aaf1b9	1	166584258	179764660	8917	0.0012
14e67c23-80c4-4193-887f-5c57d5aaf1b9	1	179764724	179764774	2	-1.9221
14e67c23-80c4-4193-887f-5c57d5aaf1b9	1	179765669	189323104	6317	0.0091
14e67c23-80c4-4193-887f-5c57d5aaf1b9	1	189323178	189323664	2	-1.8534
14e67c23-80c4-4193-887f-5c57d5aaf1b9	1	189333884	190395090	777	0.0125
14e67c23-80c4-4193-887f-5c57d5aaf1b9	1	190399453	190400839	5	-1.2539
14e67c23-80c4-4193-887f-5c57d5aaf1b9	1	190402172	193186662	1791	-0.0035
14e67c23-80c4-4193-887f-5c57d5aaf1b9	1	193187149	193187187	2	-1.3347
14e67c23-80c4-4193-887f-5c57d5aaf1b9	1	193187202	196762956	2399	0.0057
14e67c23-80c4-4193-887f-5c57d5aaf1b9	1	196769493	196846661	57	-0.4588
14e67c23-80c4-4193-887f-5c57d5aaf1b9	1	196847600	198907465	1214	0.0029
14e67c23-80c4-4193-887f-5c57d5aaf1b9	1	198907683	198907729	2	-2.0766
14e67c23-80c4-4193-887f-5c57d5aaf1b9	1	198909218	199138096	152	-0.014
14e67c23-80c4-4193-887f-5c57d5aaf1b9	1	199138424	199145262	15	-0.5816
14e67c23-80c4-4193-887f-5c57d5aaf1b9	1	199145619	248572774	34188	0.0065
14e67c23-80c4-4193-887f-5c57d5aaf1b9	1	248574146	248645808	35	-0.5623
14e67c23-80c4-4193-887f-5c57d5aaf1b9	1	248646068	248930189	139	0.0326
14e67c23-80c4-4193-887f-5c57d5aaf1b9	2	12784	40381231	28375	0.0088
14e67c23-80c4-4193-887f-5c57d5aaf1b9	2	40385644	40386349	3	-1.4818
14e67c23-80c4-4193-887f-5c57d5aaf1b9	2	40387528	44144582	2772	0.0016
14e67c23-80c4-4193-887f-5c57d5aaf1b9	2	44144674	44145770	2	-1.8764
14e67c23-80c4-4193-887f-5c57d5aaf1b9	2	44150623	52531615	5914	0.0052
14e67c23-80c4-4193-887f-5c57d5aaf1b9	2	52531630	52554236	26	0.4044
14e67c23-80c4-4193-887f-5c57d5aaf1b9	2	52554259	56490309	2877	-0.0111
14e67c23-80c4-4193-887f-5c57d5aaf1b9	2	56493751	56519389	32	0.5198
14e67c23-80c4-4193-887f-5c57d5aaf1b9	2	56522766	77746919	13358	0.005
14e67c23-80c4-4193-887f-5c57d5aaf1b9	2	77749572	77750100	7	-1.2189
14e67c23-80c4-4193-887f-5c57d5aaf1b9	2	77759556	86710564	5605	0.0127
14e67c23-80c4-4193-887f-5c57d5aaf1b9	2	86725947	86726731	2	2.0515
14e67c23-80c4-4193-887f-5c57d5aaf1b9	2	86743283	242147305	90279	0.0043
14e67c23-80c4-4193-887f-5c57d5aaf1b9	3	20930	24738775	18418	0.0033
14e67c23-80c4-4193-887f-5c57d5aaf1b9	3	24740154	24743916	7	-1.0166
14e67c23-80c4-4193-887f-5c57d5aaf1b9	3	24747413	26547373	1546	0.0129
14e67c23-80c4-4193-887f-5c57d5aaf1b9	3	26549797	26573486	24	-0.4868
14e67c23-80c4-4193-887f-5c57d5aaf1b9	3	26574458	60854729	21528	0.007
14e67c23-80c4-4193-887f-5c57d5aaf1b9	3	60855786	60857549	6	-0.9819
14e67c23-80c4-4193-887f-5c57d5aaf1b9	3	60858067	62685619	1525	0.0054
14e67c23-80c4-4193-887f-5c57d5aaf1b9	3	62686039	62709238	49	-1.0134
14e67c23-80c4-4193-887f-5c57d5aaf1b9	3	62712575	68697108	4608	0.0069
14e67c23-80c4-4193-887f-5c57d5aaf1b9	3	68697133	68698262	13	0.6996
14e67c23-80c4-4193-887f-5c57d5aaf1b9	3	68699607	137309121	39117	0.004
14e67c23-80c4-4193-887f-5c57d5aaf1b9	3	137311987	137324378	28	-0.7352
14e67c23-80c4-4193-887f-5c57d5aaf1b9	3	137328545	162790480	15738	0.001
14e67c23-80c4-4193-887f-5c57d5aaf1b9	3	162794869	162908784	71	-0.3896
14e67c23-80c4-4193-887f-5c57d5aaf1b9	3	162908815	195729177	20676	0.002
14e67c23-80c4-4193-887f-5c57d5aaf1b9	3	195730018	195747892	11	0.6494
14e67c23-80c4-4193-887f-5c57d5aaf1b9	3	195751823	198169247	1164	0.0027
14e67c23-80c4-4193-887f-5c57d5aaf1b9	4	68929	8722817	5087	0.0238
14e67c23-80c4-4193-887f-5c57d5aaf1b9	4	9370577	9508238	72	0.5273
14e67c23-80c4-4193-887f-5c57d5aaf1b9	4	9516340	23278352	10057	0.003
14e67c23-80c4-4193-887f-5c57d5aaf1b9	4	23278490	23278497	2	-2.4625
14e67c23-80c4-4193-887f-5c57d5aaf1b9	4	23278812	33377514	6678	0.0158
14e67c23-80c4-4193-887f-5c57d5aaf1b9	4	33383283	33384564	10	-0.8086
14e67c23-80c4-4193-887f-5c57d5aaf1b9	4	33386731	34777432	762	0.0168
14e67c23-80c4-4193-887f-5c57d5aaf1b9	4	34784878	34823103	38	0.4799
14e67c23-80c4-4193-887f-5c57d5aaf1b9	4	34828250	44321815	6179	-0.0021
14e67c23-80c4-4193-887f-5c57d5aaf1b9	4	44324250	44328954	9	-1.1439
14e67c23-80c4-4193-887f-5c57d5aaf1b9	4	44329876	68378716	13219	0.0062
14e67c23-80c4-4193-887f-5c57d5aaf1b9	4	68389352	68674307	94	0.4391
14e67c23-80c4-4193-887f-5c57d5aaf1b9	4	68686026	69072107	200	0.0121
14e67c23-80c4-4193-887f-5c57d5aaf1b9	4	69074404	69074528	3	-1.4374
14e67c23-80c4-4193-887f-5c57d5aaf1b9	4	69075436	69257792	104	-0.1094
14e67c23-80c4-4193-887f-5c57d5aaf1b9	4	69261926	69366081	54	-1.941
14e67c23-80c4-4193-887f-5c57d5aaf1b9	4	69366304	69436657	41	-0.2787
14e67c23-80c4-4193-887f-5c57d5aaf1b9	4	69436722	71079443	971	0.0249
14e67c23-80c4-4193-887f-5c57d5aaf1b9	4	71080237	71082747	5	-0.9576
14e67c23-80c4-4193-887f-5c57d5aaf1b9	4	71084739	76872219	3595	0.0041
14e67c23-80c4-4193-887f-5c57d5aaf1b9	4	76872222	76872625	3	-1.6755
14e67c23-80c4-4193-887f-5c57d5aaf1b9	4	76872676	79894207	2005	0.0103
14e67c23-80c4-4193-887f-5c57d5aaf1b9	4	79895196	79930322	26	0.6094
14e67c23-80c4-4193-887f-5c57d5aaf1b9	4	79933096	89655812	6011	-0.0062
14e67c23-80c4-4193-887f-5c57d5aaf1b9	4	89664279	89666416	2	-2.7719
14e67c23-80c4-4193-887f-5c57d5aaf1b9	4	89666820	114258287	14634	-0.0042
14e67c23-80c4-4193-887f-5c57d5aaf1b9	4	114258300	114261019	10	0.6931
14e67c23-80c4-4193-887f-5c57d5aaf1b9	4	114263073	135587242	12315	0.0009
14e67c23-80c4-4193-887f-5c57d5aaf1b9	4	135587460	135590764	3	-1.372
14e67c23-80c4-4193-887f-5c57d5aaf1b9	4	135590867	143857763	5332	0.0037
14e67c23-80c4-4193-887f-5c57d5aaf1b9	4	143857899	143979436	36	-0.7243
14e67c23-80c4-4193-887f-5c57d5aaf1b9	4	143980290	150955157	3891	-0.007
14e67c23-80c4-4193-887f-5c57d5aaf1b9	4	150955173	150963154	25	-0.5547
14e67c23-80c4-4193-887f-5c57d5aaf1b9	4	150963158	171448195	12997	-0.0014
14e67c23-80c4-4193-887f-5c57d5aaf1b9	4	171453733	171456625	12	1.2923
14e67c23-80c4-4193-887f-5c57d5aaf1b9	4	171459220	178318447	4179	0.0045
14e67c23-80c4-4193-887f-5c57d5aaf1b9	4	178320828	178324622	2	-3.5513
14e67c23-80c4-4193-887f-5c57d5aaf1b9	4	178325820	190106768	8284	0.0072
14e67c23-80c4-4193-887f-5c57d5aaf1b9	5	15532	1894165	923	0.104
14e67c23-80c4-4193-887f-5c57d5aaf1b9	5	1897256	9331736	6574	0.0145
14e67c23-80c4-4193-887f-5c57d5aaf1b9	5	9332282	9345549	10	-0.5814
14e67c23-80c4-4193-887f-5c57d5aaf1b9	5	9345651	15719113	4652	0.0031
14e67c23-80c4-4193-887f-5c57d5aaf1b9	5	15719241	15720488	10	-0.8209
14e67c23-80c4-4193-887f-5c57d5aaf1b9	5	15723237	34559070	11601	0.0117
14e67c23-80c4-4193-887f-5c57d5aaf1b9	5	34562831	34577764	21	0.4566
14e67c23-80c4-4193-887f-5c57d5aaf1b9	5	34578497	55643243	10254	0.0026
14e67c23-80c4-4193-887f-5c57d5aaf1b9	5	55648434	55648442	2	-2.1651
14e67c23-80c4-4193-887f-5c57d5aaf1b9	5	55652905	58025819	1658	-0.0065
14e67c23-80c4-4193-887f-5c57d5aaf1b9	5	58030200	58037466	30	-0.5023
14e67c23-80c4-4193-887f-5c57d5aaf1b9	5	58037688	118050922	36171	-0.0016
14e67c23-80c4-4193-887f-5c57d5aaf1b9	5	118052727	118053390	11	-0.859
14e67c23-80c4-4193-887f-5c57d5aaf1b9	5	118068645	120134658	1317	-0.0059
14e67c23-80c4-4193-887f-5c57d5aaf1b9	5	120135150	120135169	3	-1.3395
14e67c23-80c4-4193-887f-5c57d5aaf1b9	5	120137130	166411837	29565	0.005
14e67c23-80c4-4193-887f-5c57d5aaf1b9	5	166411869	166422950	35	-0.8299
14e67c23-80c4-4193-887f-5c57d5aaf1b9	5	166423045	175966609	7149	0.0171
14e67c23-80c4-4193-887f-5c57d5aaf1b9	5	175966747	176033084	10	0.6215
14e67c23-80c4-4193-887f-5c57d5aaf1b9	5	176038686	176042504	2	-3.2544
14e67c23-80c4-4193-887f-5c57d5aaf1b9	5	176043321	177800550	724	0.0214
14e67c23-80c4-4193-887f-5c57d5aaf1b9	5	177801578	177805604	2	2.4263
14e67c23-80c4-4193-887f-5c57d5aaf1b9	5	177827964	181363319	1981	0.0291
14e67c23-80c4-4193-887f-5c57d5aaf1b9	6	149661	254283	101	-0.0087
14e67c23-80c4-4193-887f-5c57d5aaf1b9	6	257353	365720	92	0.3107
14e67c23-80c4-4193-887f-5c57d5aaf1b9	6	366333	29869411	21418	0.009
14e67c23-80c4-4193-887f-5c57d5aaf1b9	6	29869537	29933787	31	0.3405
14e67c23-80c4-4193-887f-5c57d5aaf1b9	6	29933793	31309909	644	0.0112
14e67c23-80c4-4193-887f-5c57d5aaf1b9	6	31313046	31328176	9	-1.8556
14e67c23-80c4-4193-887f-5c57d5aaf1b9	6	31328210	67728568	20673	0.0014
14e67c23-80c4-4193-887f-5c57d5aaf1b9	6	67728961	67741110	9	-0.9805
14e67c23-80c4-4193-887f-5c57d5aaf1b9	6	67745345	73882142	3922	-0.0017
14e67c23-80c4-4193-887f-5c57d5aaf1b9	6	73882509	73887625	9	0.7502
14e67c23-80c4-4193-887f-5c57d5aaf1b9	6	73891694	76726815	1771	-0.0016
14e67c23-80c4-4193-887f-5c57d5aaf1b9	6	76730151	76731220	5	0.8612
14e67c23-80c4-4193-887f-5c57d5aaf1b9	6	76731658	78252864	987	0.0017
14e67c23-80c4-4193-887f-5c57d5aaf1b9	6	78252909	78325468	116	0.2776
14e67c23-80c4-4193-887f-5c57d5aaf1b9	6	78329517	103299735	15467	0.0028
14e67c23-80c4-4193-887f-5c57d5aaf1b9	6	103299855	103314186	31	0.5965
14e67c23-80c4-4193-887f-5c57d5aaf1b9	6	103317795	170741917	44085	0.002
14e67c23-80c4-4193-887f-5c57d5aaf1b9	7	43355	13824384	9025	-0.0043
14e67c23-80c4-4193-887f-5c57d5aaf1b9	7	13827782	13830154	7	-1.0954
14e67c23-80c4-4193-887f-5c57d5aaf1b9	7	13830872	26765378	10220	-0.0086
14e67c23-80c4-4193-887f-5c57d5aaf1b9	7	26771505	26774775	3	-1.5612
14e67c23-80c4-4193-887f-5c57d5aaf1b9	7	26774875	38251113	8055	0.0021
14e67c23-80c4-4193-887f-5c57d5aaf1b9	7	38254500	38331733	111	-0.36
14e67c23-80c4-4193-887f-5c57d5aaf1b9	7	38332110	54305455	10972	0.0045
14e67c23-80c4-4193-887f-5c57d5aaf1b9	7	54318812	54318824	6	-1.5778
14e67c23-80c4-4193-887f-5c57d5aaf1b9	7	54325795	66627321	3539	0.0147
14e67c23-80c4-4193-887f-5c57d5aaf1b9	7	66630751	66673298	18	0.5013
14e67c23-80c4-4193-887f-5c57d5aaf1b9	7	66680876	76608592	4719	0.0217
14e67c23-80c4-4193-887f-5c57d5aaf1b9	7	76632173	77118213	151	-0.1686
14e67c23-80c4-4193-887f-5c57d5aaf1b9	7	77118694	88743736	7571	0.0128
14e67c23-80c4-4193-887f-5c57d5aaf1b9	7	88746870	88752560	11	-0.5357
14e67c23-80c4-4193-887f-5c57d5aaf1b9	7	88753062	97756658	5777	0.0083
14e67c23-80c4-4193-887f-5c57d5aaf1b9	7	97766148	97773163	16	-0.6047
14e67c23-80c4-4193-887f-5c57d5aaf1b9	7	97774928	98955120	567	0.0032
14e67c23-80c4-4193-887f-5c57d5aaf1b9	7	98955994	99000965	33	0.3137
14e67c23-80c4-4193-887f-5c57d5aaf1b9	7	99001710	104380580	2431	0.0148
14e67c23-80c4-4193-887f-5c57d5aaf1b9	7	104382693	104382742	2	-1.4579
14e67c23-80c4-4193-887f-5c57d5aaf1b9	7	104382884	109793741	3560	0.001
14e67c23-80c4-4193-887f-5c57d5aaf1b9	7	109797035	109813853	35	0.4711
14e67c23-80c4-4193-887f-5c57d5aaf1b9	7	109813925	110158535	207	0.0201
14e67c23-80c4-4193-887f-5c57d5aaf1b9	7	110158550	110159025	6	-1.1716
14e67c23-80c4-4193-887f-5c57d5aaf1b9	7	110159142	110787463	459	0.0019
14e67c23-80c4-4193-887f-5c57d5aaf1b9	7	110788876	110792438	7	-0.8294
14e67c23-80c4-4193-887f-5c57d5aaf1b9	7	110792471	119999209	5456	0.005
14e67c23-80c4-4193-887f-5c57d5aaf1b9	7	120014345	120019553	7	-1.0624
14e67c23-80c4-4193-887f-5c57d5aaf1b9	7	120026838	141328946	13349	0.0074
14e67c23-80c4-4193-887f-5c57d5aaf1b9	7	141330590	141331004	2	-2.8555
14e67c23-80c4-4193-887f-5c57d5aaf1b9	7	141331740	142490440	790	0.0082
14e67c23-80c4-4193-887f-5c57d5aaf1b9	7	142490557	142784194	132	-0.2522
14e67c23-80c4-4193-887f-5c57d5aaf1b9	7	142785320	150267489	4400	0.0035
14e67c23-80c4-4193-887f-5c57d5aaf1b9	7	150270897	150296280	4	-1.2996
14e67c23-80c4-4193-887f-5c57d5aaf1b9	7	150298258	159334314	5999	0.0151
14e67c23-80c4-4193-887f-5c57d5aaf1b9	8	81254	13952913	12342	0.0011
14e67c23-80c4-4193-887f-5c57d5aaf1b9	8	13954848	13957728	3	-2.3538
14e67c23-80c4-4193-887f-5c57d5aaf1b9	8	13957826	16339682	2164	0.0236
14e67c23-80c4-4193-887f-5c57d5aaf1b9	8	16349445	16349614	8	-1.3808
14e67c23-80c4-4193-887f-5c57d5aaf1b9	8	16354575	17687251	1179	0.0081
14e67c23-80c4-4193-887f-5c57d5aaf1b9	8	17687327	17687355	2	1.6742
14e67c23-80c4-4193-887f-5c57d5aaf1b9	8	17690783	24070452	4971	0.0072
14e67c23-80c4-4193-887f-5c57d5aaf1b9	8	24070815	24072595	4	-1.4769
14e67c23-80c4-4193-887f-5c57d5aaf1b9	8	24084697	27895113	2934	0.0107
14e67c23-80c4-4193-887f-5c57d5aaf1b9	8	27895141	27897886	3	1.0526
14e67c23-80c4-4193-887f-5c57d5aaf1b9	8	27900727	28030045	107	0.0058
14e67c23-80c4-4193-887f-5c57d5aaf1b9	8	28030058	28030205	2	-1.7925
14e67c23-80c4-4193-887f-5c57d5aaf1b9	8	28033341	64330191	20650	0.0124
14e67c23-80c4-4193-887f-5c57d5aaf1b9	8	64334427	64348795	15	-0.636
14e67c23-80c4-4193-887f-5c57d5aaf1b9	8	64353250	74396083	6193	0.0086
14e67c23-80c4-4193-887f-5c57d5aaf1b9	8	74406948	74416300	6	-1.0455
14e67c23-80c4-4193-887f-5c57d5aaf1b9	8	74419850	141327635	43173	0.0045
14e67c23-80c4-4193-887f-5c57d5aaf1b9	8	141330458	141505299	77	0.1374
14e67c23-80c4-4193-887f-5c57d5aaf1b9	8	141511277	141512685	2	1.603
14e67c23-80c4-4193-887f-5c57d5aaf1b9	8	141519569	145072769	1495	0.0701
14e67c23-80c4-4193-887f-5c57d5aaf1b9	9	46587	602903	505	-0.0132
14e67c23-80c4-4193-887f-5c57d5aaf1b9	9	606699	606961	4	-1.8071
14e67c23-80c4-4193-887f-5c57d5aaf1b9	9	607307	41571860	30711	0.005
14e67c23-80c4-4193-887f-5c57d5aaf1b9	9	41635766	41666811	10	0.911
14e67c23-80c4-4193-887f-5c57d5aaf1b9	9	41703463	41741113	5	0.3592
14e67c23-80c4-4193-887f-5c57d5aaf1b9	9	42014203	42179276	21	-0.5186
14e67c23-80c4-4193-887f-5c57d5aaf1b9	9	42202227	69413658	1141	0.0287
14e67c23-80c4-4193-887f-5c57d5aaf1b9	9	69420283	69434112	16	0.6976
14e67c23-80c4-4193-887f-5c57d5aaf1b9	9	69434688	113058286	30985	0
14e67c23-80c4-4193-887f-5c57d5aaf1b9	9	113092071	113122780	31	-0.9023
14e67c23-80c4-4193-887f-5c57d5aaf1b9	9	113125832	124882603	8609	0.0119
14e67c23-80c4-4193-887f-5c57d5aaf1b9	9	124885521	124899366	11	-1.0798
14e67c23-80c4-4193-887f-5c57d5aaf1b9	9	124911106	138200944	7310	0.0142
14e67c23-80c4-4193-887f-5c57d5aaf1b9	10	45792	19562904	16132	0.0062
14e67c23-80c4-4193-887f-5c57d5aaf1b9	10	19563446	19572913	12	-0.946
14e67c23-80c4-4193-887f-5c57d5aaf1b9	10	19576103	46617422	15504	-0.0074
14e67c23-80c4-4193-887f-5c57d5aaf1b9	10	46618028	46632302	3	-3.4327
14e67c23-80c4-4193-887f-5c57d5aaf1b9	10	46657149	49165787	1164	-0.0291
14e67c23-80c4-4193-887f-5c57d5aaf1b9	10	49166126	49166172	3	-1.6068
14e67c23-80c4-4193-887f-5c57d5aaf1b9	10	49167282	50070600	515	-0.0152
14e67c23-80c4-4193-887f-5c57d5aaf1b9	10	50081224	50107474	3	-1.5267
14e67c23-80c4-4193-887f-5c57d5aaf1b9	10	50132160	51255072	737	-0.0288
14e67c23-80c4-4193-887f-5c57d5aaf1b9	10	51255378	51255823	7	-0.8774
14e67c23-80c4-4193-887f-5c57d5aaf1b9	10	51256832	52783017	1229	-0.0014
14e67c23-80c4-4193-887f-5c57d5aaf1b9	10	52784801	52789569	8	-1.1686
14e67c23-80c4-4193-887f-5c57d5aaf1b9	10	52793045	57075292	3152	-0.0012
14e67c23-80c4-4193-887f-5c57d5aaf1b9	10	57083896	57090128	9	-1.0273
14e67c23-80c4-4193-887f-5c57d5aaf1b9	10	57094024	58409493	986	0.025
14e67c23-80c4-4193-887f-5c57d5aaf1b9	10	58412017	58412207	2	-2.3052
14e67c23-80c4-4193-887f-5c57d5aaf1b9	10	58412618	64673096	4232	0.0032
14e67c23-80c4-4193-887f-5c57d5aaf1b9	10	64676137	64679236	15	-0.8201
14e67c23-80c4-4193-887f-5c57d5aaf1b9	10	64679274	70281133	3827	0.0036
14e67c23-80c4-4193-887f-5c57d5aaf1b9	10	70284525	70285576	3	-1.4835
14e67c23-80c4-4193-887f-5c57d5aaf1b9	10	70286679	70668347	282	0.0159
14e67c23-80c4-4193-887f-5c57d5aaf1b9	10	70668807	70673754	2	-1.3362
14e67c23-80c4-4193-887f-5c57d5aaf1b9	10	70677868	78824576	5215	0.014
14e67c23-80c4-4193-887f-5c57d5aaf1b9	10	78824997	78832740	14	-0.5583
14e67c23-80c4-4193-887f-5c57d5aaf1b9	10	78833186	79595316	514	0.0174
14e67c23-80c4-4193-887f-5c57d5aaf1b9	10	79624118	79649470	6	-1.3175
14e67c23-80c4-4193-887f-5c57d5aaf1b9	10	79663484	89178916	6575	0.0072
14e67c23-80c4-4193-887f-5c57d5aaf1b9	10	89183210	89190337	13	-0.757
14e67c23-80c4-4193-887f-5c57d5aaf1b9	10	89190649	105296521	9826	0.0071
14e67c23-80c4-4193-887f-5c57d5aaf1b9	10	105297280	105299412	3	-3.3599
14e67c23-80c4-4193-887f-5c57d5aaf1b9	10	105302718	113313388	5714	0.0112
14e67c23-80c4-4193-887f-5c57d5aaf1b9	10	113315215	113315384	3	-1.307
14e67c23-80c4-4193-887f-5c57d5aaf1b9	10	113317317	121004162	5497	0.009
14e67c23-80c4-4193-887f-5c57d5aaf1b9	10	121011150	121017985	18	-1.5316
14e67c23-80c4-4193-887f-5c57d5aaf1b9	10	121030029	122574497	1398	0.0257
14e67c23-80c4-4193-887f-5c57d5aaf1b9	10	122584593	122591497	6	0.9211
14e67c23-80c4-4193-887f-5c57d5aaf1b9	10	122597296	130247902	5709	0.004
14e67c23-80c4-4193-887f-5c57d5aaf1b9	10	130248064	131722849	1268	0.0681
14e67c23-80c4-4193-887f-5c57d5aaf1b9	10	131725586	133415637	764	-0.0043
14e67c23-80c4-4193-887f-5c57d5aaf1b9	10	133416215	133416364	2	-2.2928
14e67c23-80c4-4193-887f-5c57d5aaf1b9	10	133419150	133654968	148	0.0056
14e67c23-80c4-4193-887f-5c57d5aaf1b9	11	198510	4949013	2417	0.0229
14e67c23-80c4-4193-887f-5c57d5aaf1b9	11	4949047	4955042	28	0.5788
14e67c23-80c4-4193-887f-5c57d5aaf1b9	11	4955781	5757293	775	-0.0129
14e67c23-80c4-4193-887f-5c57d5aaf1b9	11	5761695	5787909	41	-0.4254
14e67c23-80c4-4193-887f-5c57d5aaf1b9	11	5788108	6096746	244	-0.0027
14e67c23-80c4-4193-887f-5c57d5aaf1b9	11	6099417	6100864	2	-1.9426
14e67c23-80c4-4193-887f-5c57d5aaf1b9	11	6101273	30150367	17454	0.0071
14e67c23-80c4-4193-887f-5c57d5aaf1b9	11	30150621	30158896	26	-0.779
14e67c23-80c4-4193-887f-5c57d5aaf1b9	11	30159138	135074876	65718	0.0083
14e67c23-80c4-4193-887f-5c57d5aaf1b9	12	51460	8404097	5584	0.0043
14e67c23-80c4-4193-887f-5c57d5aaf1b9	12	8405892	8432076	18	0.8288
14e67c23-80c4-4193-887f-5c57d5aaf1b9	12	8442298	9477960	557	0.0255
14e67c23-80c4-4193-887f-5c57d5aaf1b9	12	9481274	9562969	23	0.795
14e67c23-80c4-4193-887f-5c57d5aaf1b9	12	9575696	11361188	1185	-0.0247
14e67c23-80c4-4193-887f-5c57d5aaf1b9	12	11361377	11390472	24	0.4771
14e67c23-80c4-4193-887f-5c57d5aaf1b9	12	11399258	15412761	2999	0.0054
14e67c23-80c4-4193-887f-5c57d5aaf1b9	12	15414989	15420709	6	-0.8776
14e67c23-80c4-4193-887f-5c57d5aaf1b9	12	15422203	17435653	1237	0.005
14e67c23-80c4-4193-887f-5c57d5aaf1b9	12	17437510	17441755	5	-0.9274
14e67c23-80c4-4193-887f-5c57d5aaf1b9	12	17442690	22095435	3018	0.0042
14e67c23-80c4-4193-887f-5c57d5aaf1b9	12	22095740	22096185	8	-0.8132
14e67c23-80c4-4193-887f-5c57d5aaf1b9	12	22096195	33233822	8150	0.0018
14e67c23-80c4-4193-887f-5c57d5aaf1b9	12	33235894	33242207	4	-4.0589
14e67c23-80c4-4193-887f-5c57d5aaf1b9	12	33242483	37640556	783	0.0171
14e67c23-80c4-4193-887f-5c57d5aaf1b9	12	37659337	37714251	32	-0.5007
14e67c23-80c4-4193-887f-5c57d5aaf1b9	12	37767650	69552574	19244	0.0038
14e67c23-80c4-4193-887f-5c57d5aaf1b9	12	69558209	69558430	2	-2.2931
14e67c23-80c4-4193-887f-5c57d5aaf1b9	12	69558730	99398036	19118	0.0047
14e67c23-80c4-4193-887f-5c57d5aaf1b9	12	99401515	99404956	31	-1.2499
14e67c23-80c4-4193-887f-5c57d5aaf1b9	12	99409315	127807966	18736	0.0081
14e67c23-80c4-4193-887f-5c57d5aaf1b9	12	127812482	133201603	3917	0.051
14e67c23-80c4-4193-887f-5c57d5aaf1b9	13	18452809	57176962	25974	0.0044
14e67c23-80c4-4193-887f-5c57d5aaf1b9	13	57184136	57204246	33	-1.993
14e67c23-80c4-4193-887f-5c57d5aaf1b9	13	57215580	78309490	13560	0.0063
14e67c23-80c4-4193-887f-5c57d5aaf1b9	13	78311495	78312974	3	-1.7637
14e67c23-80c4-4193-887f-5c57d5aaf1b9	13	78313181	114342922	24467	0.008
14e67c23-80c4-4193-887f-5c57d5aaf1b9	14	18239283	19078442	32	-0.408
14e67c23-80c4-4193-887f-5c57d5aaf1b9	14	19110634	19957752	139	0.4966
14e67c23-80c4-4193-887f-5c57d5aaf1b9	14	19958388	21580443	1067	0.0124
14e67c23-80c4-4193-887f-5c57d5aaf1b9	14	21582009	21587633	11	0.9781
14e67c23-80c4-4193-887f-5c57d5aaf1b9	14	21604196	21926607	274	-0.0153
14e67c23-80c4-4193-887f-5c57d5aaf1b9	14	21928047	22501590	490	-0.2271
14e67c23-80c4-4193-887f-5c57d5aaf1b9	14	22502281	106321086	53009	0.0071
14e67c23-80c4-4193-887f-5c57d5aaf1b9	14	106340102	106346129	7	-1.3993
14e67c23-80c4-4193-887f-5c57d5aaf1b9	14	106360014	106877229	274	-0.0327
14e67c23-80c4-4193-887f-5c57d5aaf1b9	15	19811075	19989485	43	-0.0345
14e67c23-80c4-4193-887f-5c57d5aaf1b9	15	19998708	22385639	164	0.2967
14e67c23-80c4-4193-887f-5c57d5aaf1b9	15	22395047	101928837	51253	0.0107
14e67c23-80c4-4193-887f-5c57d5aaf1b9	16	10777	12591086	9447	0.023
14e67c23-80c4-4193-887f-5c57d5aaf1b9	16	12591214	12612656	46	-0.8408
14e67c23-80c4-4193-887f-5c57d5aaf1b9	16	12613101	59767987	19886	0.0118
14e67c23-80c4-4193-887f-5c57d5aaf1b9	16	59770152	59779487	9	-0.909
14e67c23-80c4-4193-887f-5c57d5aaf1b9	16	59782161	63250146	2200	0.0135
14e67c23-80c4-4193-887f-5c57d5aaf1b9	16	63257466	63362468	70	0.5407
14e67c23-80c4-4193-887f-5c57d5aaf1b9	16	63363900	66106713	2089	0.0227
14e67c23-80c4-4193-887f-5c57d5aaf1b9	16	66107653	66110241	2	-1.3946
14e67c23-80c4-4193-887f-5c57d5aaf1b9	16	66110312	74364131	4205	0.0142
14e67c23-80c4-4193-887f-5c57d5aaf1b9	16	74371293	74373481	4	-1.2609
14e67c23-80c4-4193-887f-5c57d5aaf1b9	16	74418138	75403051	584	0.0068
14e67c23-80c4-4193-887f-5c57d5aaf1b9	16	75403090	75414055	4	-1.2947
14e67c23-80c4-4193-887f-5c57d5aaf1b9	16	75420506	83995534	8947	0.0113
14e67c23-80c4-4193-887f-5c57d5aaf1b9	16	83995951	84668491	622	0.1157
14e67c23-80c4-4193-887f-5c57d5aaf1b9	16	84670048	90096867	3647	0.0374
14e67c23-80c4-4193-887f-5c57d5aaf1b9	17	150733	2524890	1221	0.0308
14e67c23-80c4-4193-887f-5c57d5aaf1b9	17	2525214	2525230	2	-1.7406
14e67c23-80c4-4193-887f-5c57d5aaf1b9	17	2527447	16798212	9244	0.0096
14e67c23-80c4-4193-887f-5c57d5aaf1b9	17	16806233	16815664	3	-2.0231
14e67c23-80c4-4193-887f-5c57d5aaf1b9	17	16815729	18414080	910	0.0197
14e67c23-80c4-4193-887f-5c57d5aaf1b9	17	18452078	18561907	27	0.9317
14e67c23-80c4-4193-887f-5c57d5aaf1b9	17	18565883	29452420	2688	0.0077
14e67c23-80c4-4193-887f-5c57d5aaf1b9	17	29455209	29455859	3	-2.0578
14e67c23-80c4-4193-887f-5c57d5aaf1b9	17	29461239	36494512	4210	0.0061
14e67c23-80c4-4193-887f-5c57d5aaf1b9	17	36494948	36528656	34	0.3368
14e67c23-80c4-4193-887f-5c57d5aaf1b9	17	36530405	41224170	2423	0.0121
14e67c23-80c4-4193-887f-5c57d5aaf1b9	17	41224178	41239604	7	-0.6799
14e67c23-80c4-4193-887f-5c57d5aaf1b9	17	41245790	41273905	31	0.29
14e67c23-80c4-4193-887f-5c57d5aaf1b9	17	41273921	41274198	3	2.1728
14e67c23-80c4-4193-887f-5c57d5aaf1b9	17	41274279	46099618	2509	0.0051
14e67c23-80c4-4193-887f-5c57d5aaf1b9	17	46099684	46147957	37	-0.2663
14e67c23-80c4-4193-887f-5c57d5aaf1b9	17	46148399	46148490	4	-1.1646
14e67c23-80c4-4193-887f-5c57d5aaf1b9	17	46153960	46569894	80	-0.3847
14e67c23-80c4-4193-887f-5c57d5aaf1b9	17	46571001	78285287	19211	0.0107
14e67c23-80c4-4193-887f-5c57d5aaf1b9	17	78286051	78286887	2	-2.0635
14e67c23-80c4-4193-887f-5c57d5aaf1b9	17	78290662	83091923	2312	0.0104
14e67c23-80c4-4193-887f-5c57d5aaf1b9	18	48133	65532281	39840	0.0038
14e67c23-80c4-4193-887f-5c57d5aaf1b9	18	65532329	65540274	29	-0.5481
14e67c23-80c4-4193-887f-5c57d5aaf1b9	18	65542057	66095064	409	0.0131
14e67c23-80c4-4193-887f-5c57d5aaf1b9	18	66099904	66100686	3	-1.4984
14e67c23-80c4-4193-887f-5c57d5aaf1b9	18	66108359	79563013	10000	0.0065
14e67c23-80c4-4193-887f-5c57d5aaf1b9	18	79565576	79934413	172	0.1615
14e67c23-80c4-4193-887f-5c57d5aaf1b9	18	79935384	80257174	184	0.0341
14e67c23-80c4-4193-887f-5c57d5aaf1b9	19	90910	21565013	9546	0.0193
14e67c23-80c4-4193-887f-5c57d5aaf1b9	19	21569087	21572522	6	-0.952
14e67c23-80c4-4193-887f-5c57d5aaf1b9	19	21578785	36267995	7569	0.0126
14e67c23-80c4-4193-887f-5c57d5aaf1b9	19	36314803	36356596	19	-0.4236
14e67c23-80c4-4193-887f-5c57d5aaf1b9	19	36356735	43313441	3460	0.0205
14e67c23-80c4-4193-887f-5c57d5aaf1b9	19	43313683	43313722	2	-1.8925
14e67c23-80c4-4193-887f-5c57d5aaf1b9	19	43313843	54215136	5853	0.0286
14e67c23-80c4-4193-887f-5c57d5aaf1b9	19	54226329	54237443	16	-0.6553
14e67c23-80c4-4193-887f-5c57d5aaf1b9	19	54249482	54828278	295	0.0635
14e67c23-80c4-4193-887f-5c57d5aaf1b9	19	54835675	54856748	11	0.6724
14e67c23-80c4-4193-887f-5c57d5aaf1b9	19	54856908	55761691	436	0.0143
14e67c23-80c4-4193-887f-5c57d5aaf1b9	19	55766684	55771701	6	0.9771
14e67c23-80c4-4193-887f-5c57d5aaf1b9	19	55774927	56201725	323	0.032
14e67c23-80c4-4193-887f-5c57d5aaf1b9	19	56202579	56208905	9	-0.8505
14e67c23-80c4-4193-887f-5c57d5aaf1b9	19	56211390	56692890	349	-0.031
14e67c23-80c4-4193-887f-5c57d5aaf1b9	19	56694503	56700143	5	-0.9261
14e67c23-80c4-4193-887f-5c57d5aaf1b9	19	56705460	58586487	1150	0.0373
14e67c23-80c4-4193-887f-5c57d5aaf1b9	20	80664	1237921	902	0.0226
14e67c23-80c4-4193-887f-5c57d5aaf1b9	20	1239129	1246599	4	-2.1568
14e67c23-80c4-4193-887f-5c57d5aaf1b9	20	1247725	1580305	294	0.0383
14e67c23-80c4-4193-887f-5c57d5aaf1b9	20	1580353	1609888	40	1.0531
14e67c23-80c4-4193-887f-5c57d5aaf1b9	20	1613203	3858160	1580	0.0132
14e67c23-80c4-4193-887f-5c57d5aaf1b9	20	3862337	3862380	2	-4.1277
14e67c23-80c4-4193-887f-5c57d5aaf1b9	20	3862746	30193847	17165	0.0095
14e67c23-80c4-4193-887f-5c57d5aaf1b9	20	30206919	30259177	13	-0.8757
14e67c23-80c4-4193-887f-5c57d5aaf1b9	20	30271154	64324800	22305	0.0126
14e67c23-80c4-4193-887f-5c57d5aaf1b9	21	10354168	10388383	5	0.4262
14e67c23-80c4-4193-887f-5c57d5aaf1b9	21	10388521	13189617	108	-0.3088
14e67c23-80c4-4193-887f-5c57d5aaf1b9	21	13197963	43818171	22157	-0.0025
14e67c23-80c4-4193-887f-5c57d5aaf1b9	21	43819197	43819423	2	-1.8892
14e67c23-80c4-4193-887f-5c57d5aaf1b9	21	43820114	44407510	219	0.0361
14e67c23-80c4-4193-887f-5c57d5aaf1b9	21	44416516	44417907	2	-1.219
14e67c23-80c4-4193-887f-5c57d5aaf1b9	21	44419032	46677045	1314	0.0315
14e67c23-80c4-4193-887f-5c57d5aaf1b9	22	15294547	15583346	13	0.1738
14e67c23-80c4-4193-887f-5c57d5aaf1b9	22	15591298	16658921	89	-0.2578
14e67c23-80c4-4193-887f-5c57d5aaf1b9	22	16659817	19123252	1154	0.0037
14e67c23-80c4-4193-887f-5c57d5aaf1b9	22	19125964	21663930	1507	0.0776
14e67c23-80c4-4193-887f-5c57d5aaf1b9	22	21670026	22102756	338	0.0174
14e67c23-80c4-4193-887f-5c57d5aaf1b9	22	22106357	22120255	15	-0.6932
14e67c23-80c4-4193-887f-5c57d5aaf1b9	22	22127104	23929558	1255	0.0352
14e67c23-80c4-4193-887f-5c57d5aaf1b9	22	23940911	23995755	20	0.5835
14e67c23-80c4-4193-887f-5c57d5aaf1b9	22	24002228	50796027	18846	0.0181
14e67c23-80c4-4193-887f-5c57d5aaf1b9	X	251810	155952689	83582	0.0061
14e67c23-80c4-4193-887f-5c57d5aaf1b9	Y	2782397	8743753	2018	-0.9941
14e67c23-80c4-4193-887f-5c57d5aaf1b9	Y	8747099	8748148	2	-4.1778
14e67c23-80c4-4193-887f-5c57d5aaf1b9	Y	8748395	56872112	4620	-0.9754
