GDC_Aliquot	Chromosome	Start	End	Num_Probes	Segment_Mean
6fbdec0c-7582-455d-a0a9-928410438cde	1	62920	2138242	365	-0.0075
6fbdec0c-7582-455d-a0a9-928410438cde	1	2140299	2873341	186	-0.1892
6fbdec0c-7582-455d-a0a9-928410438cde	1	2876236	2892925	3	-1.9886
6fbdec0c-7582-455d-a0a9-928410438cde	1	2896346	3301765	182	-0.2676
6fbdec0c-7582-455d-a0a9-928410438cde	1	3302046	10610834	4618	-0.0441
6fbdec0c-7582-455d-a0a9-928410438cde	1	10611363	10619664	3	-2.5128
6fbdec0c-7582-455d-a0a9-928410438cde	1	10621749	15827002	2980	-0.0401
6fbdec0c-7582-455d-a0a9-928410438cde	1	15827041	15827430	5	1.202
6fbdec0c-7582-455d-a0a9-928410438cde	1	15827706	15844541	10	0.4715
6fbdec0c-7582-455d-a0a9-928410438cde	1	15850269	16018169	76	0.0391
6fbdec0c-7582-455d-a0a9-928410438cde	1	16018332	16052921	9	-0.4587
6fbdec0c-7582-455d-a0a9-928410438cde	1	16063071	16605031	213	0.015
6fbdec0c-7582-455d-a0a9-928410438cde	1	16609512	16643683	20	0.4651
6fbdec0c-7582-455d-a0a9-928410438cde	1	16643816	16864367	32	-0.0275
6fbdec0c-7582-455d-a0a9-928410438cde	1	16868660	16935752	53	-0.5501
6fbdec0c-7582-455d-a0a9-928410438cde	1	16949746	21295676	2934	-0.0217
6fbdec0c-7582-455d-a0a9-928410438cde	1	21298294	21307474	3	-1.1528
6fbdec0c-7582-455d-a0a9-928410438cde	1	21310303	25256800	2327	-0.0036
6fbdec0c-7582-455d-a0a9-928410438cde	1	25256850	25336819	26	0.6453
6fbdec0c-7582-455d-a0a9-928410438cde	1	25336853	38117186	6787	-0.0378
6fbdec0c-7582-455d-a0a9-928410438cde	1	38118360	38119209	2	-2.4182
6fbdec0c-7582-455d-a0a9-928410438cde	1	38121474	45909024	4439	-0.0197
6fbdec0c-7582-455d-a0a9-928410438cde	1	45910272	46221377	147	0.1401
6fbdec0c-7582-455d-a0a9-928410438cde	1	46224659	57187484	6700	-0.008
6fbdec0c-7582-455d-a0a9-928410438cde	1	57188224	57194802	7	-0.8019
6fbdec0c-7582-455d-a0a9-928410438cde	1	57195149	72353096	10716	-0.0028
6fbdec0c-7582-455d-a0a9-928410438cde	1	72353207	72362295	7	-0.7792
6fbdec0c-7582-455d-a0a9-928410438cde	1	72362629	75585159	1919	-0.0183
6fbdec0c-7582-455d-a0a9-928410438cde	1	75589078	75589169	2	-3.1743
6fbdec0c-7582-455d-a0a9-928410438cde	1	75593824	103614714	18101	-0.006
6fbdec0c-7582-455d-a0a9-928410438cde	1	103615687	103620877	4	-1.4114
6fbdec0c-7582-455d-a0a9-928410438cde	1	103621165	105470754	923	-0.0296
6fbdec0c-7582-455d-a0a9-928410438cde	1	105476583	105479753	17	1.7993
6fbdec0c-7582-455d-a0a9-928410438cde	1	105481433	105544653	49	0.5485
6fbdec0c-7582-455d-a0a9-928410438cde	1	105548298	108223733	1910	-0.0094
6fbdec0c-7582-455d-a0a9-928410438cde	1	108226680	108274557	2	1.1742
6fbdec0c-7582-455d-a0a9-928410438cde	1	108310648	108950277	328	0.0324
6fbdec0c-7582-455d-a0a9-928410438cde	1	108951525	108955493	14	0.4466
6fbdec0c-7582-455d-a0a9-928410438cde	1	108955523	109684893	334	0.022
6fbdec0c-7582-455d-a0a9-928410438cde	1	109690352	109697556	13	0.685
6fbdec0c-7582-455d-a0a9-928410438cde	1	109702376	110822250	824	0.0006
6fbdec0c-7582-455d-a0a9-928410438cde	1	110823480	110859267	72	0.1764
6fbdec0c-7582-455d-a0a9-928410438cde	1	110860873	111385772	426	-0.0245
6fbdec0c-7582-455d-a0a9-928410438cde	1	111386515	111390609	5	-1.4841
6fbdec0c-7582-455d-a0a9-928410438cde	1	111393046	112147704	622	-0.0214
6fbdec0c-7582-455d-a0a9-928410438cde	1	112153343	112154768	25	0.4907
6fbdec0c-7582-455d-a0a9-928410438cde	1	112163334	143546851	5168	0.0007
6fbdec0c-7582-455d-a0a9-928410438cde	1	143547055	143893019	117	-0.7695
6fbdec0c-7582-455d-a0a9-928410438cde	1	143921397	152582700	2320	0.0099
6fbdec0c-7582-455d-a0a9-928410438cde	1	152583051	152613641	31	0.6506
6fbdec0c-7582-455d-a0a9-928410438cde	1	152613762	152670930	73	0.0299
6fbdec0c-7582-455d-a0a9-928410438cde	1	152675685	152678055	3	-0.7179
6fbdec0c-7582-455d-a0a9-928410438cde	1	152679375	152778761	88	-0.0177
6fbdec0c-7582-455d-a0a9-928410438cde	1	152782154	152806082	50	-0.2775
6fbdec0c-7582-455d-a0a9-928410438cde	1	152806100	158896783	3611	0.0078
6fbdec0c-7582-455d-a0a9-928410438cde	1	158898711	158899969	2	1.4463
6fbdec0c-7582-455d-a0a9-928410438cde	1	158905028	160176383	839	0.0071
6fbdec0c-7582-455d-a0a9-928410438cde	1	160176704	160177153	4	-1.3542
6fbdec0c-7582-455d-a0a9-928410438cde	1	160178881	161533104	800	0.0085
6fbdec0c-7582-455d-a0a9-928410438cde	1	161539001	161678447	14	0.4891
6fbdec0c-7582-455d-a0a9-928410438cde	1	161678831	169247699	6010	0.0007
6fbdec0c-7582-455d-a0a9-928410438cde	1	169264736	169269493	5	-3.2453
6fbdec0c-7582-455d-a0a9-928410438cde	1	169269507	196745692	18184	-0.0028
6fbdec0c-7582-455d-a0a9-928410438cde	1	196745743	196790158	40	0.5598
6fbdec0c-7582-455d-a0a9-928410438cde	1	196792690	204314692	4863	0.0084
6fbdec0c-7582-455d-a0a9-928410438cde	1	204314978	204315764	2	-2.4784
6fbdec0c-7582-455d-a0a9-928410438cde	1	204318049	204600248	242	0.0603
6fbdec0c-7582-455d-a0a9-928410438cde	1	204601403	246296883	29194	-0.0026
6fbdec0c-7582-455d-a0a9-928410438cde	1	246299965	248475325	1357	0.0609
6fbdec0c-7582-455d-a0a9-928410438cde	1	248477891	248661962	53	0.3954
6fbdec0c-7582-455d-a0a9-928410438cde	1	248662519	248930189	136	0.0404
6fbdec0c-7582-455d-a0a9-928410438cde	2	12784	446942	270	0.0219
6fbdec0c-7582-455d-a0a9-928410438cde	2	447970	687775	217	-0.037
6fbdec0c-7582-455d-a0a9-928410438cde	2	694759	1886654	734	-0.1187
6fbdec0c-7582-455d-a0a9-928410438cde	2	1887333	8218569	5250	-0.0278
6fbdec0c-7582-455d-a0a9-928410438cde	2	8222680	12163947	2830	0.0241
6fbdec0c-7582-455d-a0a9-928410438cde	2	12163964	12164189	4	-2.0856
6fbdec0c-7582-455d-a0a9-928410438cde	2	12164245	17036583	3541	0.005
6fbdec0c-7582-455d-a0a9-928410438cde	2	17039825	17056638	47	-0.7787
6fbdec0c-7582-455d-a0a9-928410438cde	2	17056694	29355385	7701	-0.0077
6fbdec0c-7582-455d-a0a9-928410438cde	2	29355698	29356757	2	-1.8468
6fbdec0c-7582-455d-a0a9-928410438cde	2	29356946	34466002	3501	-0.0155
6fbdec0c-7582-455d-a0a9-928410438cde	2	34474248	34511990	46	-3.0509
6fbdec0c-7582-455d-a0a9-928410438cde	2	34512096	37633562	2341	-0.0055
6fbdec0c-7582-455d-a0a9-928410438cde	2	37635574	37636998	5	-1.0564
6fbdec0c-7582-455d-a0a9-928410438cde	2	37637927	37801885	149	-0.0106
6fbdec0c-7582-455d-a0a9-928410438cde	2	37802284	37802867	2	-1.4324
6fbdec0c-7582-455d-a0a9-928410438cde	2	37802988	38727353	684	-0.0298
6fbdec0c-7582-455d-a0a9-928410438cde	2	38728724	38745139	8	0.7222
6fbdec0c-7582-455d-a0a9-928410438cde	2	38745684	40170111	919	-0.001
6fbdec0c-7582-455d-a0a9-928410438cde	2	40172987	40173172	3	-1.6314
6fbdec0c-7582-455d-a0a9-928410438cde	2	40179378	52527330	8896	-0.012
6fbdec0c-7582-455d-a0a9-928410438cde	2	52527342	52554404	39	-3.0833
6fbdec0c-7582-455d-a0a9-928410438cde	2	52560811	53542653	830	-0.0103
6fbdec0c-7582-455d-a0a9-928410438cde	2	53542701	53542948	2	-1.7845
6fbdec0c-7582-455d-a0a9-928410438cde	2	53543805	54195834	401	0.0265
6fbdec0c-7582-455d-a0a9-928410438cde	2	54196860	54197464	3	-1.0664
6fbdec0c-7582-455d-a0a9-928410438cde	2	54200997	54255416	43	-0.1088
6fbdec0c-7582-455d-a0a9-928410438cde	2	54255805	54255827	2	-2.3411
6fbdec0c-7582-455d-a0a9-928410438cde	2	54259004	54329413	56	-0.0849
6fbdec0c-7582-455d-a0a9-928410438cde	2	54330344	54330439	2	-2.1224
6fbdec0c-7582-455d-a0a9-928410438cde	2	54340453	84112790	19051	-0.0129
6fbdec0c-7582-455d-a0a9-928410438cde	2	84113315	94867529	2644	0.0441
6fbdec0c-7582-455d-a0a9-928410438cde	2	94885213	97359885	819	-0.0018
6fbdec0c-7582-455d-a0a9-928410438cde	2	97524284	97545726	9	0.7401
6fbdec0c-7582-455d-a0a9-928410438cde	2	97550415	106263639	5570	-0.0191
6fbdec0c-7582-455d-a0a9-928410438cde	2	106264257	106268901	11	-3.0913
6fbdec0c-7582-455d-a0a9-928410438cde	2	106270799	130036283	14283	-0.0154
6fbdec0c-7582-455d-a0a9-928410438cde	2	130036310	130059766	3	-1.5564
6fbdec0c-7582-455d-a0a9-928410438cde	2	130059787	146104517	9538	-0.0186
6fbdec0c-7582-455d-a0a9-928410438cde	2	146106836	146109139	21	0.9686
6fbdec0c-7582-455d-a0a9-928410438cde	2	146109230	152930971	4207	-0.0027
6fbdec0c-7582-455d-a0a9-928410438cde	2	152939554	152940270	3	-2.1933
6fbdec0c-7582-455d-a0a9-928410438cde	2	152944055	166249021	7791	0.0034
6fbdec0c-7582-455d-a0a9-928410438cde	2	166249262	166250418	3	-1.9382
6fbdec0c-7582-455d-a0a9-928410438cde	2	166252881	183929124	11288	-0.0006
6fbdec0c-7582-455d-a0a9-928410438cde	2	183929673	183937714	17	-2.4245
6fbdec0c-7582-455d-a0a9-928410438cde	2	183943862	233920475	30535	0.0002
6fbdec0c-7582-455d-a0a9-928410438cde	2	233921224	242147305	5227	-0.0727
6fbdec0c-7582-455d-a0a9-928410438cde	3	20930	4092294	3706	-0.0251
6fbdec0c-7582-455d-a0a9-928410438cde	3	4092560	5474770	1120	0.0582
6fbdec0c-7582-455d-a0a9-928410438cde	3	5477023	6601130	989	-0.0206
6fbdec0c-7582-455d-a0a9-928410438cde	3	6601306	6613743	33	0.3406
6fbdec0c-7582-455d-a0a9-928410438cde	3	6616577	15599069	6646	-0.0078
6fbdec0c-7582-455d-a0a9-928410438cde	3	15602228	15606497	2	-2.2461
6fbdec0c-7582-455d-a0a9-928410438cde	3	15611964	21831038	3908	-0.009
6fbdec0c-7582-455d-a0a9-928410438cde	3	21833634	21926404	117	-0.2049
6fbdec0c-7582-455d-a0a9-928410438cde	3	21930381	46760374	16678	-0.0051
6fbdec0c-7582-455d-a0a9-928410438cde	3	46760471	46806126	36	0.3472
6fbdec0c-7582-455d-a0a9-928410438cde	3	46807689	47358421	242	-0.019
6fbdec0c-7582-455d-a0a9-928410438cde	3	47358841	47363961	3	-1.5395
6fbdec0c-7582-455d-a0a9-928410438cde	3	47367722	47437019	26	-0.031
6fbdec0c-7582-455d-a0a9-928410438cde	3	47450332	47451230	2	-3.5729
6fbdec0c-7582-455d-a0a9-928410438cde	3	47455724	55523466	4155	-0.0171
6fbdec0c-7582-455d-a0a9-928410438cde	3	55524224	55525008	2	-1.9807
6fbdec0c-7582-455d-a0a9-928410438cde	3	55525478	59854142	2783	-0.0209
6fbdec0c-7582-455d-a0a9-928410438cde	3	59854269	60479546	754	-0.1428
6fbdec0c-7582-455d-a0a9-928410438cde	3	60481109	68697013	6603	-0.0288
6fbdec0c-7582-455d-a0a9-928410438cde	3	68697108	68698262	14	-2.0883
6fbdec0c-7582-455d-a0a9-928410438cde	3	68699607	73736993	3805	-0.0113
6fbdec0c-7582-455d-a0a9-928410438cde	3	73738495	73739257	7	-0.8283
6fbdec0c-7582-455d-a0a9-928410438cde	3	73739493	75519398	1119	-0.0133
6fbdec0c-7582-455d-a0a9-928410438cde	3	75523398	75547095	8	1.3387
6fbdec0c-7582-455d-a0a9-928410438cde	3	75559488	130057015	29727	-0.0043
6fbdec0c-7582-455d-a0a9-928410438cde	3	130057833	130087393	35	0.6503
6fbdec0c-7582-455d-a0a9-928410438cde	3	130088081	162822702	20298	0.0049
6fbdec0c-7582-455d-a0a9-928410438cde	3	162827928	162906093	45	-0.3598
6fbdec0c-7582-455d-a0a9-928410438cde	3	162906109	162908815	5	-1.3536
6fbdec0c-7582-455d-a0a9-928410438cde	3	162910826	167460578	2537	0.0065
6fbdec0c-7582-455d-a0a9-928410438cde	3	167460878	168203708	417	0.1028
6fbdec0c-7582-455d-a0a9-928410438cde	3	168203776	168209586	2	1.1695
6fbdec0c-7582-455d-a0a9-928410438cde	3	168210319	168271270	42	0.0812
6fbdec0c-7582-455d-a0a9-928410438cde	3	168271783	189642965	13672	-0.002
6fbdec0c-7582-455d-a0a9-928410438cde	3	189645889	189653225	13	-0.8722
6fbdec0c-7582-455d-a0a9-928410438cde	3	189654562	192670476	2150	0.0117
6fbdec0c-7582-455d-a0a9-928410438cde	3	192672961	192672988	2	-1.4763
6fbdec0c-7582-455d-a0a9-928410438cde	3	192674578	193160173	340	0.0016
6fbdec0c-7582-455d-a0a9-928410438cde	3	193160256	193161217	5	-1.106
6fbdec0c-7582-455d-a0a9-928410438cde	3	193162684	198169247	2705	0.0242
6fbdec0c-7582-455d-a0a9-928410438cde	4	68929	10212536	5707	-0.0191
6fbdec0c-7582-455d-a0a9-928410438cde	4	10221792	10233644	35	-0.8206
6fbdec0c-7582-455d-a0a9-928410438cde	4	10234518	34777432	16983	-0.0093
6fbdec0c-7582-455d-a0a9-928410438cde	4	34784878	34823103	38	-3.2084
6fbdec0c-7582-455d-a0a9-928410438cde	4	34828250	35714930	570	-0.0236
6fbdec0c-7582-455d-a0a9-928410438cde	4	35715870	41412026	3809	0.0279
6fbdec0c-7582-455d-a0a9-928410438cde	4	41413143	46194361	2914	-0.0145
6fbdec0c-7582-455d-a0a9-928410438cde	4	46202166	46203069	2	1.5289
6fbdec0c-7582-455d-a0a9-928410438cde	4	46204657	47961772	967	0.0013
6fbdec0c-7582-455d-a0a9-928410438cde	4	47964619	49204422	714	0.104
6fbdec0c-7582-455d-a0a9-928410438cde	4	49214614	49582092	9	-0.9563
6fbdec0c-7582-455d-a0a9-928410438cde	4	49587131	62802116	7016	-0.0062
6fbdec0c-7582-455d-a0a9-928410438cde	4	62804218	62805944	8	-0.9496
6fbdec0c-7582-455d-a0a9-928410438cde	4	62813912	63828222	556	0.0066
6fbdec0c-7582-455d-a0a9-928410438cde	4	63831751	63842540	28	0.6332
6fbdec0c-7582-455d-a0a9-928410438cde	4	63850713	68378716	2852	-0.0017
6fbdec0c-7582-455d-a0a9-928410438cde	4	68389352	68640616	90	0.7926
6fbdec0c-7582-455d-a0a9-928410438cde	4	68655691	187048187	72980	0.0114
6fbdec0c-7582-455d-a0a9-928410438cde	4	187050156	187051053	2	-3.0041
6fbdec0c-7582-455d-a0a9-928410438cde	4	187056923	188501310	941	0.0213
6fbdec0c-7582-455d-a0a9-928410438cde	4	188502303	188545305	72	0.2586
6fbdec0c-7582-455d-a0a9-928410438cde	4	188545320	189267889	545	-0.0074
6fbdec0c-7582-455d-a0a9-928410438cde	4	189273964	189278110	4	-2.5577
6fbdec0c-7582-455d-a0a9-928410438cde	4	189278617	190106768	350	0.0482
6fbdec0c-7582-455d-a0a9-928410438cde	5	15532	1433286	648	-0.0123
6fbdec0c-7582-455d-a0a9-928410438cde	5	1436293	1448773	11	-0.6885
6fbdec0c-7582-455d-a0a9-928410438cde	5	1449251	5678884	3722	-0.055
6fbdec0c-7582-455d-a0a9-928410438cde	5	5679212	9386198	3181	-0.0136
6fbdec0c-7582-455d-a0a9-928410438cde	5	9387025	10937821	1329	0.0341
6fbdec0c-7582-455d-a0a9-928410438cde	5	10937947	12791608	1297	-0.0242
6fbdec0c-7582-455d-a0a9-928410438cde	5	12800777	12826538	12	1.0684
6fbdec0c-7582-455d-a0a9-928410438cde	5	12833745	13760612	531	-0.0406
6fbdec0c-7582-455d-a0a9-928410438cde	5	13760959	17237956	2480	0.0332
6fbdec0c-7582-455d-a0a9-928410438cde	5	17238956	17828029	319	-0.0152
6fbdec0c-7582-455d-a0a9-928410438cde	5	17828744	17828760	2	-1.5406
6fbdec0c-7582-455d-a0a9-928410438cde	5	17829678	26789248	5320	-0.0229
6fbdec0c-7582-455d-a0a9-928410438cde	5	26789372	26797735	4	0.8936
6fbdec0c-7582-455d-a0a9-928410438cde	5	26803775	27524345	394	-0.0218
6fbdec0c-7582-455d-a0a9-928410438cde	5	27525283	27527372	11	-0.8443
6fbdec0c-7582-455d-a0a9-928410438cde	5	27528377	34599942	4583	-0.0144
6fbdec0c-7582-455d-a0a9-928410438cde	5	34599967	34599977	2	-1.7453
6fbdec0c-7582-455d-a0a9-928410438cde	5	34600158	46102589	6799	0.0097
6fbdec0c-7582-455d-a0a9-928410438cde	5	46106733	46246558	32	0.4227
6fbdec0c-7582-455d-a0a9-928410438cde	5	46251204	46271828	4	-0.8065
6fbdec0c-7582-455d-a0a9-928410438cde	5	46272419	46273400	5	-3.1602
6fbdec0c-7582-455d-a0a9-928410438cde	5	46278110	50603013	187	0.1638
6fbdec0c-7582-455d-a0a9-928410438cde	5	50603263	53622258	1885	0.0158
6fbdec0c-7582-455d-a0a9-928410438cde	5	53623531	53699877	50	0.1295
6fbdec0c-7582-455d-a0a9-928410438cde	5	53704964	96086794	24894	-0.0127
6fbdec0c-7582-455d-a0a9-928410438cde	5	96087763	99500868	2019	0.0314
6fbdec0c-7582-455d-a0a9-928410438cde	5	99504170	99504922	2	-2.1107
6fbdec0c-7582-455d-a0a9-928410438cde	5	99508633	103556523	2326	0.0323
6fbdec0c-7582-455d-a0a9-928410438cde	5	103556599	110255498	4274	-0.0172
6fbdec0c-7582-455d-a0a9-928410438cde	5	110258567	110259153	3	-2.6794
6fbdec0c-7582-455d-a0a9-928410438cde	5	110259927	110271301	7	-0.739
6fbdec0c-7582-455d-a0a9-928410438cde	5	110272939	157994612	31068	-0.0046
6fbdec0c-7582-455d-a0a9-928410438cde	5	157998131	157998242	2	-2.4998
6fbdec0c-7582-455d-a0a9-928410438cde	5	157999936	181363319	15478	-0.0195
6fbdec0c-7582-455d-a0a9-928410438cde	6	149661	294474	122	-0.0338
6fbdec0c-7582-455d-a0a9-928410438cde	6	294725	381149	80	0.437
6fbdec0c-7582-455d-a0a9-928410438cde	6	382559	856224	396	-0.1042
6fbdec0c-7582-455d-a0a9-928410438cde	6	856766	892309	41	-0.4527
6fbdec0c-7582-455d-a0a9-928410438cde	6	893507	3408878	2024	-0.0272
6fbdec0c-7582-455d-a0a9-928410438cde	6	3409730	3413203	9	-0.8104
6fbdec0c-7582-455d-a0a9-928410438cde	6	3415068	10499616	5664	-0.0169
6fbdec0c-7582-455d-a0a9-928410438cde	6	10499976	10510521	20	0.4255
6fbdec0c-7582-455d-a0a9-928410438cde	6	10511812	27122625	12010	-0.0066
6fbdec0c-7582-455d-a0a9-928410438cde	6	27127177	27127355	2	-1.5433
6fbdec0c-7582-455d-a0a9-928410438cde	6	27127930	29882497	1307	0.0034
6fbdec0c-7582-455d-a0a9-928410438cde	6	29882589	29940692	19	-0.8586
6fbdec0c-7582-455d-a0a9-928410438cde	6	29946443	32485152	1155	-0.0529
6fbdec0c-7582-455d-a0a9-928410438cde	6	32486498	32641650	56	-0.7603
6fbdec0c-7582-455d-a0a9-928410438cde	6	32656527	32722250	50	0.0291
6fbdec0c-7582-455d-a0a9-928410438cde	6	32723020	32723053	3	1.508
6fbdec0c-7582-455d-a0a9-928410438cde	6	32732907	51914099	12095	-0.0058
6fbdec0c-7582-455d-a0a9-928410438cde	6	51916034	52880424	665	0.0836
6fbdec0c-7582-455d-a0a9-928410438cde	6	52880677	54066353	893	0.0202
6fbdec0c-7582-455d-a0a9-928410438cde	6	54066432	54067057	6	-1.1255
6fbdec0c-7582-455d-a0a9-928410438cde	6	54070550	57038573	1832	0.0032
6fbdec0c-7582-455d-a0a9-928410438cde	6	57038684	61596563	780	0.0822
6fbdec0c-7582-455d-a0a9-928410438cde	6	61596616	65000836	1857	-0.0029
6fbdec0c-7582-455d-a0a9-928410438cde	6	65001506	65003844	2	-4.466
6fbdec0c-7582-455d-a0a9-928410438cde	6	65007491	65683455	456	-0.0044
6fbdec0c-7582-455d-a0a9-928410438cde	6	65684197	65693959	24	-0.774
6fbdec0c-7582-455d-a0a9-928410438cde	6	65697234	66464114	548	0.0014
6fbdec0c-7582-455d-a0a9-928410438cde	6	66464804	66465949	3	-0.9788
6fbdec0c-7582-455d-a0a9-928410438cde	6	66468059	66971937	404	0.0094
6fbdec0c-7582-455d-a0a9-928410438cde	6	66973914	66974638	7	-0.7697
6fbdec0c-7582-455d-a0a9-928410438cde	6	66978190	76708370	6242	0.0097
6fbdec0c-7582-455d-a0a9-928410438cde	6	76708490	76742924	35	-0.4612
6fbdec0c-7582-455d-a0a9-928410438cde	6	76742956	78252909	978	-0.0029
6fbdec0c-7582-455d-a0a9-928410438cde	6	78253157	78317255	103	0.3955
6fbdec0c-7582-455d-a0a9-928410438cde	6	78317411	103286954	15491	0.0032
6fbdec0c-7582-455d-a0a9-928410438cde	6	103290101	103314186	46	0.9634
6fbdec0c-7582-455d-a0a9-928410438cde	6	103317795	110248397	4327	-0.0017
6fbdec0c-7582-455d-a0a9-928410438cde	6	110248902	110249466	3	-1.1481
6fbdec0c-7582-455d-a0a9-928410438cde	6	110252689	113900791	2344	0.0118
6fbdec0c-7582-455d-a0a9-928410438cde	6	113903677	113903852	2	-2.7545
6fbdec0c-7582-455d-a0a9-928410438cde	6	113904647	117460335	2020	0.0206
6fbdec0c-7582-455d-a0a9-928410438cde	6	117462607	117468495	4	-0.8556
6fbdec0c-7582-455d-a0a9-928410438cde	6	117470511	118345874	533	0.0118
6fbdec0c-7582-455d-a0a9-928410438cde	6	118350454	118395155	23	0.2502
6fbdec0c-7582-455d-a0a9-928410438cde	6	118396566	118402941	6	-0.3996
6fbdec0c-7582-455d-a0a9-928410438cde	6	118403186	118546901	74	0.2206
6fbdec0c-7582-455d-a0a9-928410438cde	6	118550152	130131975	7127	0.0076
6fbdec0c-7582-455d-a0a9-928410438cde	6	130133179	130133694	2	-1.5994
6fbdec0c-7582-455d-a0a9-928410438cde	6	130136217	161445264	21050	0.0008
6fbdec0c-7582-455d-a0a9-928410438cde	6	161445397	161859723	409	-0.0345
6fbdec0c-7582-455d-a0a9-928410438cde	6	161860340	161861167	5	-1.0574
6fbdec0c-7582-455d-a0a9-928410438cde	6	161861892	162420414	481	-0.0439
6fbdec0c-7582-455d-a0a9-928410438cde	6	162420849	162421445	2	-1.6002
6fbdec0c-7582-455d-a0a9-928410438cde	6	162427897	165390807	2226	-0.039
6fbdec0c-7582-455d-a0a9-928410438cde	6	165392625	167199775	1446	-0.0061
6fbdec0c-7582-455d-a0a9-928410438cde	6	167200616	170281015	1895	-0.1177
6fbdec0c-7582-455d-a0a9-928410438cde	6	170281387	170741917	209	-0.0342
6fbdec0c-7582-455d-a0a9-928410438cde	7	43355	1086066	280	-0.1047
6fbdec0c-7582-455d-a0a9-928410438cde	7	1093035	1102410	6	-1.3386
6fbdec0c-7582-455d-a0a9-928410438cde	7	1102680	8977770	4979	-0.0174
6fbdec0c-7582-455d-a0a9-928410438cde	7	8978645	9033475	56	-0.3108
6fbdec0c-7582-455d-a0a9-928410438cde	7	9035664	16061104	5630	-0.0085
6fbdec0c-7582-455d-a0a9-928410438cde	7	16061640	17668359	1270	0.0546
6fbdec0c-7582-455d-a0a9-928410438cde	7	17669259	18871792	914	-0.0174
6fbdec0c-7582-455d-a0a9-928410438cde	7	18872334	18875189	6	-0.872
6fbdec0c-7582-455d-a0a9-928410438cde	7	18875510	19161352	408	0.0368
6fbdec0c-7582-455d-a0a9-928410438cde	7	19161397	19161922	2	-1.6001
6fbdec0c-7582-455d-a0a9-928410438cde	7	19164155	23995508	3588	0.0029
6fbdec0c-7582-455d-a0a9-928410438cde	7	24000259	24000764	2	-2.0202
6fbdec0c-7582-455d-a0a9-928410438cde	7	24001198	29178543	3880	-0.012
6fbdec0c-7582-455d-a0a9-928410438cde	7	29179446	29179478	2	-1.7493
6fbdec0c-7582-455d-a0a9-928410438cde	7	29180029	38251113	6351	-0.005
6fbdec0c-7582-455d-a0a9-928410438cde	7	38254500	38289122	34	0.6395
6fbdec0c-7582-455d-a0a9-928410438cde	7	38289139	38291958	23	0.9545
6fbdec0c-7582-455d-a0a9-928410438cde	7	38292127	38318626	47	0.4826
6fbdec0c-7582-455d-a0a9-928410438cde	7	38318811	57915018	13053	-0.0168
6fbdec0c-7582-455d-a0a9-928410438cde	7	57926885	63210898	275	0.1874
6fbdec0c-7582-455d-a0a9-928410438cde	7	63211214	65052476	699	-0.027
6fbdec0c-7582-455d-a0a9-928410438cde	7	65057242	66143569	373	0.1054
6fbdec0c-7582-455d-a0a9-928410438cde	7	66143851	70955452	2747	-0.0332
6fbdec0c-7582-455d-a0a9-928410438cde	7	70958264	70961155	2	-3.0894
6fbdec0c-7582-455d-a0a9-928410438cde	7	70963257	109793690	22312	-0.0028
6fbdec0c-7582-455d-a0a9-928410438cde	7	109793720	109800866	26	0.4775
6fbdec0c-7582-455d-a0a9-928410438cde	7	109801155	126404920	10046	-0.0011
6fbdec0c-7582-455d-a0a9-928410438cde	7	126405428	126406561	12	0.9877
6fbdec0c-7582-455d-a0a9-928410438cde	7	126406822	134093899	4699	-0.0244
6fbdec0c-7582-455d-a0a9-928410438cde	7	134100424	134113356	32	0.4485
6fbdec0c-7582-455d-a0a9-928410438cde	7	134113790	142070709	5205	-0.0088
6fbdec0c-7582-455d-a0a9-928410438cde	7	142070732	142090383	25	-0.6351
6fbdec0c-7582-455d-a0a9-928410438cde	7	142090403	142563940	347	-0.0213
6fbdec0c-7582-455d-a0a9-928410438cde	7	142581256	142784194	100	0.3494
6fbdec0c-7582-455d-a0a9-928410438cde	7	142785320	143146465	237	0.0134
6fbdec0c-7582-455d-a0a9-928410438cde	7	143147929	143158464	6	0.6383
6fbdec0c-7582-455d-a0a9-928410438cde	7	143166910	143406287	122	0.0439
6fbdec0c-7582-455d-a0a9-928410438cde	7	143409681	143410499	4	-0.5152
6fbdec0c-7582-455d-a0a9-928410438cde	7	143412046	143512313	74	0.0981
6fbdec0c-7582-455d-a0a9-928410438cde	7	143512758	143519759	7	-0.3936
6fbdec0c-7582-455d-a0a9-928410438cde	7	143520153	143529806	4	0.3328
6fbdec0c-7582-455d-a0a9-928410438cde	7	143530003	143603307	4	-0.8417
6fbdec0c-7582-455d-a0a9-928410438cde	7	143728285	143773027	18	0.0453
6fbdec0c-7582-455d-a0a9-928410438cde	7	143780181	143850179	14	-0.9718
6fbdec0c-7582-455d-a0a9-928410438cde	7	143875073	144176859	267	0.0118
6fbdec0c-7582-455d-a0a9-928410438cde	7	144199159	144295437	10	0.6735
6fbdec0c-7582-455d-a0a9-928410438cde	7	144306653	154598185	6416	-0.0183
6fbdec0c-7582-455d-a0a9-928410438cde	7	154601461	154607903	4	1.0998
6fbdec0c-7582-455d-a0a9-928410438cde	7	154609120	156330551	1410	-0.0315
6fbdec0c-7582-455d-a0a9-928410438cde	7	156335270	156335312	2	1.3366
6fbdec0c-7582-455d-a0a9-928410438cde	7	156343048	157947749	963	-0.0123
6fbdec0c-7582-455d-a0a9-928410438cde	7	157947781	158017089	60	-0.3249
6fbdec0c-7582-455d-a0a9-928410438cde	7	158018409	159108282	644	-0.0059
6fbdec0c-7582-455d-a0a9-928410438cde	7	159109202	159229659	70	-0.3152
6fbdec0c-7582-455d-a0a9-928410438cde	7	159233989	159324709	69	0.1223
6fbdec0c-7582-455d-a0a9-928410438cde	7	159324804	159334314	16	-0.2504
6fbdec0c-7582-455d-a0a9-928410438cde	8	81254	5679681	5917	-0.0534
6fbdec0c-7582-455d-a0a9-928410438cde	8	5680637	5682227	4	-1.4707
6fbdec0c-7582-455d-a0a9-928410438cde	8	5684064	5736610	78	-0.1102
6fbdec0c-7582-455d-a0a9-928410438cde	8	5736745	5746973	28	-0.9587
6fbdec0c-7582-455d-a0a9-928410438cde	8	5749566	5796082	72	-0.0505
6fbdec0c-7582-455d-a0a9-928410438cde	8	5796456	5796923	12	0.4004
6fbdec0c-7582-455d-a0a9-928410438cde	8	5797034	5815188	14	-0.0934
6fbdec0c-7582-455d-a0a9-928410438cde	8	5816195	5816404	4	-0.9589
6fbdec0c-7582-455d-a0a9-928410438cde	8	5817029	5994948	226	0.0127
6fbdec0c-7582-455d-a0a9-928410438cde	8	5995173	6055683	60	-0.3165
6fbdec0c-7582-455d-a0a9-928410438cde	8	6055901	6098014	64	-0.0119
6fbdec0c-7582-455d-a0a9-928410438cde	8	6101073	6102302	4	-0.9823
6fbdec0c-7582-455d-a0a9-928410438cde	8	6103513	6108559	8	-0.0778
6fbdec0c-7582-455d-a0a9-928410438cde	8	6116367	6120460	5	-1.6192
6fbdec0c-7582-455d-a0a9-928410438cde	8	6121762	7336299	1235	-0.0255
6fbdec0c-7582-455d-a0a9-928410438cde	8	7357089	7941868	49	-0.4255
6fbdec0c-7582-455d-a0a9-928410438cde	8	7974123	9500379	1257	0.0252
6fbdec0c-7582-455d-a0a9-928410438cde	8	9500871	10786917	1031	-0.0798
6fbdec0c-7582-455d-a0a9-928410438cde	8	10787050	12092042	951	0.0024
6fbdec0c-7582-455d-a0a9-928410438cde	8	12130217	12143614	6	-2.4811
6fbdec0c-7582-455d-a0a9-928410438cde	8	12176798	12389977	31	0.6214
6fbdec0c-7582-455d-a0a9-928410438cde	8	12418301	12787348	111	-0.0589
6fbdec0c-7582-455d-a0a9-928410438cde	8	12788880	12795017	5	0.7979
6fbdec0c-7582-455d-a0a9-928410438cde	8	12796024	13668824	855	-0.0362
6fbdec0c-7582-455d-a0a9-928410438cde	8	13669183	13678511	13	-0.5304
6fbdec0c-7582-455d-a0a9-928410438cde	8	13678513	13733245	48	0.049
6fbdec0c-7582-455d-a0a9-928410438cde	8	13736133	13736558	2	-1.8958
6fbdec0c-7582-455d-a0a9-928410438cde	8	13737722	21254588	6842	-0.0122
6fbdec0c-7582-455d-a0a9-928410438cde	8	21255121	21256547	3	-1.2747
6fbdec0c-7582-455d-a0a9-928410438cde	8	21260713	23103584	1140	0.0149
6fbdec0c-7582-455d-a0a9-928410438cde	8	23104835	23105040	2	-1.3438
6fbdec0c-7582-455d-a0a9-928410438cde	8	23111578	25114672	1400	-0.0113
6fbdec0c-7582-455d-a0a9-928410438cde	8	25116928	25126818	27	1.1832
6fbdec0c-7582-455d-a0a9-928410438cde	8	25133589	28038141	2272	0.0226
6fbdec0c-7582-455d-a0a9-928410438cde	8	28038311	36921324	5432	-0.0156
6fbdec0c-7582-455d-a0a9-928410438cde	8	36922691	39373140	1318	0.0348
6fbdec0c-7582-455d-a0a9-928410438cde	8	39378084	39529446	59	1.0377
6fbdec0c-7582-455d-a0a9-928410438cde	8	39530780	43098066	2351	-0.0041
6fbdec0c-7582-455d-a0a9-928410438cde	8	43100460	43514211	156	0.152
6fbdec0c-7582-455d-a0a9-928410438cde	8	43529957	43606353	23	-0.1857
6fbdec0c-7582-455d-a0a9-928410438cde	8	43626587	46026549	73	0.1926
6fbdec0c-7582-455d-a0a9-928410438cde	8	46028400	50118212	1979	-0.0046
6fbdec0c-7582-455d-a0a9-928410438cde	8	50119451	50126018	10	-0.6745
6fbdec0c-7582-455d-a0a9-928410438cde	8	50126059	59128787	6009	-0.0081
6fbdec0c-7582-455d-a0a9-928410438cde	8	59129419	59129852	5	-1.2172
6fbdec0c-7582-455d-a0a9-928410438cde	8	59130571	102982683	26420	-0.0009
6fbdec0c-7582-455d-a0a9-928410438cde	8	102983595	102985207	2	-1.8046
6fbdec0c-7582-455d-a0a9-928410438cde	8	102986318	111282065	4993	0.0033
6fbdec0c-7582-455d-a0a9-928410438cde	8	111282237	111283031	8	-1.7969
6fbdec0c-7582-455d-a0a9-928410438cde	8	111288052	121868708	6749	-0.0018
6fbdec0c-7582-455d-a0a9-928410438cde	8	121869498	122048122	120	-0.8822
6fbdec0c-7582-455d-a0a9-928410438cde	8	122048526	122049955	8	-1.5281
6fbdec0c-7582-455d-a0a9-928410438cde	8	122050320	122057628	6	-0.0861
6fbdec0c-7582-455d-a0a9-928410438cde	8	122057897	122236212	121	-0.8547
6fbdec0c-7582-455d-a0a9-928410438cde	8	122236892	130528865	5805	0.0171
6fbdec0c-7582-455d-a0a9-928410438cde	8	130531387	130531629	2	-1.3214
6fbdec0c-7582-455d-a0a9-928410438cde	8	130531692	136825043	5067	-0.0045
6fbdec0c-7582-455d-a0a9-928410438cde	8	136825354	136850173	49	0.3435
6fbdec0c-7582-455d-a0a9-928410438cde	8	136850192	140957173	3158	-0.0208
6fbdec0c-7582-455d-a0a9-928410438cde	8	140957559	140995196	50	0.2764
6fbdec0c-7582-455d-a0a9-928410438cde	8	140995454	141012587	17	-0.0959
6fbdec0c-7582-455d-a0a9-928410438cde	8	141013902	141015051	3	-1.2085
6fbdec0c-7582-455d-a0a9-928410438cde	8	141015545	141390000	216	0.0043
6fbdec0c-7582-455d-a0a9-928410438cde	8	141390013	142668654	689	-0.1837
6fbdec0c-7582-455d-a0a9-928410438cde	8	142670817	142763726	37	-0.0079
6fbdec0c-7582-455d-a0a9-928410438cde	8	142770337	142775847	2	-1.508
6fbdec0c-7582-455d-a0a9-928410438cde	8	142779510	144843995	688	-0.0061
6fbdec0c-7582-455d-a0a9-928410438cde	8	144844260	144845201	3	-1.1652
6fbdec0c-7582-455d-a0a9-928410438cde	8	144845841	145072769	134	0.062
6fbdec0c-7582-455d-a0a9-928410438cde	9	46587	601615	499	-0.0283
6fbdec0c-7582-455d-a0a9-928410438cde	9	601834	607571	15	0.4922
6fbdec0c-7582-455d-a0a9-928410438cde	9	607816	1525560	1098	-0.0393
6fbdec0c-7582-455d-a0a9-928410438cde	9	1526250	1528727	8	-0.8428
6fbdec0c-7582-455d-a0a9-928410438cde	9	1529051	2481455	1067	-0.0143
6fbdec0c-7582-455d-a0a9-928410438cde	9	2481651	2481683	2	1.3911
6fbdec0c-7582-455d-a0a9-928410438cde	9	2483527	5302551	2734	0.0027
6fbdec0c-7582-455d-a0a9-928410438cde	9	5302634	5337707	13	0.9345
6fbdec0c-7582-455d-a0a9-928410438cde	9	5340984	11995297	5820	-0.0076
6fbdec0c-7582-455d-a0a9-928410438cde	9	11995307	11996270	3	-2.2184
6fbdec0c-7582-455d-a0a9-928410438cde	9	11996759	21391365	7827	-0.0004
6fbdec0c-7582-455d-a0a9-928410438cde	9	21401194	22283154	632	-0.7628
6fbdec0c-7582-455d-a0a9-928410438cde	9	22291968	22492890	127	-0.0078
6fbdec0c-7582-455d-a0a9-928410438cde	9	22501914	22502700	2	1.381
6fbdec0c-7582-455d-a0a9-928410438cde	9	22509341	23361807	581	-0.0113
6fbdec0c-7582-455d-a0a9-928410438cde	9	23363117	23373486	8	1.1225
6fbdec0c-7582-455d-a0a9-928410438cde	9	23378490	61405110	10951	-0.0025
6fbdec0c-7582-455d-a0a9-928410438cde	9	61520021	61581625	22	-1.3642
6fbdec0c-7582-455d-a0a9-928410438cde	9	61598577	78610257	7627	0.0069
6fbdec0c-7582-455d-a0a9-928410438cde	9	78610269	96788187	12720	-0.0323
6fbdec0c-7582-455d-a0a9-928410438cde	9	96789343	129844727	23136	-0.0044
6fbdec0c-7582-455d-a0a9-928410438cde	9	129844762	135259826	3474	-0.0601
6fbdec0c-7582-455d-a0a9-928410438cde	9	135261156	135417501	114	0.4003
6fbdec0c-7582-455d-a0a9-928410438cde	9	135418577	136161669	333	-0.0317
6fbdec0c-7582-455d-a0a9-928410438cde	9	136164933	136222462	18	-0.6768
6fbdec0c-7582-455d-a0a9-928410438cde	9	136224883	137358336	277	0.0135
6fbdec0c-7582-455d-a0a9-928410438cde	9	137358495	137361381	4	-0.9757
6fbdec0c-7582-455d-a0a9-928410438cde	9	137378551	137860667	203	0.0237
6fbdec0c-7582-455d-a0a9-928410438cde	9	137860779	138200944	204	-0.1325
6fbdec0c-7582-455d-a0a9-928410438cde	10	45792	1709648	1145	-0.0407
6fbdec0c-7582-455d-a0a9-928410438cde	10	1709827	1711367	3	-1.5082
6fbdec0c-7582-455d-a0a9-928410438cde	10	1713937	2048827	345	-0.0279
6fbdec0c-7582-455d-a0a9-928410438cde	10	2050582	2050916	2	-2.0622
6fbdec0c-7582-455d-a0a9-928410438cde	10	2051513	2946138	888	-0.0399
6fbdec0c-7582-455d-a0a9-928410438cde	10	2949582	2949827	3	-1.1126
6fbdec0c-7582-455d-a0a9-928410438cde	10	2951142	3022063	79	-0.0727
6fbdec0c-7582-455d-a0a9-928410438cde	10	3024072	3026294	4	-1.171
6fbdec0c-7582-455d-a0a9-928410438cde	10	3026493	3075485	40	0.0386
6fbdec0c-7582-455d-a0a9-928410438cde	10	3076439	3082127	5	-0.6618
6fbdec0c-7582-455d-a0a9-928410438cde	10	3086194	3923530	785	-0.0171
6fbdec0c-7582-455d-a0a9-928410438cde	10	3924327	3924359	2	-1.0882
6fbdec0c-7582-455d-a0a9-928410438cde	10	3924382	4244878	276	-0.041
6fbdec0c-7582-455d-a0a9-928410438cde	10	4248622	4248732	3	1.4694
6fbdec0c-7582-455d-a0a9-928410438cde	10	4248824	4270876	56	0.0559
6fbdec0c-7582-455d-a0a9-928410438cde	10	4271174	4785110	505	-0.051
6fbdec0c-7582-455d-a0a9-928410438cde	10	4785377	5304355	397	0.0548
6fbdec0c-7582-455d-a0a9-928410438cde	10	5305831	5306097	2	-2.0896
6fbdec0c-7582-455d-a0a9-928410438cde	10	5307908	5610055	244	0.0488
6fbdec0c-7582-455d-a0a9-928410438cde	10	5610274	5667424	27	-0.3865
6fbdec0c-7582-455d-a0a9-928410438cde	10	5669018	6369253	591	0.0075
6fbdec0c-7582-455d-a0a9-928410438cde	10	6369395	6369519	5	-1.0862
6fbdec0c-7582-455d-a0a9-928410438cde	10	6376792	17786034	9439	-0.0221
6fbdec0c-7582-455d-a0a9-928410438cde	10	17794576	17794593	2	-2.5578
6fbdec0c-7582-455d-a0a9-928410438cde	10	17817444	19911739	1564	-0.0275
6fbdec0c-7582-455d-a0a9-928410438cde	10	19917402	19918745	7	-0.8138
6fbdec0c-7582-455d-a0a9-928410438cde	10	19919597	28275831	5674	-0.0167
6fbdec0c-7582-455d-a0a9-928410438cde	10	28275843	28275998	5	0.9563
6fbdec0c-7582-455d-a0a9-928410438cde	10	28276484	36412441	5776	-0.0104
6fbdec0c-7582-455d-a0a9-928410438cde	10	36413642	36413712	2	-2.4035
6fbdec0c-7582-455d-a0a9-928410438cde	10	36414848	45574604	3513	-0.0308
6fbdec0c-7582-455d-a0a9-928410438cde	10	45577424	45593515	14	-0.6111
6fbdec0c-7582-455d-a0a9-928410438cde	10	45602247	46238316	155	0.0754
6fbdec0c-7582-455d-a0a9-928410438cde	10	46240999	46332058	118	-0.2473
6fbdec0c-7582-455d-a0a9-928410438cde	10	46332377	46792344	61	0.0143
6fbdec0c-7582-455d-a0a9-928410438cde	10	46804606	46810571	2	1.4455
6fbdec0c-7582-455d-a0a9-928410438cde	10	46836986	49515970	1421	-0.0587
6fbdec0c-7582-455d-a0a9-928410438cde	10	49517069	64522190	10537	-0.0066
6fbdec0c-7582-455d-a0a9-928410438cde	10	64522886	64816499	244	-0.0438
6fbdec0c-7582-455d-a0a9-928410438cde	10	64818450	64818567	2	-1.3884
6fbdec0c-7582-455d-a0a9-928410438cde	10	64825118	65546321	487	-0.0223
6fbdec0c-7582-455d-a0a9-928410438cde	10	65546400	65568683	39	-0.367
6fbdec0c-7582-455d-a0a9-928410438cde	10	65569648	83681602	12060	-0.0265
6fbdec0c-7582-455d-a0a9-928410438cde	10	83682428	119976981	23912	-0.0031
6fbdec0c-7582-455d-a0a9-928410438cde	10	119977002	122467868	2266	-0.0382
6fbdec0c-7582-455d-a0a9-928410438cde	10	122468703	122471096	3	-1.0669
6fbdec0c-7582-455d-a0a9-928410438cde	10	122475364	122584593	76	-0.0482
6fbdec0c-7582-455d-a0a9-928410438cde	10	122584707	122591497	5	-1.2868
6fbdec0c-7582-455d-a0a9-928410438cde	10	122597296	122818080	163	-0.0798
6fbdec0c-7582-455d-a0a9-928410438cde	10	122818241	122818365	2	-1.6242
6fbdec0c-7582-455d-a0a9-928410438cde	10	122819819	129397495	4913	-0.0374
6fbdec0c-7582-455d-a0a9-928410438cde	10	129397896	129397909	2	-1.6663
6fbdec0c-7582-455d-a0a9-928410438cde	10	129398183	130478352	835	-0.0677
6fbdec0c-7582-455d-a0a9-928410438cde	10	130478734	131389174	822	-0.1462
6fbdec0c-7582-455d-a0a9-928410438cde	10	131391136	131393565	9	-1.017
6fbdec0c-7582-455d-a0a9-928410438cde	10	131395026	131792501	277	-0.1759
6fbdec0c-7582-455d-a0a9-928410438cde	10	131793154	133654968	876	-0.0385
6fbdec0c-7582-455d-a0a9-928410438cde	11	198510	1685863	532	-0.0196
6fbdec0c-7582-455d-a0a9-928410438cde	11	1695433	1860100	55	-0.2857
6fbdec0c-7582-455d-a0a9-928410438cde	11	1862402	4217824	1152	0.0034
6fbdec0c-7582-455d-a0a9-928410438cde	11	4228783	4314648	25	-0.6679
6fbdec0c-7582-455d-a0a9-928410438cde	11	4314837	4947280	657	0.0204
6fbdec0c-7582-455d-a0a9-928410438cde	11	4949013	4955042	29	0.9294
6fbdec0c-7582-455d-a0a9-928410438cde	11	4955781	5499745	539	-0.0056
6fbdec0c-7582-455d-a0a9-928410438cde	11	5500921	5502363	7	-1.1771
6fbdec0c-7582-455d-a0a9-928410438cde	11	5503234	5773478	252	-0.0208
6fbdec0c-7582-455d-a0a9-928410438cde	11	5776383	5788231	21	-0.7399
6fbdec0c-7582-455d-a0a9-928410438cde	11	5791130	6261846	340	0.0446
6fbdec0c-7582-455d-a0a9-928410438cde	11	6263861	6267052	6	-0.7632
6fbdec0c-7582-455d-a0a9-928410438cde	11	6267637	7788131	1150	0.0177
6fbdec0c-7582-455d-a0a9-928410438cde	11	7791493	7810711	7	-0.7038
6fbdec0c-7582-455d-a0a9-928410438cde	11	7815462	12066046	3176	-0.0084
6fbdec0c-7582-455d-a0a9-928410438cde	11	12066233	12069111	6	-0.8333
6fbdec0c-7582-455d-a0a9-928410438cde	11	12070418	18919323	4722	-0.0062
6fbdec0c-7582-455d-a0a9-928410438cde	11	18927525	18940066	41	-1.3256
6fbdec0c-7582-455d-a0a9-928410438cde	11	18940191	48576870	20597	-0.0058
6fbdec0c-7582-455d-a0a9-928410438cde	11	48579882	48603842	11	-0.3431
6fbdec0c-7582-455d-a0a9-928410438cde	11	48604894	48688875	35	0.195
6fbdec0c-7582-455d-a0a9-928410438cde	11	48688877	48700215	5	0.9272
6fbdec0c-7582-455d-a0a9-928410438cde	11	48702884	49002025	84	0.2164
6fbdec0c-7582-455d-a0a9-928410438cde	11	49007426	54952548	810	0.0093
6fbdec0c-7582-455d-a0a9-928410438cde	11	54953347	54990815	2	2.1257
6fbdec0c-7582-455d-a0a9-928410438cde	11	55006417	55609022	242	0.0784
6fbdec0c-7582-455d-a0a9-928410438cde	11	55609035	55685533	50	0.5524
6fbdec0c-7582-455d-a0a9-928410438cde	11	55686100	57559630	1228	0.0299
6fbdec0c-7582-455d-a0a9-928410438cde	11	57561240	57585556	17	-0.949
6fbdec0c-7582-455d-a0a9-928410438cde	11	57589775	85764397	15905	-0.006
6fbdec0c-7582-455d-a0a9-928410438cde	11	85766240	85841667	53	0.6223
6fbdec0c-7582-455d-a0a9-928410438cde	11	85846116	87845862	1433	0.0315
6fbdec0c-7582-455d-a0a9-928410438cde	11	87848541	87850453	2	-1.2559
6fbdec0c-7582-455d-a0a9-928410438cde	11	87850980	89923071	1236	-0.0059
6fbdec0c-7582-455d-a0a9-928410438cde	11	89962925	90043678	3	0.9771
6fbdec0c-7582-455d-a0a9-928410438cde	11	90070476	91313739	884	-0.0156
6fbdec0c-7582-455d-a0a9-928410438cde	11	91313953	91313966	2	-1.5214
6fbdec0c-7582-455d-a0a9-928410438cde	11	91316202	95451191	2950	0.0055
6fbdec0c-7582-455d-a0a9-928410438cde	11	95452865	95453749	3	-1.3137
6fbdec0c-7582-455d-a0a9-928410438cde	11	95455006	101723653	4848	-0.0032
6fbdec0c-7582-455d-a0a9-928410438cde	11	101727129	101727233	4	1.4723
6fbdec0c-7582-455d-a0a9-928410438cde	11	101727481	102194103	290	0.0194
6fbdec0c-7582-455d-a0a9-928410438cde	11	102197016	102392542	94	0.1959
6fbdec0c-7582-455d-a0a9-928410438cde	11	102395912	107359993	3414	-0.0064
6fbdec0c-7582-455d-a0a9-928410438cde	11	107367930	107368402	7	-0.8742
6fbdec0c-7582-455d-a0a9-928410438cde	11	107381636	112610471	3306	0.0188
6fbdec0c-7582-455d-a0a9-928410438cde	11	112610606	117709794	3696	-0.0298
6fbdec0c-7582-455d-a0a9-928410438cde	11	117710974	117711419	2	1.4137
6fbdec0c-7582-455d-a0a9-928410438cde	11	117714046	117854288	111	-0.0739
6fbdec0c-7582-455d-a0a9-928410438cde	11	117855982	122899355	3544	0.005
6fbdec0c-7582-455d-a0a9-928410438cde	11	122900626	122900820	2	-1.6577
6fbdec0c-7582-455d-a0a9-928410438cde	11	122902916	132047649	6963	-0.0036
6fbdec0c-7582-455d-a0a9-928410438cde	11	132048030	134287218	1679	-0.0557
6fbdec0c-7582-455d-a0a9-928410438cde	11	134288564	134568016	200	-0.2315
6fbdec0c-7582-455d-a0a9-928410438cde	11	134570828	134731118	140	-0.079
6fbdec0c-7582-455d-a0a9-928410438cde	11	134731897	134739499	5	-1.1725
6fbdec0c-7582-455d-a0a9-928410438cde	11	134739663	134739672	2	-3.6282
6fbdec0c-7582-455d-a0a9-928410438cde	11	134740048	135074876	276	-0.1511
6fbdec0c-7582-455d-a0a9-928410438cde	12	51460	149625	54	-0.1888
6fbdec0c-7582-455d-a0a9-928410438cde	12	150039	154673	7	-1.0245
6fbdec0c-7582-455d-a0a9-928410438cde	12	157651	2136696	1206	-0.0159
6fbdec0c-7582-455d-a0a9-928410438cde	12	2136758	2148754	39	-0.9171
6fbdec0c-7582-455d-a0a9-928410438cde	12	2148857	6130600	3226	-0.0418
6fbdec0c-7582-455d-a0a9-928410438cde	12	6130619	8283642	1025	0.0301
6fbdec0c-7582-455d-a0a9-928410438cde	12	8283732	8300870	5	0.7593
6fbdec0c-7582-455d-a0a9-928410438cde	12	8307348	8406526	40	0.1068
6fbdec0c-7582-455d-a0a9-928410438cde	12	8406920	9474176	569	-0.0638
6fbdec0c-7582-455d-a0a9-928410438cde	12	9474642	9575696	26	0.3816
6fbdec0c-7582-455d-a0a9-928410438cde	12	9582373	11068125	1037	-0.0081
6fbdec0c-7582-455d-a0a9-928410438cde	12	11070111	11088933	9	-1.7453
6fbdec0c-7582-455d-a0a9-928410438cde	12	11099275	11345065	119	0.0352
6fbdec0c-7582-455d-a0a9-928410438cde	12	11350192	11399818	46	0.3977
6fbdec0c-7582-455d-a0a9-928410438cde	12	11399848	32177481	14701	0.0002
6fbdec0c-7582-455d-a0a9-928410438cde	12	32178261	32181558	3	-1.5559
6fbdec0c-7582-455d-a0a9-928410438cde	12	32183952	32673400	370	0.0097
6fbdec0c-7582-455d-a0a9-928410438cde	12	32673976	33141688	305	0.0565
6fbdec0c-7582-455d-a0a9-928410438cde	12	33141710	33155525	32	0.431
6fbdec0c-7582-455d-a0a9-928410438cde	12	33155563	33572297	279	0.0791
6fbdec0c-7582-455d-a0a9-928410438cde	12	33573643	33578803	5	-0.8565
6fbdec0c-7582-455d-a0a9-928410438cde	12	33583873	37593924	541	0.0514
6fbdec0c-7582-455d-a0a9-928410438cde	12	37618765	37687481	20	0.5678
6fbdec0c-7582-455d-a0a9-928410438cde	12	37710604	38120104	86	0.1641
6fbdec0c-7582-455d-a0a9-928410438cde	12	38120638	39083525	550	-0.0247
6fbdec0c-7582-455d-a0a9-928410438cde	12	39087759	39089311	5	-0.9645
6fbdec0c-7582-455d-a0a9-928410438cde	12	39094246	45510655	4102	-0.0248
6fbdec0c-7582-455d-a0a9-928410438cde	12	45512057	45515754	3	-1.835
6fbdec0c-7582-455d-a0a9-928410438cde	12	45519509	52338505	3757	0.0085
6fbdec0c-7582-455d-a0a9-928410438cde	12	52338722	52532185	204	-0.13
6fbdec0c-7582-455d-a0a9-928410438cde	12	52534131	58327273	3230	0.0213
6fbdec0c-7582-455d-a0a9-928410438cde	12	58327297	58336379	7	0.8257
6fbdec0c-7582-455d-a0a9-928410438cde	12	58337065	95409681	23729	-0.0005
6fbdec0c-7582-455d-a0a9-928410438cde	12	95409707	95413120	14	0.4943
6fbdec0c-7582-455d-a0a9-928410438cde	12	95413181	98771841	2386	-0.0038
6fbdec0c-7582-455d-a0a9-928410438cde	12	98775898	98776151	4	-1.0795
6fbdec0c-7582-455d-a0a9-928410438cde	12	98776494	99402073	383	0.0062
6fbdec0c-7582-455d-a0a9-928410438cde	12	99402408	99409410	29	0.3644
6fbdec0c-7582-455d-a0a9-928410438cde	12	99409449	104211450	3050	0.0165
6fbdec0c-7582-455d-a0a9-928410438cde	12	104217880	126504274	14610	-0.0241
6fbdec0c-7582-455d-a0a9-928410438cde	12	126506061	126520044	11	-1.0505
6fbdec0c-7582-455d-a0a9-928410438cde	12	126522929	130404816	3486	-0.0471
6fbdec0c-7582-455d-a0a9-928410438cde	12	130407618	130474482	51	-0.401
6fbdec0c-7582-455d-a0a9-928410438cde	12	130475482	131329259	626	-0.058
6fbdec0c-7582-455d-a0a9-928410438cde	12	131330274	131330777	3	-1.4257
6fbdec0c-7582-455d-a0a9-928410438cde	12	131331668	133039120	809	-0.0543
6fbdec0c-7582-455d-a0a9-928410438cde	12	133039620	133201603	67	0.1239
6fbdec0c-7582-455d-a0a9-928410438cde	13	18452809	22518745	2489	0.5139
6fbdec0c-7582-455d-a0a9-928410438cde	13	22522688	22540513	9	1.1961
6fbdec0c-7582-455d-a0a9-928410438cde	13	22541182	23055048	357	0.4607
6fbdec0c-7582-455d-a0a9-928410438cde	13	23055071	23059376	13	-2.4726
6fbdec0c-7582-455d-a0a9-928410438cde	13	23064056	24461469	1128	0.5048
6fbdec0c-7582-455d-a0a9-928410438cde	13	24465452	24465460	3	-0.901
6fbdec0c-7582-455d-a0a9-928410438cde	13	24465540	35640426	8137	0.4999
6fbdec0c-7582-455d-a0a9-928410438cde	13	35642369	35642788	3	-0.954
6fbdec0c-7582-455d-a0a9-928410438cde	13	35643332	37496998	1349	0.4992
6fbdec0c-7582-455d-a0a9-928410438cde	13	37497899	37510620	16	1.3833
6fbdec0c-7582-455d-a0a9-928410438cde	13	37514193	66747876	18295	0.507
6fbdec0c-7582-455d-a0a9-928410438cde	13	66748627	66748815	2	-0.8614
6fbdec0c-7582-455d-a0a9-928410438cde	13	66749396	72669582	3877	0.504
6fbdec0c-7582-455d-a0a9-928410438cde	13	72669632	73942203	880	0.5681
6fbdec0c-7582-455d-a0a9-928410438cde	13	73945137	79225699	3742	0.5204
6fbdec0c-7582-455d-a0a9-928410438cde	13	79225976	80537101	824	0.5752
6fbdec0c-7582-455d-a0a9-928410438cde	13	80539389	114342922	23054	0.509
6fbdec0c-7582-455d-a0a9-928410438cde	14	18239283	20009389	200	0.2213
6fbdec0c-7582-455d-a0a9-928410438cde	14	20012817	21793013	1186	0.0201
6fbdec0c-7582-455d-a0a9-928410438cde	14	21798901	21925483	130	0.1921
6fbdec0c-7582-455d-a0a9-928410438cde	14	21925548	22151835	203	0.3237
6fbdec0c-7582-455d-a0a9-928410438cde	14	22151963	22477390	260	0.6051
6fbdec0c-7582-455d-a0a9-928410438cde	14	22478293	22509792	59	0.3641
6fbdec0c-7582-455d-a0a9-928410438cde	14	22514241	24479975	1125	0.0469
6fbdec0c-7582-455d-a0a9-928410438cde	14	24481618	24482617	3	-0.9853
6fbdec0c-7582-455d-a0a9-928410438cde	14	24483240	25090617	472	0.0533
6fbdec0c-7582-455d-a0a9-928410438cde	14	25091471	25092197	2	-2.0235
6fbdec0c-7582-455d-a0a9-928410438cde	14	25094880	26314697	869	-0.0018
6fbdec0c-7582-455d-a0a9-928410438cde	14	26314707	26315707	7	-1.0406
6fbdec0c-7582-455d-a0a9-928410438cde	14	26325898	34548665	5221	-0.0149
6fbdec0c-7582-455d-a0a9-928410438cde	14	34551068	34551172	2	-1.856
6fbdec0c-7582-455d-a0a9-928410438cde	14	34551779	35035384	242	0.0228
6fbdec0c-7582-455d-a0a9-928410438cde	14	35040397	35040568	4	-2.0958
6fbdec0c-7582-455d-a0a9-928410438cde	14	35041591	41139155	3786	-0.0054
6fbdec0c-7582-455d-a0a9-928410438cde	14	41141293	41168612	12	0.5643
6fbdec0c-7582-455d-a0a9-928410438cde	14	41184774	41410688	167	0.0212
6fbdec0c-7582-455d-a0a9-928410438cde	14	41410713	42379606	589	-0.0591
6fbdec0c-7582-455d-a0a9-928410438cde	14	42380790	42387773	12	0.4025
6fbdec0c-7582-455d-a0a9-928410438cde	14	42387897	43330466	573	-0.0318
6fbdec0c-7582-455d-a0a9-928410438cde	14	43330934	46149427	1542	0.023
6fbdec0c-7582-455d-a0a9-928410438cde	14	46153104	46161083	6	1.3425
6fbdec0c-7582-455d-a0a9-928410438cde	14	46168778	82862445	23738	-0.0073
6fbdec0c-7582-455d-a0a9-928410438cde	14	82862515	82865763	5	-0.9632
6fbdec0c-7582-455d-a0a9-928410438cde	14	82870898	98775576	11044	-0.0199
6fbdec0c-7582-455d-a0a9-928410438cde	14	98776462	98968449	183	-0.1906
6fbdec0c-7582-455d-a0a9-928410438cde	14	98969086	106396870	3538	-0.0096
6fbdec0c-7582-455d-a0a9-928410438cde	14	106403147	106493062	62	0.3703
6fbdec0c-7582-455d-a0a9-928410438cde	14	106496501	106877229	189	-0.018
6fbdec0c-7582-455d-a0a9-928410438cde	15	19811075	20001686	45	0.1794
6fbdec0c-7582-455d-a0a9-928410438cde	15	20011702	20670989	106	-1.0841
6fbdec0c-7582-455d-a0a9-928410438cde	15	20981071	21078947	14	0.0407
6fbdec0c-7582-455d-a0a9-928410438cde	15	21085447	22584747	49	-0.9079
6fbdec0c-7582-455d-a0a9-928410438cde	15	22590285	24493335	1027	0.0162
6fbdec0c-7582-455d-a0a9-928410438cde	15	24498314	27886897	2506	-0.0645
6fbdec0c-7582-455d-a0a9-928410438cde	15	27887445	29119844	423	0.0012
6fbdec0c-7582-455d-a0a9-928410438cde	15	29123357	29130479	4	-1.5424
6fbdec0c-7582-455d-a0a9-928410438cde	15	29132552	29150322	16	-0.4504
6fbdec0c-7582-455d-a0a9-928410438cde	15	29150454	30231102	649	-0.0073
6fbdec0c-7582-455d-a0a9-928410438cde	15	30252720	30608675	26	0.4757
6fbdec0c-7582-455d-a0a9-928410438cde	15	30621384	60705901	19246	-0.01
6fbdec0c-7582-455d-a0a9-928410438cde	15	60707834	61399454	691	-0.1608
6fbdec0c-7582-455d-a0a9-928410438cde	15	61399486	76586021	9126	-0.0238
6fbdec0c-7582-455d-a0a9-928410438cde	15	76598900	76603434	22	1.4088
6fbdec0c-7582-455d-a0a9-928410438cde	15	76609838	77368003	325	-0.0313
6fbdec0c-7582-455d-a0a9-928410438cde	15	77372024	77381117	9	-1.072
6fbdec0c-7582-455d-a0a9-928410438cde	15	77384627	82882631	3562	-0.0027
6fbdec0c-7582-455d-a0a9-928410438cde	15	82889131	82889319	3	-1.7503
6fbdec0c-7582-455d-a0a9-928410438cde	15	82890669	83874498	518	-0.0586
6fbdec0c-7582-455d-a0a9-928410438cde	15	83874650	83878795	5	-1.2548
6fbdec0c-7582-455d-a0a9-928410438cde	15	83879115	101894806	13194	-0.0098
6fbdec0c-7582-455d-a0a9-928410438cde	15	101900719	101928837	4	-1.9379
6fbdec0c-7582-455d-a0a9-928410438cde	16	10777	5558533	2630	0.3642
6fbdec0c-7582-455d-a0a9-928410438cde	16	5558592	7943512	2965	0.3055
6fbdec0c-7582-455d-a0a9-928410438cde	16	7945281	14321943	5342	0.3647
6fbdec0c-7582-455d-a0a9-928410438cde	16	14322103	16095346	730	0.4641
6fbdec0c-7582-455d-a0a9-928410438cde	16	16097428	21361279	2728	0.356
6fbdec0c-7582-455d-a0a9-928410438cde	16	21368130	21957558	150	0.6752
6fbdec0c-7582-455d-a0a9-928410438cde	16	21960794	22430699	236	0.4329
6fbdec0c-7582-455d-a0a9-928410438cde	16	22546611	22693199	72	0.6677
6fbdec0c-7582-455d-a0a9-928410438cde	16	22699421	55762682	12096	0.3581
6fbdec0c-7582-455d-a0a9-928410438cde	16	55764310	55764867	3	3.75
6fbdec0c-7582-455d-a0a9-928410438cde	16	55770436	56095947	235	0.3349
6fbdec0c-7582-455d-a0a9-928410438cde	16	56095991	59042523	1766	0.3872
6fbdec0c-7582-455d-a0a9-928410438cde	16	59042572	64048705	3250	0.3311
6fbdec0c-7582-455d-a0a9-928410438cde	16	64048720	64086661	28	0.7061
6fbdec0c-7582-455d-a0a9-928410438cde	16	64086868	65833122	1288	0.3229
6fbdec0c-7582-455d-a0a9-928410438cde	16	65838167	75988063	5471	0.3749
6fbdec0c-7582-455d-a0a9-928410438cde	16	75988495	78337711	2261	0.3271
6fbdec0c-7582-455d-a0a9-928410438cde	16	78338543	78350841	16	1.3244
6fbdec0c-7582-455d-a0a9-928410438cde	16	78350868	78382551	52	0.2551
6fbdec0c-7582-455d-a0a9-928410438cde	16	78382944	78383033	2	-1.261
6fbdec0c-7582-455d-a0a9-928410438cde	16	78383066	80942034	2989	0.3159
6fbdec0c-7582-455d-a0a9-928410438cde	16	80942117	80946600	8	-0.6147
6fbdec0c-7582-455d-a0a9-928410438cde	16	80952360	81175217	206	0.3933
6fbdec0c-7582-455d-a0a9-928410438cde	16	81175773	81177943	7	-0.2646
6fbdec0c-7582-455d-a0a9-928410438cde	16	81178464	81464795	253	0.3809
6fbdec0c-7582-455d-a0a9-928410438cde	16	81465205	81478223	20	-0.008
6fbdec0c-7582-455d-a0a9-928410438cde	16	81479031	82649762	1167	0.3501
6fbdec0c-7582-455d-a0a9-928410438cde	16	82651258	82691279	75	-0.0732
6fbdec0c-7582-455d-a0a9-928410438cde	16	82691640	88070700	5005	0.3258
6fbdec0c-7582-455d-a0a9-928410438cde	16	88076816	88081232	4	-1.8538
6fbdec0c-7582-455d-a0a9-928410438cde	16	88081785	88704213	235	0.3185
6fbdec0c-7582-455d-a0a9-928410438cde	16	88707330	89123064	119	0.1405
6fbdec0c-7582-455d-a0a9-928410438cde	16	89124275	90096867	484	0.3653
6fbdec0c-7582-455d-a0a9-928410438cde	17	150733	279755	81	-0.0921
6fbdec0c-7582-455d-a0a9-928410438cde	17	282127	373119	44	-0.3542
6fbdec0c-7582-455d-a0a9-928410438cde	17	373191	13252736	7990	-0.0216
6fbdec0c-7582-455d-a0a9-928410438cde	17	13252796	13254223	6	-1.198
6fbdec0c-7582-455d-a0a9-928410438cde	17	13255041	15623842	1890	-0.0541
6fbdec0c-7582-455d-a0a9-928410438cde	17	15639847	15654426	7	-0.9738
6fbdec0c-7582-455d-a0a9-928410438cde	17	15661944	33563799	6335	0.0005
6fbdec0c-7582-455d-a0a9-928410438cde	17	33564130	33992415	399	-0.2025
6fbdec0c-7582-455d-a0a9-928410438cde	17	33992728	34397003	373	-0.0468
6fbdec0c-7582-455d-a0a9-928410438cde	17	34397149	34609520	230	-0.1858
6fbdec0c-7582-455d-a0a9-928410438cde	17	34611015	35439199	497	-0.0125
6fbdec0c-7582-455d-a0a9-928410438cde	17	35441180	35442187	2	-1.3006
6fbdec0c-7582-455d-a0a9-928410438cde	17	35442818	36093875	393	0.0125
6fbdec0c-7582-455d-a0a9-928410438cde	17	36096224	36466633	57	-0.3108
6fbdec0c-7582-455d-a0a9-928410438cde	17	36466660	36467940	9	0.1868
6fbdec0c-7582-455d-a0a9-928410438cde	17	36468752	36480209	6	-0.5896
6fbdec0c-7582-455d-a0a9-928410438cde	17	36480313	36973537	408	-0.0284
6fbdec0c-7582-455d-a0a9-928410438cde	17	36980968	36983187	4	-1.1968
6fbdec0c-7582-455d-a0a9-928410438cde	17	36991250	41265456	2092	-0.0073
6fbdec0c-7582-455d-a0a9-928410438cde	17	41266762	41267234	13	1.1075
6fbdec0c-7582-455d-a0a9-928410438cde	17	41271598	41273905	7	-0.0026
6fbdec0c-7582-455d-a0a9-928410438cde	17	41273921	41276472	5	1.1556
6fbdec0c-7582-455d-a0a9-928410438cde	17	41276588	79877519	22767	-0.0245
6fbdec0c-7582-455d-a0a9-928410438cde	17	79878996	79879150	4	-2.6029
6fbdec0c-7582-455d-a0a9-928410438cde	17	79882816	80660500	477	-0.0563
6fbdec0c-7582-455d-a0a9-928410438cde	17	80660743	80670218	4	-1.1907
6fbdec0c-7582-455d-a0a9-928410438cde	17	80682687	83091923	945	-0.0443
6fbdec0c-7582-455d-a0a9-928410438cde	18	48133	2639833	1890	0.002
6fbdec0c-7582-455d-a0a9-928410438cde	18	2640790	2641859	4	-1.1118
6fbdec0c-7582-455d-a0a9-928410438cde	18	2642721	4130475	1052	0.0463
6fbdec0c-7582-455d-a0a9-928410438cde	18	4130879	5962015	1278	-0.0236
6fbdec0c-7582-455d-a0a9-928410438cde	18	5963764	5980878	26	-0.5177
6fbdec0c-7582-455d-a0a9-928410438cde	18	5981159	8410054	1827	-0.0356
6fbdec0c-7582-455d-a0a9-928410438cde	18	8412758	10139748	1361	-0.0023
6fbdec0c-7582-455d-a0a9-928410438cde	18	10140135	10142178	4	-0.9696
6fbdec0c-7582-455d-a0a9-928410438cde	18	10142326	15149069	2925	-0.0034
6fbdec0c-7582-455d-a0a9-928410438cde	18	15152213	20980457	53	0.2565
6fbdec0c-7582-455d-a0a9-928410438cde	18	20980564	24914615	2279	0.017
6fbdec0c-7582-455d-a0a9-928410438cde	18	24915029	30511758	3496	-0.0328
6fbdec0c-7582-455d-a0a9-928410438cde	18	30512634	37868614	4777	0.0154
6fbdec0c-7582-455d-a0a9-928410438cde	18	37871092	40680456	1827	-0.0388
6fbdec0c-7582-455d-a0a9-928410438cde	18	40680470	40685425	18	-2.0967
6fbdec0c-7582-455d-a0a9-928410438cde	18	40688060	44724320	2560	-0.0295
6fbdec0c-7582-455d-a0a9-928410438cde	18	44728007	44728023	2	-1.7215
6fbdec0c-7582-455d-a0a9-928410438cde	18	44728207	65794126	14722	0.0034
6fbdec0c-7582-455d-a0a9-928410438cde	18	65794517	65794891	2	-2.0259
6fbdec0c-7582-455d-a0a9-928410438cde	18	65795238	80257174	10656	-0.0179
6fbdec0c-7582-455d-a0a9-928410438cde	19	90910	9163124	3390	-0.0158
6fbdec0c-7582-455d-a0a9-928410438cde	19	9163996	9166800	4	-2.957
6fbdec0c-7582-455d-a0a9-928410438cde	19	9167445	14522867	2408	0.0016
6fbdec0c-7582-455d-a0a9-928410438cde	19	14532687	14532702	2	-1.7535
6fbdec0c-7582-455d-a0a9-928410438cde	19	14533992	20411869	3119	0.0049
6fbdec0c-7582-455d-a0a9-928410438cde	19	20413400	20533583	68	-0.8359
6fbdec0c-7582-455d-a0a9-928410438cde	19	20538075	21632117	615	0.0128
6fbdec0c-7582-455d-a0a9-928410438cde	19	21632838	21637067	2	-2.2595
6fbdec0c-7582-455d-a0a9-928410438cde	19	21637309	24187286	1492	0.0001
6fbdec0c-7582-455d-a0a9-928410438cde	19	24188665	27509930	82	0.2685
6fbdec0c-7582-455d-a0a9-928410438cde	19	27516125	28737356	812	-0.0063
6fbdec0c-7582-455d-a0a9-928410438cde	19	28737904	32439575	2824	-0.0566
6fbdec0c-7582-455d-a0a9-928410438cde	19	32440228	35358159	1886	0.0067
6fbdec0c-7582-455d-a0a9-928410438cde	19	35358269	35375884	28	0.3633
6fbdec0c-7582-455d-a0a9-928410438cde	19	35375899	36258756	424	0.0233
6fbdec0c-7582-455d-a0a9-928410438cde	19	36260813	37822462	767	-0.0691
6fbdec0c-7582-455d-a0a9-928410438cde	19	37824856	42936292	2553	0.0108
6fbdec0c-7582-455d-a0a9-928410438cde	19	42939470	42964842	16	-0.5159
6fbdec0c-7582-455d-a0a9-928410438cde	19	42965718	51628560	4273	0.0083
6fbdec0c-7582-455d-a0a9-928410438cde	19	51639099	51644944	11	-0.9525
6fbdec0c-7582-455d-a0a9-928410438cde	19	51651652	54721301	2010	-0.0139
6fbdec0c-7582-455d-a0a9-928410438cde	19	54725780	54819199	29	0.5296
6fbdec0c-7582-455d-a0a9-928410438cde	19	54822372	58586487	2297	-0.0276
6fbdec0c-7582-455d-a0a9-928410438cde	20	80664	1579916	1197	-0.0318
6fbdec0c-7582-455d-a0a9-928410438cde	20	1580141	1601446	40	-0.7087
6fbdec0c-7582-455d-a0a9-928410438cde	20	1601561	1613247	6	-1.9778
6fbdec0c-7582-455d-a0a9-928410438cde	20	1617300	2224165	529	-0.0239
6fbdec0c-7582-455d-a0a9-928410438cde	20	2224479	2225295	4	-1.0703
6fbdec0c-7582-455d-a0a9-928410438cde	20	2225311	5291896	2143	-0.0218
6fbdec0c-7582-455d-a0a9-928410438cde	20	5294389	6310668	739	0.0536
6fbdec0c-7582-455d-a0a9-928410438cde	20	6315710	8288554	1566	-0.0176
6fbdec0c-7582-455d-a0a9-928410438cde	20	8288626	8292449	3	-1.1764
6fbdec0c-7582-455d-a0a9-928410438cde	20	8294650	24051964	12485	-0.0139
6fbdec0c-7582-455d-a0a9-928410438cde	20	24052618	24054215	2	-1.4742
6fbdec0c-7582-455d-a0a9-928410438cde	20	24055456	25174506	841	-0.0507
6fbdec0c-7582-455d-a0a9-928410438cde	20	25176099	25879158	315	0.0463
6fbdec0c-7582-455d-a0a9-928410438cde	20	25881642	26242063	118	-0.0771
6fbdec0c-7582-455d-a0a9-928410438cde	20	26243033	30185676	36	0.2829
6fbdec0c-7582-455d-a0a9-928410438cde	20	30193847	42553445	6714	-0.0225
6fbdec0c-7582-455d-a0a9-928410438cde	20	42556498	42559285	3	-1.3745
6fbdec0c-7582-455d-a0a9-928410438cde	20	42563963	45708247	2236	-0.0222
6fbdec0c-7582-455d-a0a9-928410438cde	20	45713700	45749572	28	-1.0396
6fbdec0c-7582-455d-a0a9-928410438cde	20	45752208	49082988	2414	-0.0487
6fbdec0c-7582-455d-a0a9-928410438cde	20	49084227	57826086	6598	-0.0131
6fbdec0c-7582-455d-a0a9-928410438cde	20	57828165	60732557	2321	-0.0537
6fbdec0c-7582-455d-a0a9-928410438cde	20	60734538	60735065	2	-1.6352
6fbdec0c-7582-455d-a0a9-928410438cde	20	60735435	64284715	2044	-0.0541
6fbdec0c-7582-455d-a0a9-928410438cde	20	64323342	64324800	5	-1.2192
6fbdec0c-7582-455d-a0a9-928410438cde	21	10354168	10578371	57	0.4018
6fbdec0c-7582-455d-a0a9-928410438cde	21	10579237	18263926	3194	0.0188
6fbdec0c-7582-455d-a0a9-928410438cde	21	18263989	18264661	2	-1.6486
6fbdec0c-7582-455d-a0a9-928410438cde	21	18266147	22278814	3050	-0.0253
6fbdec0c-7582-455d-a0a9-928410438cde	21	22283580	22292338	9	-1.1494
6fbdec0c-7582-455d-a0a9-928410438cde	21	22294679	36555500	10410	-0.0088
6fbdec0c-7582-455d-a0a9-928410438cde	21	36555674	36558060	4	-1.3427
6fbdec0c-7582-455d-a0a9-928410438cde	21	36560880	38843764	1852	-0.0204
6fbdec0c-7582-455d-a0a9-928410438cde	21	38844474	39443088	461	0.0668
6fbdec0c-7582-455d-a0a9-928410438cde	21	39444705	39811540	321	-0.0356
6fbdec0c-7582-455d-a0a9-928410438cde	21	39817768	39817797	2	-1.603
6fbdec0c-7582-455d-a0a9-928410438cde	21	39820276	41157007	1221	-0.0269
6fbdec0c-7582-455d-a0a9-928410438cde	21	41157906	41716229	526	0.0498
6fbdec0c-7582-455d-a0a9-928410438cde	21	41716257	41894495	117	-0.0166
6fbdec0c-7582-455d-a0a9-928410438cde	21	41899425	41899447	2	-1.214
6fbdec0c-7582-455d-a0a9-928410438cde	21	41899628	41923401	23	0.0226
6fbdec0c-7582-455d-a0a9-928410438cde	21	41924164	41935354	6	-0.6794
6fbdec0c-7582-455d-a0a9-928410438cde	21	41939060	43309453	891	0.009
6fbdec0c-7582-455d-a0a9-928410438cde	21	43309959	43319601	7	-0.7999
6fbdec0c-7582-455d-a0a9-928410438cde	21	43320254	43354877	21	-0.1306
6fbdec0c-7582-455d-a0a9-928410438cde	21	43355639	43362852	6	-1.0433
6fbdec0c-7582-455d-a0a9-928410438cde	21	43363183	44954209	694	-0.0081
6fbdec0c-7582-455d-a0a9-928410438cde	21	44954658	45428241	274	-0.1429
6fbdec0c-7582-455d-a0a9-928410438cde	21	45428524	45428674	3	-2.039
6fbdec0c-7582-455d-a0a9-928410438cde	21	45429306	46677045	719	-0.1232
6fbdec0c-7582-455d-a0a9-928410438cde	22	15294547	24685371	4750	-0.0204
6fbdec0c-7582-455d-a0a9-928410438cde	22	24686148	24686567	3	-1.7221
6fbdec0c-7582-455d-a0a9-928410438cde	22	24691707	42482343	12390	-0.0279
6fbdec0c-7582-455d-a0a9-928410438cde	22	42483049	42554485	34	0.5035
6fbdec0c-7582-455d-a0a9-928410438cde	22	42559425	46058328	2492	-0.0421
6fbdec0c-7582-455d-a0a9-928410438cde	22	46059508	46962493	617	0.0511
6fbdec0c-7582-455d-a0a9-928410438cde	22	46962850	48409890	1384	-0.0685
6fbdec0c-7582-455d-a0a9-928410438cde	22	48410112	49405904	898	-0.189
6fbdec0c-7582-455d-a0a9-928410438cde	22	49406423	49406472	3	-1.828
6fbdec0c-7582-455d-a0a9-928410438cde	22	49406818	49619838	187	-0.1832
6fbdec0c-7582-455d-a0a9-928410438cde	22	49623586	49628685	3	-1.8693
6fbdec0c-7582-455d-a0a9-928410438cde	22	49641339	49774684	81	-0.2268
6fbdec0c-7582-455d-a0a9-928410438cde	22	49779538	50796027	433	-0.0117
6fbdec0c-7582-455d-a0a9-928410438cde	X	251810	10118468	5679	0.0158
6fbdec0c-7582-455d-a0a9-928410438cde	X	10118946	10119447	2	-1.6968
6fbdec0c-7582-455d-a0a9-928410438cde	X	10121643	22824430	8009	0.0237
6fbdec0c-7582-455d-a0a9-928410438cde	X	22824802	22838845	25	-0.3967
6fbdec0c-7582-455d-a0a9-928410438cde	X	22842312	28029615	3373	0.0274
6fbdec0c-7582-455d-a0a9-928410438cde	X	28029722	28030166	4	-1.4243
6fbdec0c-7582-455d-a0a9-928410438cde	X	28030394	38437904	6644	0.0095
6fbdec0c-7582-455d-a0a9-928410438cde	X	38438304	38438583	3	-1.59
6fbdec0c-7582-455d-a0a9-928410438cde	X	38438756	55664298	8366	0.0158
6fbdec0c-7582-455d-a0a9-928410438cde	X	55674500	55676882	4	-0.9756
6fbdec0c-7582-455d-a0a9-928410438cde	X	55681123	58322017	1266	0.0438
6fbdec0c-7582-455d-a0a9-928410438cde	X	58337694	62713294	52	0.4213
6fbdec0c-7582-455d-a0a9-928410438cde	X	62728581	138294999	39406	0.0267
6fbdec0c-7582-455d-a0a9-928410438cde	X	138295184	146193918	5169	-0.026
6fbdec0c-7582-455d-a0a9-928410438cde	X	146195004	146560093	321	0.0177
6fbdec0c-7582-455d-a0a9-928410438cde	X	146561980	146563077	2	-1.5007
6fbdec0c-7582-455d-a0a9-928410438cde	X	146563204	152849443	4045	0.0228
6fbdec0c-7582-455d-a0a9-928410438cde	X	152850003	152851624	2	-2.6003
6fbdec0c-7582-455d-a0a9-928410438cde	X	152856204	153019786	143	-0.0639
6fbdec0c-7582-455d-a0a9-928410438cde	X	153021746	153035165	20	-0.5312
6fbdec0c-7582-455d-a0a9-928410438cde	X	153036866	155551021	1037	0.0179
6fbdec0c-7582-455d-a0a9-928410438cde	X	155553352	155557906	5	-1.7492
6fbdec0c-7582-455d-a0a9-928410438cde	X	155559522	155952689	94	0.0886
6fbdec0c-7582-455d-a0a9-928410438cde	Y	2782397	3326047	192	-3.5777
6fbdec0c-7582-455d-a0a9-928410438cde	Y	3327226	6071948	526	-2.9814
6fbdec0c-7582-455d-a0a9-928410438cde	Y	6075631	6790428	146	-3.3671
6fbdec0c-7582-455d-a0a9-928410438cde	Y	6792738	7919678	590	-3.7128
6fbdec0c-7582-455d-a0a9-928410438cde	Y	7920493	7971285	49	-4.5942
6fbdec0c-7582-455d-a0a9-928410438cde	Y	7972658	9327138	723	-4.0017
6fbdec0c-7582-455d-a0a9-928410438cde	Y	9329696	9554275	27	-5.3062
6fbdec0c-7582-455d-a0a9-928410438cde	Y	9554586	25971733	4215	-3.7413
6fbdec0c-7582-455d-a0a9-928410438cde	Y	26077669	56872112	172	-3.2014
