GDC_Aliquot	Chromosome	Start	End	Num_Probes	Segment_Mean
644d73a4-3e81-4733-bf8d-95befb54e4e6	1	62920	822543	34	0.0162
644d73a4-3e81-4733-bf8d-95befb54e4e6	1	825988	3302046	704	-0.2598
644d73a4-3e81-4733-bf8d-95befb54e4e6	1	3302359	4732594	1019	-0.0364
644d73a4-3e81-4733-bf8d-95befb54e4e6	1	4733520	4736498	3	-1.5914
644d73a4-3e81-4733-bf8d-95befb54e4e6	1	4737438	8230532	2342	-0.0169
644d73a4-3e81-4733-bf8d-95befb54e4e6	1	8235070	8235228	2	-1.6255
644d73a4-3e81-4733-bf8d-95befb54e4e6	1	8235934	9266599	548	-0.0027
644d73a4-3e81-4733-bf8d-95befb54e4e6	1	9267354	9344634	57	-0.3229
644d73a4-3e81-4733-bf8d-95befb54e4e6	1	9344921	15822042	3613	-0.0027
644d73a4-3e81-4733-bf8d-95befb54e4e6	1	15822508	15828515	15	-0.5709
644d73a4-3e81-4733-bf8d-95befb54e4e6	1	15839166	16489035	288	-0.0271
644d73a4-3e81-4733-bf8d-95befb54e4e6	1	16489595	16679239	40	0.2813
644d73a4-3e81-4733-bf8d-95befb54e4e6	1	16679281	16863509	26	-0.1839
644d73a4-3e81-4733-bf8d-95befb54e4e6	1	16864367	16958425	59	-0.6252
644d73a4-3e81-4733-bf8d-95befb54e4e6	1	16959715	30656261	7997	-0.0102
644d73a4-3e81-4733-bf8d-95befb54e4e6	1	30656396	30789158	92	-0.2469
644d73a4-3e81-4733-bf8d-95befb54e4e6	1	30789990	54624527	13188	0.0046
644d73a4-3e81-4733-bf8d-95befb54e4e6	1	54627618	54628716	2	1.6213
644d73a4-3e81-4733-bf8d-95befb54e4e6	1	54630777	72284670	12711	0.0042
644d73a4-3e81-4733-bf8d-95befb54e4e6	1	72290430	72345450	56	0.3228
644d73a4-3e81-4733-bf8d-95befb54e4e6	1	72345465	105476583	20948	0.0056
644d73a4-3e81-4733-bf8d-95befb54e4e6	1	105476614	105479753	16	-2.2472
644d73a4-3e81-4733-bf8d-95befb54e4e6	1	105481433	107111598	1078	0.0017
644d73a4-3e81-4733-bf8d-95befb54e4e6	1	107112980	107120873	11	-1.2775
644d73a4-3e81-4733-bf8d-95befb54e4e6	1	107122811	109690352	1541	0.003
644d73a4-3e81-4733-bf8d-95befb54e4e6	1	109690415	109697556	12	-0.9223
644d73a4-3e81-4733-bf8d-95befb54e4e6	1	109702376	121598439	7132	0.0077
644d73a4-3e81-4733-bf8d-95befb54e4e6	1	121601998	143748421	102	0.163
644d73a4-3e81-4733-bf8d-95befb54e4e6	1	143748590	143754077	14	0.648
644d73a4-3e81-4733-bf8d-95befb54e4e6	1	143754192	145690729	40	0.1786
644d73a4-3e81-4733-bf8d-95befb54e4e6	1	145691969	152789447	2488	-0.0062
644d73a4-3e81-4733-bf8d-95befb54e4e6	1	152789463	152796224	36	-0.587
644d73a4-3e81-4733-bf8d-95befb54e4e6	1	152801429	174827267	14805	0.0062
644d73a4-3e81-4733-bf8d-95befb54e4e6	1	174827418	174832702	16	0.4665
644d73a4-3e81-4733-bf8d-95befb54e4e6	1	174832716	179354603	3068	0.0071
644d73a4-3e81-4733-bf8d-95befb54e4e6	1	179361393	179370071	5	-0.9855
644d73a4-3e81-4733-bf8d-95befb54e4e6	1	179370127	190017263	7126	0.0107
644d73a4-3e81-4733-bf8d-95befb54e4e6	1	190017280	190021937	3	-1.0679
644d73a4-3e81-4733-bf8d-95befb54e4e6	1	190021970	196745743	4436	0.0053
644d73a4-3e81-4733-bf8d-95befb54e4e6	1	196758720	196830375	54	0.4059
644d73a4-3e81-4733-bf8d-95befb54e4e6	1	196832298	248546369	35626	0.0013
644d73a4-3e81-4733-bf8d-95befb54e4e6	1	248550567	248646068	38	-0.8272
644d73a4-3e81-4733-bf8d-95befb54e4e6	1	248661836	248930189	137	-0.0812
644d73a4-3e81-4733-bf8d-95befb54e4e6	2	12784	700580	494	-0.0473
644d73a4-3e81-4733-bf8d-95befb54e4e6	2	701122	1913944	745	-0.169
644d73a4-3e81-4733-bf8d-95befb54e4e6	2	1913957	4158097	1747	-0.0223
644d73a4-3e81-4733-bf8d-95befb54e4e6	2	4166274	4176429	42	-0.6218
644d73a4-3e81-4733-bf8d-95befb54e4e6	2	4182472	34474248	21054	0.0027
644d73a4-3e81-4733-bf8d-95befb54e4e6	2	34476327	34512489	47	0.3258
644d73a4-3e81-4733-bf8d-95befb54e4e6	2	34512965	35742970	869	-0.0056
644d73a4-3e81-4733-bf8d-95befb54e4e6	2	35750907	35762881	8	0.8309
644d73a4-3e81-4733-bf8d-95befb54e4e6	2	35772407	52527330	12121	0.0019
644d73a4-3e81-4733-bf8d-95befb54e4e6	2	52527342	52527743	6	-1.484
644d73a4-3e81-4733-bf8d-95befb54e4e6	2	52531615	52554366	31	-0.6366
644d73a4-3e81-4733-bf8d-95befb54e4e6	2	52554384	58348897	4095	-0.0047
644d73a4-3e81-4733-bf8d-95befb54e4e6	2	58353647	58354076	4	-1.0247
644d73a4-3e81-4733-bf8d-95befb54e4e6	2	58355724	89174348	18634	0.0084
644d73a4-3e81-4733-bf8d-95befb54e4e6	2	89177897	89305244	30	-0.5482
644d73a4-3e81-4733-bf8d-95befb54e4e6	2	89896149	90004094	26	0.0323
644d73a4-3e81-4733-bf8d-95befb54e4e6	2	90006053	90235899	103	-0.8717
644d73a4-3e81-4733-bf8d-95befb54e4e6	2	90262403	97181113	912	-0.0009
644d73a4-3e81-4733-bf8d-95befb54e4e6	2	97181150	97359885	31	0.308
644d73a4-3e81-4733-bf8d-95befb54e4e6	2	97524284	97545726	9	-1.1024
644d73a4-3e81-4733-bf8d-95befb54e4e6	2	97550415	106263639	5564	0.0046
644d73a4-3e81-4733-bf8d-95befb54e4e6	2	106264257	106268901	11	0.8759
644d73a4-3e81-4733-bf8d-95befb54e4e6	2	106270799	128880504	13371	0.0056
644d73a4-3e81-4733-bf8d-95befb54e4e6	2	128880904	128882741	15	-0.8551
644d73a4-3e81-4733-bf8d-95befb54e4e6	2	128882755	131693012	1419	-0.0377
644d73a4-3e81-4733-bf8d-95befb54e4e6	2	131695426	159292264	16958	0.0061
644d73a4-3e81-4733-bf8d-95befb54e4e6	2	159292530	159297003	3	-1.2956
644d73a4-3e81-4733-bf8d-95befb54e4e6	2	159300031	163780342	2649	0.0126
644d73a4-3e81-4733-bf8d-95befb54e4e6	2	163786978	163788616	5	-0.9897
644d73a4-3e81-4733-bf8d-95befb54e4e6	2	163790132	183220725	12250	0.0064
644d73a4-3e81-4733-bf8d-95befb54e4e6	2	183221060	183223386	7	-1.2132
644d73a4-3e81-4733-bf8d-95befb54e4e6	2	183224417	238099543	33991	0.0044
644d73a4-3e81-4733-bf8d-95befb54e4e6	2	238106097	242147305	2203	-0.0641
644d73a4-3e81-4733-bf8d-95befb54e4e6	3	20930	6604856	5815	0.0009
644d73a4-3e81-4733-bf8d-95befb54e4e6	3	6609441	6611645	23	-0.8973
644d73a4-3e81-4733-bf8d-95befb54e4e6	3	6613391	16197556	7050	-0.0098
644d73a4-3e81-4733-bf8d-95befb54e4e6	3	16199049	16199877	8	-1.0267
644d73a4-3e81-4733-bf8d-95befb54e4e6	3	16202089	26384700	6980	0.0129
644d73a4-3e81-4733-bf8d-95befb54e4e6	3	26392633	26397852	5	-1.0651
644d73a4-3e81-4733-bf8d-95befb54e4e6	3	26404482	31461905	3656	0.0086
644d73a4-3e81-4733-bf8d-95befb54e4e6	3	31461927	31462228	2	-1.982
644d73a4-3e81-4733-bf8d-95befb54e4e6	3	31463464	47437019	9946	0.0049
644d73a4-3e81-4733-bf8d-95befb54e4e6	3	47450332	47451230	2	-3.0667
644d73a4-3e81-4733-bf8d-95befb54e4e6	3	47455724	68697013	14281	0.0037
644d73a4-3e81-4733-bf8d-95befb54e4e6	3	68697108	68698213	13	-0.7221
644d73a4-3e81-4733-bf8d-95befb54e4e6	3	68698262	75511990	4925	0.008
644d73a4-3e81-4733-bf8d-95befb54e4e6	3	75519398	75547095	9	0.7956
644d73a4-3e81-4733-bf8d-95befb54e4e6	3	75559488	81545929	3392	0.0088
644d73a4-3e81-4733-bf8d-95befb54e4e6	3	81546941	81548156	3	-1.6577
644d73a4-3e81-4733-bf8d-95befb54e4e6	3	81551646	99218940	7572	0.0044
644d73a4-3e81-4733-bf8d-95befb54e4e6	3	99225614	99230212	27	-0.8136
644d73a4-3e81-4733-bf8d-95befb54e4e6	3	99230225	118152844	11736	0.0058
644d73a4-3e81-4733-bf8d-95befb54e4e6	3	118153037	118153755	4	-1.0953
644d73a4-3e81-4733-bf8d-95befb54e4e6	3	118158563	130044016	6970	-0.0052
644d73a4-3e81-4733-bf8d-95befb54e4e6	3	130044855	130087393	38	0.2879
644d73a4-3e81-4733-bf8d-95befb54e4e6	3	130088081	146661402	10391	0.002
644d73a4-3e81-4733-bf8d-95befb54e4e6	3	146665207	146668345	4	-1.2333
644d73a4-3e81-4733-bf8d-95befb54e4e6	3	146674197	149245189	1510	0.0195
644d73a4-3e81-4733-bf8d-95befb54e4e6	3	149245608	149250334	25	-0.8702
644d73a4-3e81-4733-bf8d-95befb54e4e6	3	149253293	162790480	8328	0.0112
644d73a4-3e81-4733-bf8d-95befb54e4e6	3	162794869	162908207	69	0.9803
644d73a4-3e81-4733-bf8d-95befb54e4e6	3	162908784	175362822	7654	0.0136
644d73a4-3e81-4733-bf8d-95befb54e4e6	3	175362958	175363437	4	-1.2972
644d73a4-3e81-4733-bf8d-95befb54e4e6	3	175363536	190538297	9676	0.009
644d73a4-3e81-4733-bf8d-95befb54e4e6	3	190542248	190542906	3	-1.4062
644d73a4-3e81-4733-bf8d-95befb54e4e6	3	190543126	193160173	1834	-0.0021
644d73a4-3e81-4733-bf8d-95befb54e4e6	3	193160256	193165114	18	1.6526
644d73a4-3e81-4733-bf8d-95befb54e4e6	3	193168646	195559056	1484	0.0007
644d73a4-3e81-4733-bf8d-95befb54e4e6	3	195656271	196017100	138	-0.2882
644d73a4-3e81-4733-bf8d-95befb54e4e6	3	196017117	196949888	457	0.0137
644d73a4-3e81-4733-bf8d-95befb54e4e6	3	196950538	196956906	4	-1.0432
644d73a4-3e81-4733-bf8d-95befb54e4e6	3	196956955	198169247	609	-0.0294
644d73a4-3e81-4733-bf8d-95befb54e4e6	4	68929	121682	37	1.0063
644d73a4-3e81-4733-bf8d-95befb54e4e6	4	141056	488020	143	-0.0112
644d73a4-3e81-4733-bf8d-95befb54e4e6	4	490142	1058451	172	-0.2585
644d73a4-3e81-4733-bf8d-95befb54e4e6	4	1058613	1334702	149	-0.0643
644d73a4-3e81-4733-bf8d-95befb54e4e6	4	1335075	1392782	21	-0.4237
644d73a4-3e81-4733-bf8d-95befb54e4e6	4	1396612	3470435	871	-0.0158
644d73a4-3e81-4733-bf8d-95befb54e4e6	4	3470595	3470639	2	-1.2517
644d73a4-3e81-4733-bf8d-95befb54e4e6	4	3471166	5160764	1031	-0.0087
644d73a4-3e81-4733-bf8d-95befb54e4e6	4	5163328	5177975	11	-0.8468
644d73a4-3e81-4733-bf8d-95befb54e4e6	4	5179462	10208766	3258	-0.0271
644d73a4-3e81-4733-bf8d-95befb54e4e6	4	10212536	10229625	28	0.6876
644d73a4-3e81-4733-bf8d-95befb54e4e6	4	10229874	10389091	179	0.0254
644d73a4-3e81-4733-bf8d-95befb54e4e6	4	10390730	10399044	16	-0.611
644d73a4-3e81-4733-bf8d-95befb54e4e6	4	10401094	13275214	2323	0.0128
644d73a4-3e81-4733-bf8d-95befb54e4e6	4	13275251	13275268	2	-2.0882
644d73a4-3e81-4733-bf8d-95befb54e4e6	4	13275301	34784878	14458	0.0014
644d73a4-3e81-4733-bf8d-95befb54e4e6	4	34785333	34823103	37	-0.6633
644d73a4-3e81-4733-bf8d-95befb54e4e6	4	34828250	115244948	47837	0.0067
644d73a4-3e81-4733-bf8d-95befb54e4e6	4	115251455	115259026	23	-0.7889
644d73a4-3e81-4733-bf8d-95befb54e4e6	4	115259080	124538250	5462	0.0014
644d73a4-3e81-4733-bf8d-95befb54e4e6	4	124539196	124541780	3	-1.7904
644d73a4-3e81-4733-bf8d-95befb54e4e6	4	124541870	160958972	21860	0.0007
644d73a4-3e81-4733-bf8d-95befb54e4e6	4	160958989	160963825	23	-0.3827
644d73a4-3e81-4733-bf8d-95befb54e4e6	4	160963857	171448195	6660	-0.0026
644d73a4-3e81-4733-bf8d-95befb54e4e6	4	171453733	171456559	10	1.4229
644d73a4-3e81-4733-bf8d-95befb54e4e6	4	171456573	172066777	399	-0.0138
644d73a4-3e81-4733-bf8d-95befb54e4e6	4	172067997	172068382	12	-1.9155
644d73a4-3e81-4733-bf8d-95befb54e4e6	4	172074828	182825334	7262	-0.0011
644d73a4-3e81-4733-bf8d-95befb54e4e6	4	182829397	182837897	2	-1.7263
644d73a4-3e81-4733-bf8d-95befb54e4e6	4	182840274	190106768	4815	-0.0283
644d73a4-3e81-4733-bf8d-95befb54e4e6	5	15532	1936329	952	-0.2235
644d73a4-3e81-4733-bf8d-95befb54e4e6	5	1936428	27524345	18289	-0.0075
644d73a4-3e81-4733-bf8d-95befb54e4e6	5	27525283	27525913	10	-1.0222
644d73a4-3e81-4733-bf8d-95befb54e4e6	5	27527372	138474827	65500	0.0022
644d73a4-3e81-4733-bf8d-95befb54e4e6	5	138475255	138480022	12	-1.0768
644d73a4-3e81-4733-bf8d-95befb54e4e6	5	138480779	140839137	1049	-0.0006
644d73a4-3e81-4733-bf8d-95befb54e4e6	5	140844251	140864171	13	-0.9132
644d73a4-3e81-4733-bf8d-95befb54e4e6	5	140872578	156049988	10209	0.0083
644d73a4-3e81-4733-bf8d-95befb54e4e6	5	156051752	156055705	10	-1.0639
644d73a4-3e81-4733-bf8d-95befb54e4e6	5	156055719	177800550	14799	-0.0014
644d73a4-3e81-4733-bf8d-95befb54e4e6	5	177801578	177805604	2	-1.6517
644d73a4-3e81-4733-bf8d-95befb54e4e6	5	177827964	179498842	956	-0.0541
644d73a4-3e81-4733-bf8d-95befb54e4e6	5	179501760	179509670	4	-1.5636
644d73a4-3e81-4733-bf8d-95befb54e4e6	5	179509694	180932733	824	-0.0237
644d73a4-3e81-4733-bf8d-95befb54e4e6	5	180932926	180951888	12	-0.2679
644d73a4-3e81-4733-bf8d-95befb54e4e6	5	180953203	180991103	17	-0.6529
644d73a4-3e81-4733-bf8d-95befb54e4e6	5	181006225	181363319	170	-0.0905
644d73a4-3e81-4733-bf8d-95befb54e4e6	6	149661	460187	270	-0.0637
644d73a4-3e81-4733-bf8d-95befb54e4e6	6	460302	462299	4	-1.0162
644d73a4-3e81-4733-bf8d-95befb54e4e6	6	462341	800496	279	-0.1313
644d73a4-3e81-4733-bf8d-95befb54e4e6	6	802849	984842	176	0.0291
644d73a4-3e81-4733-bf8d-95befb54e4e6	6	989628	993722	7	-0.9683
644d73a4-3e81-4733-bf8d-95befb54e4e6	6	996883	6804735	4815	-0.0039
644d73a4-3e81-4733-bf8d-95befb54e4e6	6	6804826	6805099	2	-1.9667
644d73a4-3e81-4733-bf8d-95befb54e4e6	6	6805699	29865090	16075	0.0042
644d73a4-3e81-4733-bf8d-95befb54e4e6	6	29865764	29875657	24	-0.3438
644d73a4-3e81-4733-bf8d-95befb54e4e6	6	29876257	29881490	7	-1.1399
644d73a4-3e81-4733-bf8d-95befb54e4e6	6	29882419	32657318	1233	-0.0525
644d73a4-3e81-4733-bf8d-95befb54e4e6	6	32658111	32658841	3	-1.7889
644d73a4-3e81-4733-bf8d-95befb54e4e6	6	32682835	32722250	44	0.0438
644d73a4-3e81-4733-bf8d-95befb54e4e6	6	32723020	32723053	3	1.8362
644d73a4-3e81-4733-bf8d-95befb54e4e6	6	32732907	76305231	25511	0.0039
644d73a4-3e81-4733-bf8d-95befb54e4e6	6	76307183	76307209	3	-1.9027
644d73a4-3e81-4733-bf8d-95befb54e4e6	6	76307276	76726815	295	0.0097
644d73a4-3e81-4733-bf8d-95befb54e4e6	6	76730151	76743040	21	-0.9721
644d73a4-3e81-4733-bf8d-95befb54e4e6	6	76751356	153636235	48833	0.0041
644d73a4-3e81-4733-bf8d-95befb54e4e6	6	153639651	153640284	2	-3.5654
644d73a4-3e81-4733-bf8d-95befb54e4e6	6	153640764	167201245	9813	-0.0089
644d73a4-3e81-4733-bf8d-95befb54e4e6	6	167211842	167954923	256	-0.1217
644d73a4-3e81-4733-bf8d-95befb54e4e6	6	167955472	168514182	390	-0.2419
644d73a4-3e81-4733-bf8d-95befb54e4e6	6	168514665	169776994	1039	-0.0679
644d73a4-3e81-4733-bf8d-95befb54e4e6	6	169777855	170238867	177	-0.2332
644d73a4-3e81-4733-bf8d-95befb54e4e6	6	170239207	170741917	237	-0.0065
644d73a4-3e81-4733-bf8d-95befb54e4e6	7	43355	1460744	414	-0.1925
644d73a4-3e81-4733-bf8d-95befb54e4e6	7	1464355	48541346	33788	-0.0024
644d73a4-3e81-4733-bf8d-95befb54e4e6	7	48542256	48552429	8	-1.1785
644d73a4-3e81-4733-bf8d-95befb54e4e6	7	48560583	54305455	4237	-0.0016
644d73a4-3e81-4733-bf8d-95befb54e4e6	7	54318812	54318824	6	-2.0791
644d73a4-3e81-4733-bf8d-95befb54e4e6	7	54325795	126405597	38484	0.0008
644d73a4-3e81-4733-bf8d-95befb54e4e6	7	126405632	126406822	10	1.3736
644d73a4-3e81-4733-bf8d-95befb54e4e6	7	126406823	134100442	4697	-0.0072
644d73a4-3e81-4733-bf8d-95befb54e4e6	7	134100458	134105690	23	-0.6394
644d73a4-3e81-4733-bf8d-95befb54e4e6	7	134110881	153450553	12004	-0.0045
644d73a4-3e81-4733-bf8d-95befb54e4e6	7	153450560	153450627	2	-2.5416
644d73a4-3e81-4733-bf8d-95befb54e4e6	7	153450630	154598185	850	0.0014
644d73a4-3e81-4733-bf8d-95befb54e4e6	7	154601461	154607903	4	1.0127
644d73a4-3e81-4733-bf8d-95befb54e4e6	7	154609120	155413823	738	-0.0192
644d73a4-3e81-4733-bf8d-95befb54e4e6	7	155414053	155414572	3	-1.4702
644d73a4-3e81-4733-bf8d-95befb54e4e6	7	155415881	157854182	1574	-0.0329
644d73a4-3e81-4733-bf8d-95befb54e4e6	7	157861272	159334314	919	-0.1374
644d73a4-3e81-4733-bf8d-95befb54e4e6	8	81254	1221532	725	-0.14
644d73a4-3e81-4733-bf8d-95befb54e4e6	8	1224929	4144546	2968	-0.0442
644d73a4-3e81-4733-bf8d-95befb54e4e6	8	4144670	4144707	3	-1.3174
644d73a4-3e81-4733-bf8d-95befb54e4e6	8	4144794	5736610	2300	-0.0119
644d73a4-3e81-4733-bf8d-95befb54e4e6	8	5736745	5746973	28	-0.6626
644d73a4-3e81-4733-bf8d-95befb54e4e6	8	5749566	7433619	1728	-0.0517
644d73a4-3e81-4733-bf8d-95befb54e4e6	8	7440674	7930163	22	-0.79
644d73a4-3e81-4733-bf8d-95befb54e4e6	8	7930192	10388278	1951	-0.0209
644d73a4-3e81-4733-bf8d-95befb54e4e6	8	10388815	10391269	2	-1.4411
644d73a4-3e81-4733-bf8d-95befb54e4e6	8	10391758	10648697	211	-0.1113
644d73a4-3e81-4733-bf8d-95befb54e4e6	8	10648725	11569832	757	0.0009
644d73a4-3e81-4733-bf8d-95befb54e4e6	8	11569945	12092042	317	-0.0822
644d73a4-3e81-4733-bf8d-95befb54e4e6	8	12130217	12143614	6	-1.1083
644d73a4-3e81-4733-bf8d-95befb54e4e6	8	12176798	14718538	2076	-0.0121
644d73a4-3e81-4733-bf8d-95befb54e4e6	8	14718551	14720897	9	-1.1889
644d73a4-3e81-4733-bf8d-95befb54e4e6	8	14721200	16404738	1484	-0.0073
644d73a4-3e81-4733-bf8d-95befb54e4e6	8	16404755	16417152	26	-0.7856
644d73a4-3e81-4733-bf8d-95befb54e4e6	8	16421186	25117985	6860	-0.0042
644d73a4-3e81-4733-bf8d-95befb54e4e6	8	25118055	25133589	23	0.5027
644d73a4-3e81-4733-bf8d-95befb54e4e6	8	25133612	39373140	9012	-0.0009
644d73a4-3e81-4733-bf8d-95befb54e4e6	8	39378084	39526605	55	-0.6508
644d73a4-3e81-4733-bf8d-95befb54e4e6	8	39527181	71300130	17897	-0.0028
644d73a4-3e81-4733-bf8d-95befb54e4e6	8	71303076	71304364	8	-2.2315
644d73a4-3e81-4733-bf8d-95befb54e4e6	8	71307628	71741043	297	-0.0063
644d73a4-3e81-4733-bf8d-95befb54e4e6	8	71747557	71783760	29	0.6574
644d73a4-3e81-4733-bf8d-95befb54e4e6	8	71788741	78262264	4117	-0.003
644d73a4-3e81-4733-bf8d-95befb54e4e6	8	78266379	78273089	5	-0.9217
644d73a4-3e81-4733-bf8d-95befb54e4e6	8	78276379	111279265	19652	0.0014
644d73a4-3e81-4733-bf8d-95befb54e4e6	8	111282050	111283016	9	-1.8454
644d73a4-3e81-4733-bf8d-95befb54e4e6	8	111283031	141005805	21126	-0.0002
644d73a4-3e81-4733-bf8d-95befb54e4e6	8	141006686	141364408	216	-0.1105
644d73a4-3e81-4733-bf8d-95befb54e4e6	8	141364907	142445166	624	-0.3048
644d73a4-3e81-4733-bf8d-95befb54e4e6	8	142447039	144214680	598	-0.0879
644d73a4-3e81-4733-bf8d-95befb54e4e6	8	144222396	144835600	190	-0.2467
644d73a4-3e81-4733-bf8d-95befb54e4e6	8	144836310	145072769	144	-0.0365
644d73a4-3e81-4733-bf8d-95befb54e4e6	9	46587	1407240	1421	-0.0347
644d73a4-3e81-4733-bf8d-95befb54e4e6	9	1413398	1413700	3	-1.4345
644d73a4-3e81-4733-bf8d-95befb54e4e6	9	1414235	22492890	18407	0.0002
644d73a4-3e81-4733-bf8d-95befb54e4e6	9	22501914	22502700	2	-3.3927
644d73a4-3e81-4733-bf8d-95befb54e4e6	9	22509341	39481878	11316	0.0014
644d73a4-3e81-4733-bf8d-95befb54e4e6	9	39483251	41644133	106	0.3495
644d73a4-3e81-4733-bf8d-95befb54e4e6	9	41644288	61405110	104	-0.229
644d73a4-3e81-4733-bf8d-95befb54e4e6	9	61520021	61647899	30	0.582
644d73a4-3e81-4733-bf8d-95befb54e4e6	9	61665362	133721141	46009	-0.0012
644d73a4-3e81-4733-bf8d-95befb54e4e6	9	133721245	138200944	2070	-0.0825
644d73a4-3e81-4733-bf8d-95befb54e4e6	10	45792	751569	412	-0.1096
644d73a4-3e81-4733-bf8d-95befb54e4e6	10	752021	754237	3	-2.7894
644d73a4-3e81-4733-bf8d-95befb54e4e6	10	754273	3560636	2522	-0.0535
644d73a4-3e81-4733-bf8d-95befb54e4e6	10	3565537	42964614	26533	0.0035
644d73a4-3e81-4733-bf8d-95befb54e4e6	10	42965335	46146453	2005	-0.0334
644d73a4-3e81-4733-bf8d-95befb54e4e6	10	46154876	46522571	177	0.5088
644d73a4-3e81-4733-bf8d-95befb54e4e6	10	46525652	46526248	12	-0.116
644d73a4-3e81-4733-bf8d-95befb54e4e6	10	46526265	46967412	45	0.4626
644d73a4-3e81-4733-bf8d-95befb54e4e6	10	47002596	47407522	272	-0.0919
644d73a4-3e81-4733-bf8d-95befb54e4e6	10	47408581	57450745	6850	-0.0053
644d73a4-3e81-4733-bf8d-95befb54e4e6	10	57450761	57451013	3	-1.9365
644d73a4-3e81-4733-bf8d-95befb54e4e6	10	57458735	65548951	5564	-0.0013
644d73a4-3e81-4733-bf8d-95befb54e4e6	10	65548979	65567409	29	-0.5426
644d73a4-3e81-4733-bf8d-95befb54e4e6	10	65568683	97011079	20733	-0.0016
644d73a4-3e81-4733-bf8d-95befb54e4e6	10	97011429	97015166	2	-1.8468
644d73a4-3e81-4733-bf8d-95befb54e4e6	10	97015425	105296521	4917	0.0041
644d73a4-3e81-4733-bf8d-95befb54e4e6	10	105297280	105299412	3	-2.3033
644d73a4-3e81-4733-bf8d-95befb54e4e6	10	105302718	130403790	18494	-0.0068
644d73a4-3e81-4733-bf8d-95befb54e4e6	10	130407371	133654968	2047	-0.1487
644d73a4-3e81-4733-bf8d-95befb54e4e6	11	198510	3398272	1275	-0.0992
644d73a4-3e81-4733-bf8d-95befb54e4e6	11	3400513	4710856	899	0.0251
644d73a4-3e81-4733-bf8d-95befb54e4e6	11	4710871	4710933	3	-0.9759
644d73a4-3e81-4733-bf8d-95befb54e4e6	11	4711016	4949013	240	0.0326
644d73a4-3e81-4733-bf8d-95befb54e4e6	11	4949047	4955042	28	0.4377
644d73a4-3e81-4733-bf8d-95befb54e4e6	11	4955781	5762693	782	-0.0065
644d73a4-3e81-4733-bf8d-95befb54e4e6	11	5766175	5788231	35	-0.5395
644d73a4-3e81-4733-bf8d-95befb54e4e6	11	5791130	18919323	9403	0.0045
644d73a4-3e81-4733-bf8d-95befb54e4e6	11	18927525	18940375	44	-1.0125
644d73a4-3e81-4733-bf8d-95befb54e4e6	11	18940441	55606572	21755	0.0072
644d73a4-3e81-4733-bf8d-95befb54e4e6	11	55606712	55685533	57	0.5613
644d73a4-3e81-4733-bf8d-95befb54e4e6	11	55686100	64418640	4953	-0.0048
644d73a4-3e81-4733-bf8d-95befb54e4e6	11	64421317	65803841	524	-0.1179
644d73a4-3e81-4733-bf8d-95befb54e4e6	11	65803850	133007775	45230	-0.0006
644d73a4-3e81-4733-bf8d-95befb54e4e6	11	133008024	135074876	1560	-0.1143
644d73a4-3e81-4733-bf8d-95befb54e4e6	12	51460	659956	366	-0.1449
644d73a4-3e81-4733-bf8d-95befb54e4e6	12	661008	1467029	466	0.0128
644d73a4-3e81-4733-bf8d-95befb54e4e6	12	1469649	3607737	1517	-0.0628
644d73a4-3e81-4733-bf8d-95befb54e4e6	12	3609373	30086381	18155	0.0015
644d73a4-3e81-4733-bf8d-95befb54e4e6	12	30086486	30090698	20	-0.7437
644d73a4-3e81-4733-bf8d-95befb54e4e6	12	30090732	31249756	955	-0.0209
644d73a4-3e81-4733-bf8d-95befb54e4e6	12	31253875	31258117	8	-0.7473
644d73a4-3e81-4733-bf8d-95befb54e4e6	12	31258280	33141726	1294	0.0226
644d73a4-3e81-4733-bf8d-95befb54e4e6	12	33148472	33154440	27	-0.6272
644d73a4-3e81-4733-bf8d-95befb54e4e6	12	33155426	48331259	7308	0.0064
644d73a4-3e81-4733-bf8d-95befb54e4e6	12	48331456	48331632	3	-1.8564
644d73a4-3e81-4733-bf8d-95befb54e4e6	12	48336253	52225150	1946	0.0132
644d73a4-3e81-4733-bf8d-95befb54e4e6	12	52228353	52511785	268	-0.1089
644d73a4-3e81-4733-bf8d-95befb54e4e6	12	52512313	53656884	729	0.0101
644d73a4-3e81-4733-bf8d-95befb54e4e6	12	53659977	53663559	2	-2.6317
644d73a4-3e81-4733-bf8d-95befb54e4e6	12	53669481	125002204	45447	0.0016
644d73a4-3e81-4733-bf8d-95befb54e4e6	12	125002251	125002291	2	-2.6344
644d73a4-3e81-4733-bf8d-95befb54e4e6	12	125004847	129655961	4096	-0.021
644d73a4-3e81-4733-bf8d-95befb54e4e6	12	129655975	131532954	1534	-0.1057
644d73a4-3e81-4733-bf8d-95befb54e4e6	12	131537662	131538016	4	-1.4514
644d73a4-3e81-4733-bf8d-95befb54e4e6	12	131538347	132067949	293	-0.0502
644d73a4-3e81-4733-bf8d-95befb54e4e6	12	132076412	132867824	219	-0.2269
644d73a4-3e81-4733-bf8d-95befb54e4e6	12	132876318	133201603	154	-0.042
644d73a4-3e81-4733-bf8d-95befb54e4e6	13	18452809	38478674	14187	-0.0045
644d73a4-3e81-4733-bf8d-95befb54e4e6	13	38483435	38483919	2	-2.1969
644d73a4-3e81-4733-bf8d-95befb54e4e6	13	38490920	63650072	15651	0.0056
644d73a4-3e81-4733-bf8d-95befb54e4e6	13	63650659	63662559	9	-0.868
644d73a4-3e81-4733-bf8d-95befb54e4e6	13	63665430	71902850	5181	-0.0019
644d73a4-3e81-4733-bf8d-95befb54e4e6	13	71903417	71906418	4	-2.1672
644d73a4-3e81-4733-bf8d-95befb54e4e6	13	71906467	112839934	28413	-0.0024
644d73a4-3e81-4733-bf8d-95befb54e4e6	13	112847646	113115032	145	-0.2343
644d73a4-3e81-4733-bf8d-95befb54e4e6	13	113119385	113603595	270	-0.0553
644d73a4-3e81-4733-bf8d-95befb54e4e6	13	113604282	114062415	126	-0.1861
644d73a4-3e81-4733-bf8d-95befb54e4e6	13	114071975	114221858	79	0.0066
644d73a4-3e81-4733-bf8d-95befb54e4e6	13	114221983	114248887	11	-0.4029
644d73a4-3e81-4733-bf8d-95befb54e4e6	13	114258503	114342922	39	-0.023
644d73a4-3e81-4733-bf8d-95befb54e4e6	14	18239283	19951992	164	0.4162
644d73a4-3e81-4733-bf8d-95befb54e4e6	14	19952080	104062047	54237	0.0029
644d73a4-3e81-4733-bf8d-95befb54e4e6	14	104064614	105824429	526	-0.1215
644d73a4-3e81-4733-bf8d-95befb54e4e6	14	105824509	106346129	172	0.0128
644d73a4-3e81-4733-bf8d-95befb54e4e6	14	106360014	106365807	4	1.0876
644d73a4-3e81-4733-bf8d-95befb54e4e6	14	106369985	106423925	28	-0.0102
644d73a4-3e81-4733-bf8d-95befb54e4e6	14	106425447	106462183	47	-2.6116
644d73a4-3e81-4733-bf8d-95befb54e4e6	14	106462724	106877229	195	-0.0804
644d73a4-3e81-4733-bf8d-95befb54e4e6	15	19811075	22299523	206	0.1123
644d73a4-3e81-4733-bf8d-95befb54e4e6	15	22385639	23923533	718	-0.0492
644d73a4-3e81-4733-bf8d-95befb54e4e6	15	23931608	24424598	275	0.0567
644d73a4-3e81-4733-bf8d-95befb54e4e6	15	24429604	24473026	33	-1.859
644d73a4-3e81-4733-bf8d-95befb54e4e6	15	24473449	24485848	4	-0.4439
644d73a4-3e81-4733-bf8d-95befb54e4e6	15	24486725	28922530	2793	-0.0143
644d73a4-3e81-4733-bf8d-95befb54e4e6	15	28924365	30156392	800	-0.1069
644d73a4-3e81-4733-bf8d-95befb54e4e6	15	30157841	44931456	8883	-0.0029
644d73a4-3e81-4733-bf8d-95befb54e4e6	15	44933059	44942884	7	-0.869
644d73a4-3e81-4733-bf8d-95befb54e4e6	15	44946546	47221056	1374	-0.0012
644d73a4-3e81-4733-bf8d-95befb54e4e6	15	47226610	47227348	5	-1.4733
644d73a4-3e81-4733-bf8d-95befb54e4e6	15	47227357	76586021	18796	0.0058
644d73a4-3e81-4733-bf8d-95befb54e4e6	15	76598900	76602857	14	0.57
644d73a4-3e81-4733-bf8d-95befb54e4e6	15	76603003	76603434	8	1.0186
644d73a4-3e81-4733-bf8d-95befb54e4e6	15	76609838	93060633	10888	0.003
644d73a4-3e81-4733-bf8d-95befb54e4e6	15	93061041	93064933	3	-0.8821
644d73a4-3e81-4733-bf8d-95befb54e4e6	15	93069695	93720414	620	-0.089
644d73a4-3e81-4733-bf8d-95befb54e4e6	15	93727011	93728045	2	-1.1203
644d73a4-3e81-4733-bf8d-95befb54e4e6	15	93728475	99922039	4541	0.006
644d73a4-3e81-4733-bf8d-95befb54e4e6	15	99925090	101928837	1551	-0.0949
644d73a4-3e81-4733-bf8d-95befb54e4e6	16	10777	41192	11	0.0942
644d73a4-3e81-4733-bf8d-95befb54e4e6	16	44808	1517534	476	-0.2246
644d73a4-3e81-4733-bf8d-95befb54e4e6	16	1518464	17558751	11878	-0.0173
644d73a4-3e81-4733-bf8d-95befb54e4e6	16	17559001	17559626	2	-2.0422
644d73a4-3e81-4733-bf8d-95befb54e4e6	16	17559865	27792430	6057	0.0045
644d73a4-3e81-4733-bf8d-95befb54e4e6	16	27792553	27831860	53	-0.3275
644d73a4-3e81-4733-bf8d-95befb54e4e6	16	27831950	53424105	6414	-0.0072
644d73a4-3e81-4733-bf8d-95befb54e4e6	16	53435475	53435551	2	1.8902
644d73a4-3e81-4733-bf8d-95befb54e4e6	16	53435895	55782793	2035	-0.0007
644d73a4-3e81-4733-bf8d-95befb54e4e6	16	55788057	55788532	3	-1.2187
644d73a4-3e81-4733-bf8d-95befb54e4e6	16	55808442	56726527	584	0.0055
644d73a4-3e81-4733-bf8d-95befb54e4e6	16	56727061	56731872	6	0.9488
644d73a4-3e81-4733-bf8d-95befb54e4e6	16	56732919	78337711	13689	-0.0012
644d73a4-3e81-4733-bf8d-95befb54e4e6	16	78338543	78350868	17	-2.643
644d73a4-3e81-4733-bf8d-95befb54e4e6	16	78351104	83858402	6232	-0.0133
644d73a4-3e81-4733-bf8d-95befb54e4e6	16	83858691	84949897	947	-0.1445
644d73a4-3e81-4733-bf8d-95befb54e4e6	16	84950004	88330665	2693	-0.0484
644d73a4-3e81-4733-bf8d-95befb54e4e6	16	88334407	89772682	564	-0.2278
644d73a4-3e81-4733-bf8d-95befb54e4e6	16	89772898	89799635	9	-3.083
644d73a4-3e81-4733-bf8d-95befb54e4e6	16	89802066	90096867	164	-0.2016
644d73a4-3e81-4733-bf8d-95befb54e4e6	17	150733	1033611	477	-0.1794
644d73a4-3e81-4733-bf8d-95befb54e4e6	17	1033696	1037830	3	-1.8203
644d73a4-3e81-4733-bf8d-95befb54e4e6	17	1042324	1319840	88	-0.1836
644d73a4-3e81-4733-bf8d-95befb54e4e6	17	1319960	18452078	10826	-0.0179
644d73a4-3e81-4733-bf8d-95befb54e4e6	17	18455632	18473964	10	-2.3238
644d73a4-3e81-4733-bf8d-95befb54e4e6	17	18477080	18561907	16	-1.2572
644d73a4-3e81-4733-bf8d-95befb54e4e6	17	18565883	19594577	360	-0.0098
644d73a4-3e81-4733-bf8d-95befb54e4e6	17	19596423	19635445	30	-0.8491
644d73a4-3e81-4733-bf8d-95befb54e4e6	17	19639849	19845791	148	-0.051
644d73a4-3e81-4733-bf8d-95befb54e4e6	17	19846204	33677294	4501	0.0088
644d73a4-3e81-4733-bf8d-95befb54e4e6	17	33677500	36514765	1897	-0.0466
644d73a4-3e81-4733-bf8d-95befb54e4e6	17	36515878	36524497	4	-1.1356
644d73a4-3e81-4733-bf8d-95befb54e4e6	17	36524512	41265456	2450	-0.0071
644d73a4-3e81-4733-bf8d-95befb54e4e6	17	41266762	41267053	10	1.9595
644d73a4-3e81-4733-bf8d-95befb54e4e6	17	41267068	41273905	10	0.6214
644d73a4-3e81-4733-bf8d-95befb54e4e6	17	41273921	41274198	3	2.7927
644d73a4-3e81-4733-bf8d-95befb54e4e6	17	41274279	45618011	2164	-0.0026
644d73a4-3e81-4733-bf8d-95befb54e4e6	17	45626448	46011571	274	-0.1847
644d73a4-3e81-4733-bf8d-95befb54e4e6	17	46017091	46085732	57	-0.0236
644d73a4-3e81-4733-bf8d-95befb54e4e6	17	46088437	46284997	123	0.8387
644d73a4-3e81-4733-bf8d-95befb54e4e6	17	46286804	46732442	32	-0.1495
644d73a4-3e81-4733-bf8d-95befb54e4e6	17	46733528	57610128	6967	0.0019
644d73a4-3e81-4733-bf8d-95befb54e4e6	17	57610972	57611632	2	-1.6422
644d73a4-3e81-4733-bf8d-95befb54e4e6	17	57614632	73092126	9300	0.0081
644d73a4-3e81-4733-bf8d-95befb54e4e6	17	73092361	73094130	2	-1.7703
644d73a4-3e81-4733-bf8d-95befb54e4e6	17	73094161	73781434	472	-0.0056
644d73a4-3e81-4733-bf8d-95befb54e4e6	17	73782345	74684398	589	-0.1446
644d73a4-3e81-4733-bf8d-95befb54e4e6	17	74684915	82442879	3828	-0.0433
644d73a4-3e81-4733-bf8d-95befb54e4e6	17	82443018	82453586	3	1.3191
644d73a4-3e81-4733-bf8d-95befb54e4e6	17	82458038	82959812	296	-0.0214
644d73a4-3e81-4733-bf8d-95befb54e4e6	17	82962720	83091923	61	-0.273
644d73a4-3e81-4733-bf8d-95befb54e4e6	18	48133	122470	13	-0.1802
644d73a4-3e81-4733-bf8d-95befb54e4e6	18	136240	42461456	23998	0.0011
644d73a4-3e81-4733-bf8d-95befb54e4e6	18	42464143	42477802	30	-0.5599
644d73a4-3e81-4733-bf8d-95befb54e4e6	18	42478430	66054343	16249	0.0045
644d73a4-3e81-4733-bf8d-95befb54e4e6	18	66060256	66065592	16	0.4931
644d73a4-3e81-4733-bf8d-95befb54e4e6	18	66065631	73717716	5684	0.0035
644d73a4-3e81-4733-bf8d-95befb54e4e6	18	73718226	79342707	4301	-0.0375
644d73a4-3e81-4733-bf8d-95befb54e4e6	18	79347934	80047764	314	-0.2216
644d73a4-3e81-4733-bf8d-95befb54e4e6	18	80048289	80257174	123	-0.0682
644d73a4-3e81-4733-bf8d-95befb54e4e6	19	90910	896244	170	-0.1587
644d73a4-3e81-4733-bf8d-95befb54e4e6	19	896499	939697	10	-0.7897
644d73a4-3e81-4733-bf8d-95befb54e4e6	19	939777	1934344	245	-0.0981
644d73a4-3e81-4733-bf8d-95befb54e4e6	19	1939741	4449811	751	-0.0245
644d73a4-3e81-4733-bf8d-95befb54e4e6	19	4450391	4570568	24	-0.4673
644d73a4-3e81-4733-bf8d-95befb54e4e6	19	4570783	35358420	15494	-0.0003
644d73a4-3e81-4733-bf8d-95befb54e4e6	19	35364451	35370946	21	-2.1135
644d73a4-3e81-4733-bf8d-95befb54e4e6	19	35375842	54997337	10168	-0.0104
644d73a4-3e81-4733-bf8d-95befb54e4e6	19	54997939	54998320	2	-2.6899
644d73a4-3e81-4733-bf8d-95befb54e4e6	19	54998497	58586487	2202	-0.017
644d73a4-3e81-4733-bf8d-95befb54e4e6	20	80664	1571811	1182	-0.0383
644d73a4-3e81-4733-bf8d-95befb54e4e6	20	1576544	1580353	21	-0.9098
644d73a4-3e81-4733-bf8d-95befb54e4e6	20	1580934	1613247	41	1.8467
644d73a4-3e81-4733-bf8d-95befb54e4e6	20	1617300	57009990	36124	-0.0008
644d73a4-3e81-4733-bf8d-95befb54e4e6	20	57011758	57012392	2	-1.7115
644d73a4-3e81-4733-bf8d-95befb54e4e6	20	57019630	63077653	4511	-0.0291
644d73a4-3e81-4733-bf8d-95befb54e4e6	20	63080185	64324800	483	-0.2254
644d73a4-3e81-4733-bf8d-95befb54e4e6	21	10354168	13112100	107	0.2434
644d73a4-3e81-4733-bf8d-95befb54e4e6	21	13160062	45227667	22914	-0.0053
644d73a4-3e81-4733-bf8d-95befb54e4e6	21	45229407	45561461	171	-0.3187
644d73a4-3e81-4733-bf8d-95befb54e4e6	21	45562557	46677045	666	-0.0634
644d73a4-3e81-4733-bf8d-95befb54e4e6	22	15294547	15315221	2	1.6491
644d73a4-3e81-4733-bf8d-95befb54e4e6	22	15324751	15484302	9	-0.3566
644d73a4-3e81-4733-bf8d-95befb54e4e6	22	15570064	15771752	19	0.442
644d73a4-3e81-4733-bf8d-95befb54e4e6	22	15772152	18783014	1106	-0.0036
644d73a4-3e81-4733-bf8d-95befb54e4e6	22	18818348	19215584	184	-0.1583
644d73a4-3e81-4733-bf8d-95befb54e4e6	22	19215843	19585649	234	-0.0265
644d73a4-3e81-4733-bf8d-95befb54e4e6	22	19586206	21711229	1235	-0.1739
644d73a4-3e81-4733-bf8d-95befb54e4e6	22	21714228	25790631	2919	-0.0573
644d73a4-3e81-4733-bf8d-95befb54e4e6	22	25790643	35458582	7441	0.0005
644d73a4-3e81-4733-bf8d-95befb54e4e6	22	35458809	48833817	8859	-0.034
644d73a4-3e81-4733-bf8d-95befb54e4e6	22	48846566	50796027	1240	-0.233
644d73a4-3e81-4733-bf8d-95befb54e4e6	X	251810	2747168	93	-0.9333
644d73a4-3e81-4733-bf8d-95befb54e4e6	X	2748312	3227524	332	-0.0443
644d73a4-3e81-4733-bf8d-95befb54e4e6	X	3228510	54514721	30918	0.0227
644d73a4-3e81-4733-bf8d-95befb54e4e6	X	54515011	90632838	15123	-0.0013
644d73a4-3e81-4733-bf8d-95befb54e4e6	X	90634991	90681672	16	-0.8218
644d73a4-3e81-4733-bf8d-95befb54e4e6	X	90683805	126799266	19633	0.0074
644d73a4-3e81-4733-bf8d-95befb54e4e6	X	126804907	126832707	18	-0.8554
644d73a4-3e81-4733-bf8d-95befb54e4e6	X	126833715	127009714	87	0.0415
644d73a4-3e81-4733-bf8d-95befb54e4e6	X	127010508	127211734	108	-1.0438
644d73a4-3e81-4733-bf8d-95befb54e4e6	X	127219549	147765687	12236	0.0182
644d73a4-3e81-4733-bf8d-95befb54e4e6	X	147765710	147767162	12	-0.6326
644d73a4-3e81-4733-bf8d-95befb54e4e6	X	147767376	148292982	329	0.0073
644d73a4-3e81-4733-bf8d-95befb54e4e6	X	148293293	148808216	342	0.1191
644d73a4-3e81-4733-bf8d-95befb54e4e6	X	148808995	154328209	3166	0.0043
644d73a4-3e81-4733-bf8d-95befb54e4e6	X	154329810	154382366	54	-0.4081
644d73a4-3e81-4733-bf8d-95befb54e4e6	X	154382547	155699647	514	0.0355
644d73a4-3e81-4733-bf8d-95befb54e4e6	X	155699837	155952689	19	-0.6454
644d73a4-3e81-4733-bf8d-95befb54e4e6	Y	2782397	6249869	784	-2.6029
644d73a4-3e81-4733-bf8d-95befb54e4e6	Y	6252391	23586854	5662	-3.1399
644d73a4-3e81-4733-bf8d-95befb54e4e6	Y	23784615	56872112	192	-2.606
