GDC_Aliquot	Chromosome	Start	End	Num_Probes	Segment_Mean
c0931370-86e8-4145-985f-02a4e72f171b	1	62920	72297687	42552	0.0126
c0931370-86e8-4145-985f-02a4e72f171b	1	72302735	72345393	46	-0.4971
c0931370-86e8-4145-985f-02a4e72f171b	1	72345450	75585159	1917	0.0172
c0931370-86e8-4145-985f-02a4e72f171b	1	75589078	75589169	2	-2.6038
c0931370-86e8-4145-985f-02a4e72f171b	1	75593824	111552417	22949	0.0124
c0931370-86e8-4145-985f-02a4e72f171b	1	111552547	111553174	3	-2.2066
c0931370-86e8-4145-985f-02a4e72f171b	1	111554040	112145689	490	0.0084
c0931370-86e8-4145-985f-02a4e72f171b	1	112147589	112154591	25	-0.3742
c0931370-86e8-4145-985f-02a4e72f171b	1	112154619	121705338	5141	0.0116
c0931370-86e8-4145-985f-02a4e72f171b	1	143459641	143748012	97	-0.6045
c0931370-86e8-4145-985f-02a4e72f171b	1	143748074	152583051	2320	0.0066
c0931370-86e8-4145-985f-02a4e72f171b	1	152583230	152614118	35	-1.2131
c0931370-86e8-4145-985f-02a4e72f171b	1	152618018	174827267	14886	0.0134
c0931370-86e8-4145-985f-02a4e72f171b	1	174827418	174828454	12	-0.6664
c0931370-86e8-4145-985f-02a4e72f171b	1	174828472	187746723	8621	0.0111
c0931370-86e8-4145-985f-02a4e72f171b	1	187748429	187752238	2	-1.9918
c0931370-86e8-4145-985f-02a4e72f171b	1	187755479	188199243	304	0.0226
c0931370-86e8-4145-985f-02a4e72f171b	1	188203626	188223362	10	-1.0721
c0931370-86e8-4145-985f-02a4e72f171b	1	188227636	248930189	41217	0.014
c0931370-86e8-4145-985f-02a4e72f171b	2	12784	34476327	23951	0.0103
c0931370-86e8-4145-985f-02a4e72f171b	2	34476516	34512096	45	0.4042
c0931370-86e8-4145-985f-02a4e72f171b	2	34512489	52527423	12893	0.0189
c0931370-86e8-4145-985f-02a4e72f171b	2	52527590	52554404	36	-0.3718
c0931370-86e8-4145-985f-02a4e72f171b	2	52560811	97180963	23673	0.0153
c0931370-86e8-4145-985f-02a4e72f171b	2	97181113	97211436	19	-0.4541
c0931370-86e8-4145-985f-02a4e72f171b	2	97310327	105862828	5226	0.0099
c0931370-86e8-4145-985f-02a4e72f171b	2	105863350	105864989	6	-0.9731
c0931370-86e8-4145-985f-02a4e72f171b	2	105867134	106263639	335	0.0133
c0931370-86e8-4145-985f-02a4e72f171b	2	106264257	106270799	12	-0.5567
c0931370-86e8-4145-985f-02a4e72f171b	2	106270952	119978055	7764	0.0133
c0931370-86e8-4145-985f-02a4e72f171b	2	119979111	119983235	2	-1.556
c0931370-86e8-4145-985f-02a4e72f171b	2	119983507	128880504	5538	0.0169
c0931370-86e8-4145-985f-02a4e72f171b	2	128880904	128882755	16	-0.6508
c0931370-86e8-4145-985f-02a4e72f171b	2	128888874	130539652	986	-0.0117
c0931370-86e8-4145-985f-02a4e72f171b	2	130560276	130560478	2	-2.4962
c0931370-86e8-4145-985f-02a4e72f171b	2	130720375	146106875	9355	0.0092
c0931370-86e8-4145-985f-02a4e72f171b	2	146106889	146109366	21	0.7903
c0931370-86e8-4145-985f-02a4e72f171b	2	146120238	148257979	1092	0.0048
c0931370-86e8-4145-985f-02a4e72f171b	2	148258135	148258317	2	-1.6976
c0931370-86e8-4145-985f-02a4e72f171b	2	148263941	207490231	35601	0.0149
c0931370-86e8-4145-985f-02a4e72f171b	2	207490454	207494612	15	-0.8755
c0931370-86e8-4145-985f-02a4e72f171b	2	207494752	242147305	21926	0.0144
c0931370-86e8-4145-985f-02a4e72f171b	3	20930	298010	261	0.0461
c0931370-86e8-4145-985f-02a4e72f171b	3	298430	298538	2	-1.6269
c0931370-86e8-4145-985f-02a4e72f171b	3	298629	2722195	2062	0.0629
c0931370-86e8-4145-985f-02a4e72f171b	3	2722633	52988392	33144	0.012
c0931370-86e8-4145-985f-02a4e72f171b	3	52988851	53007483	51	-0.3914
c0931370-86e8-4145-985f-02a4e72f171b	3	53007503	62972231	7602	0.0218
c0931370-86e8-4145-985f-02a4e72f171b	3	62975756	63005500	20	-0.8451
c0931370-86e8-4145-985f-02a4e72f171b	3	63005833	68697108	4330	0.0161
c0931370-86e8-4145-985f-02a4e72f171b	3	68697133	68698262	13	0.9474
c0931370-86e8-4145-985f-02a4e72f171b	3	68699607	75519398	4896	0.0145
c0931370-86e8-4145-985f-02a4e72f171b	3	75523398	75537654	5	-1.8204
c0931370-86e8-4145-985f-02a4e72f171b	3	75546030	130044855	29510	0.0125
c0931370-86e8-4145-985f-02a4e72f171b	3	130047743	130092396	43	0.3536
c0931370-86e8-4145-985f-02a4e72f171b	3	130092419	192195081	38544	0.0174
c0931370-86e8-4145-985f-02a4e72f171b	3	192195287	192197019	2	-2.2314
c0931370-86e8-4145-985f-02a4e72f171b	3	192199579	195558822	2195	0.0153
c0931370-86e8-4145-985f-02a4e72f171b	3	195559056	195719726	23	-0.545
c0931370-86e8-4145-985f-02a4e72f171b	3	195719871	198169247	1185	0.0164
c0931370-86e8-4145-985f-02a4e72f171b	4	68929	9455251	5137	0.0141
c0931370-86e8-4145-985f-02a4e72f171b	4	9459504	9477699	6	-1.0948
c0931370-86e8-4145-985f-02a4e72f171b	4	9484440	10221792	538	0.0175
c0931370-86e8-4145-985f-02a4e72f171b	4	10222004	10229874	27	-1.7435
c0931370-86e8-4145-985f-02a4e72f171b	4	10232590	49214614	25791	0.0117
c0931370-86e8-4145-985f-02a4e72f171b	4	49289175	49289338	2	-1.8668
c0931370-86e8-4145-985f-02a4e72f171b	4	49295203	63828222	7513	0.0168
c0931370-86e8-4145-985f-02a4e72f171b	4	63831751	63842540	27	-1.0222
c0931370-86e8-4145-985f-02a4e72f171b	4	63850713	68509237	2853	0.0197
c0931370-86e8-4145-985f-02a4e72f171b	4	68509442	68618391	60	0.5976
c0931370-86e8-4145-985f-02a4e72f171b	4	68620122	172066777	62290	0.0129
c0931370-86e8-4145-985f-02a4e72f171b	4	172067997	172068382	12	-1.4277
c0931370-86e8-4145-985f-02a4e72f171b	4	172074828	184888281	8538	0.021
c0931370-86e8-4145-985f-02a4e72f171b	4	184888335	185160592	189	-0.1363
c0931370-86e8-4145-985f-02a4e72f171b	4	185161141	189273964	2904	0.0246
c0931370-86e8-4145-985f-02a4e72f171b	4	189274468	189278110	3	-2.0185
c0931370-86e8-4145-985f-02a4e72f171b	4	189278617	190106768	350	-0.0027
c0931370-86e8-4145-985f-02a4e72f171b	5	15532	3953496	2845	0.0064
c0931370-86e8-4145-985f-02a4e72f171b	5	3958360	3969743	10	-0.8789
c0931370-86e8-4145-985f-02a4e72f171b	5	3973693	15719241	9243	0.0157
c0931370-86e8-4145-985f-02a4e72f171b	5	15719966	15720488	9	-0.8964
c0931370-86e8-4145-985f-02a4e72f171b	5	15723237	152134610	80601	0.0157
c0931370-86e8-4145-985f-02a4e72f171b	5	152135825	152138790	14	-0.6576
c0931370-86e8-4145-985f-02a4e72f171b	5	152140710	152198575	48	0.0787
c0931370-86e8-4145-985f-02a4e72f171b	5	152198646	152203849	6	-0.7227
c0931370-86e8-4145-985f-02a4e72f171b	5	152205566	156347145	2786	0.0166
c0931370-86e8-4145-985f-02a4e72f171b	5	156349056	156350429	2	1.7134
c0931370-86e8-4145-985f-02a4e72f171b	5	156352896	176033084	13802	0.0151
c0931370-86e8-4145-985f-02a4e72f171b	5	176038686	176042504	2	-2.8305
c0931370-86e8-4145-985f-02a4e72f171b	5	176043321	177771448	721	-0.0037
c0931370-86e8-4145-985f-02a4e72f171b	5	177800550	177805604	3	2.533
c0931370-86e8-4145-985f-02a4e72f171b	5	177827964	179678151	1072	0.0195
c0931370-86e8-4145-985f-02a4e72f171b	5	179678266	179678327	2	1.3552
c0931370-86e8-4145-985f-02a4e72f171b	5	179681196	181091765	793	0.0009
c0931370-86e8-4145-985f-02a4e72f171b	5	181093810	181100309	3	-1.3298
c0931370-86e8-4145-985f-02a4e72f171b	5	181105296	181363319	105	-0.047
c0931370-86e8-4145-985f-02a4e72f171b	6	149661	31313046	22187	0.0108
c0931370-86e8-4145-985f-02a4e72f171b	6	31318499	31328674	11	0.8688
c0931370-86e8-4145-985f-02a4e72f171b	6	31342147	72153222	23406	0.0115
c0931370-86e8-4145-985f-02a4e72f171b	6	72156821	72158860	3	-1.5075
c0931370-86e8-4145-985f-02a4e72f171b	6	72165619	80575254	5376	0.0128
c0931370-86e8-4145-985f-02a4e72f171b	6	80575307	80584858	29	-0.6242
c0931370-86e8-4145-985f-02a4e72f171b	6	80585205	136212917	34495	0.0108
c0931370-86e8-4145-985f-02a4e72f171b	6	136213919	136214232	3	-1.6525
c0931370-86e8-4145-985f-02a4e72f171b	6	136214914	170741917	23350	0.0109
c0931370-86e8-4145-985f-02a4e72f171b	7	43355	3570080	1611	0.023
c0931370-86e8-4145-985f-02a4e72f171b	7	3570211	3578378	30	-0.9779
c0931370-86e8-4145-985f-02a4e72f171b	7	3578729	97756621	58278	0.0154
c0931370-86e8-4145-985f-02a4e72f171b	7	97756658	97773163	17	-0.5664
c0931370-86e8-4145-985f-02a4e72f171b	7	97774928	111881995	7927	0.0219
c0931370-86e8-4145-985f-02a4e72f171b	7	111882461	111887504	4	-1.373
c0931370-86e8-4145-985f-02a4e72f171b	7	111888981	134052277	13267	0.0164
c0931370-86e8-4145-985f-02a4e72f171b	7	134052796	134113790	68	-0.2254
c0931370-86e8-4145-985f-02a4e72f171b	7	134113805	142063324	5161	0.0137
c0931370-86e8-4145-985f-02a4e72f171b	7	142069843	142088203	27	-0.4156
c0931370-86e8-4145-985f-02a4e72f171b	7	142090177	150588016	5026	0.0042
c0931370-86e8-4145-985f-02a4e72f171b	7	150588713	150615561	12	-0.8282
c0931370-86e8-4145-985f-02a4e72f171b	7	150615828	157935147	4912	0.0082
c0931370-86e8-4145-985f-02a4e72f171b	7	157935411	158010644	69	0.6017
c0931370-86e8-4145-985f-02a4e72f171b	7	158011019	159334314	796	0.026
c0931370-86e8-4145-985f-02a4e72f171b	8	81254	4308904	4046	0.0207
c0931370-86e8-4145-985f-02a4e72f171b	8	4308968	4309863	6	1.1998
c0931370-86e8-4145-985f-02a4e72f171b	8	4309989	7329124	3618	0.0305
c0931370-86e8-4145-985f-02a4e72f171b	8	7336299	7890177	46	0.5099
c0931370-86e8-4145-985f-02a4e72f171b	8	7919608	12092042	3217	0.0129
c0931370-86e8-4145-985f-02a4e72f171b	8	12130217	12177488	8	0.7451
c0931370-86e8-4145-985f-02a4e72f171b	8	12323772	12389977	29	-1.346
c0931370-86e8-4145-985f-02a4e72f171b	8	12418301	18407644	5271	0.0191
c0931370-86e8-4145-985f-02a4e72f171b	8	18408647	18413675	4	-1.6773
c0931370-86e8-4145-985f-02a4e72f171b	8	18413877	25116961	5050	0.013
c0931370-86e8-4145-985f-02a4e72f171b	8	25117007	25133612	27	0.5221
c0931370-86e8-4145-985f-02a4e72f171b	8	25133720	39378084	8943	0.0189
c0931370-86e8-4145-985f-02a4e72f171b	8	39389156	39529446	57	0.7151
c0931370-86e8-4145-985f-02a4e72f171b	8	39530780	111279265	41733	0.0148
c0931370-86e8-4145-985f-02a4e72f171b	8	111282050	111283031	10	0.8622
c0931370-86e8-4145-985f-02a4e72f171b	8	111288052	130835623	13003	0.013
c0931370-86e8-4145-985f-02a4e72f171b	8	130839453	130840369	2	-1.7467
c0931370-86e8-4145-985f-02a4e72f171b	8	130842946	131976820	800	0.0157
c0931370-86e8-4145-985f-02a4e72f171b	8	131978838	131978878	2	-1.5101
c0931370-86e8-4145-985f-02a4e72f171b	8	131982329	137734647	4689	0.0035
c0931370-86e8-4145-985f-02a4e72f171b	8	137737727	137738557	4	-1.4182
c0931370-86e8-4145-985f-02a4e72f171b	8	137739169	143616987	3787	0.0105
c0931370-86e8-4145-985f-02a4e72f171b	8	143622987	143625638	9	0.7435
c0931370-86e8-4145-985f-02a4e72f171b	8	143636819	145072769	501	0.0065
c0931370-86e8-4145-985f-02a4e72f171b	9	46587	6695017	6319	0.0111
c0931370-86e8-4145-985f-02a4e72f171b	9	6695397	6708357	11	-0.6833
c0931370-86e8-4145-985f-02a4e72f171b	9	6712314	39588611	24599	0.02
c0931370-86e8-4145-985f-02a4e72f171b	9	39747848	39840169	5	1.1605
c0931370-86e8-4145-985f-02a4e72f171b	9	40018947	41703463	96	0.0411
c0931370-86e8-4145-985f-02a4e72f171b	9	41703482	42736668	58	-0.3794
c0931370-86e8-4145-985f-02a4e72f171b	9	42737525	61525350	43	0.0466
c0931370-86e8-4145-985f-02a4e72f171b	9	61527247	61629689	24	0.591
c0931370-86e8-4145-985f-02a4e72f171b	9	61633080	138200944	47834	0.0115
c0931370-86e8-4145-985f-02a4e72f171b	10	45792	303243	141	-0.0032
c0931370-86e8-4145-985f-02a4e72f171b	10	303283	303301	2	-1.8132
c0931370-86e8-4145-985f-02a4e72f171b	10	304256	122584593	82100	0.0132
c0931370-86e8-4145-985f-02a4e72f171b	10	122584707	122587462	4	-3.5776
c0931370-86e8-4145-985f-02a4e72f171b	10	122591497	133654968	7875	0.0107
c0931370-86e8-4145-985f-02a4e72f171b	11	198510	4949137	2410	0.0024
c0931370-86e8-4145-985f-02a4e72f171b	11	4950775	4971283	31	0.4992
c0931370-86e8-4145-985f-02a4e72f171b	11	4973096	5766175	760	0.0085
c0931370-86e8-4145-985f-02a4e72f171b	11	5766850	5788108	33	-0.5091
c0931370-86e8-4145-985f-02a4e72f171b	11	5788231	50101778	30399	0.0125
c0931370-86e8-4145-985f-02a4e72f171b	11	50104429	54555109	198	0.4958
c0931370-86e8-4145-985f-02a4e72f171b	11	54555644	55473539	278	-0.0003
c0931370-86e8-4145-985f-02a4e72f171b	11	55478167	55480959	3	-1.8346
c0931370-86e8-4145-985f-02a4e72f171b	11	55482305	55595864	86	0.055
c0931370-86e8-4145-985f-02a4e72f171b	11	55606556	55685533	59	-1.1557
c0931370-86e8-4145-985f-02a4e72f171b	11	55686100	135074876	51953	0.0125
c0931370-86e8-4145-985f-02a4e72f171b	12	51460	760032	417	-0.0079
c0931370-86e8-4145-985f-02a4e72f171b	12	760097	764863	16	-0.6
c0931370-86e8-4145-985f-02a4e72f171b	12	766188	9481274	5714	0.0102
c0931370-86e8-4145-985f-02a4e72f171b	12	9485313	9575696	23	-1.2602
c0931370-86e8-4145-985f-02a4e72f171b	12	9582373	12384501	2029	-0.0022
c0931370-86e8-4145-985f-02a4e72f171b	12	12384563	12388935	7	-0.7986
c0931370-86e8-4145-985f-02a4e72f171b	12	12389946	34103774	15042	0.0159
c0931370-86e8-4145-985f-02a4e72f171b	12	34104037	34122471	10	-0.8367
c0931370-86e8-4145-985f-02a4e72f171b	12	34122859	132127961	60672	0.0111
c0931370-86e8-4145-985f-02a4e72f171b	12	132133262	132396069	47	0.5322
c0931370-86e8-4145-985f-02a4e72f171b	12	132420184	133201603	309	-0.0011
c0931370-86e8-4145-985f-02a4e72f171b	13	18452809	37497899	13382	0.0127
c0931370-86e8-4145-985f-02a4e72f171b	13	37498087	37510620	15	-1.8353
c0931370-86e8-4145-985f-02a4e72f171b	13	37514193	114342922	50209	0.0145
c0931370-86e8-4145-985f-02a4e72f171b	14	18239283	18950560	26	0.3673
c0931370-86e8-4145-985f-02a4e72f171b	14	18976793	19954424	140	-0.3082
c0931370-86e8-4145-985f-02a4e72f171b	14	19955213	21903901	1297	0.0018
c0931370-86e8-4145-985f-02a4e72f171b	14	21905161	22634135	666	-0.0698
c0931370-86e8-4145-985f-02a4e72f171b	14	22640562	40507424	11073	0.0164
c0931370-86e8-4145-985f-02a4e72f171b	14	40509912	40511299	5	1.0472
c0931370-86e8-4145-985f-02a4e72f171b	14	40511609	41138431	450	0.0069
c0931370-86e8-4145-985f-02a4e72f171b	14	41139155	41188146	16	-0.5701
c0931370-86e8-4145-985f-02a4e72f171b	14	41200899	106418444	41138	0.0135
c0931370-86e8-4145-985f-02a4e72f171b	14	106423925	106462183	48	-0.3241
c0931370-86e8-4145-985f-02a4e72f171b	14	106462724	106877229	195	-0.0044
c0931370-86e8-4145-985f-02a4e72f171b	15	19811075	20217125	62	0.0191
c0931370-86e8-4145-985f-02a4e72f171b	15	20235285	20373168	26	0.677
c0931370-86e8-4145-985f-02a4e72f171b	15	20376198	20376202	5	-0.3226
c0931370-86e8-4145-985f-02a4e72f171b	15	20376309	23199669	428	0.5461
c0931370-86e8-4145-985f-02a4e72f171b	15	23396367	30231102	4295	0.0063
c0931370-86e8-4145-985f-02a4e72f171b	15	30252720	30269364	5	1.1565
c0931370-86e8-4145-985f-02a4e72f171b	15	30281107	30297594	5	0.3287
c0931370-86e8-4145-985f-02a4e72f171b	15	30300815	30608675	16	-0.5422
c0931370-86e8-4145-985f-02a4e72f171b	15	30621384	76599170	28862	0.0091
c0931370-86e8-4145-985f-02a4e72f171b	15	76599286	76603434	20	-1.594
c0931370-86e8-4145-985f-02a4e72f171b	15	76609838	101928837	17517	0.0112
c0931370-86e8-4145-985f-02a4e72f171b	16	10777	21352501	14321	0.0144
c0931370-86e8-4145-985f-02a4e72f171b	16	21356685	21575403	24	-0.4379
c0931370-86e8-4145-985f-02a4e72f171b	16	21577467	22430699	363	0.0308
c0931370-86e8-4145-985f-02a4e72f171b	16	22546611	22699421	73	-0.3878
c0931370-86e8-4145-985f-02a4e72f171b	16	22701658	32198778	5110	0.0158
c0931370-86e8-4145-985f-02a4e72f171b	16	32295899	32945966	32	0.4749
c0931370-86e8-4145-985f-02a4e72f171b	16	32991509	35232200	161	-0.0091
c0931370-86e8-4145-985f-02a4e72f171b	16	35236333	35521195	166	0.4595
c0931370-86e8-4145-985f-02a4e72f171b	16	35522700	83390685	26391	0.0184
c0931370-86e8-4145-985f-02a4e72f171b	16	83393431	83393510	2	-2.0935
c0931370-86e8-4145-985f-02a4e72f171b	16	83393574	90096867	4951	0.0118
c0931370-86e8-4145-985f-02a4e72f171b	17	150733	27082500	12909	0.013
c0931370-86e8-4145-985f-02a4e72f171b	17	27083795	27107194	10	-0.7108
c0931370-86e8-4145-985f-02a4e72f171b	17	27112768	36097258	5245	0.0044
c0931370-86e8-4145-985f-02a4e72f171b	17	36097317	36528169	123	-0.187
c0931370-86e8-4145-985f-02a4e72f171b	17	36528552	37310220	547	0.0261
c0931370-86e8-4145-985f-02a4e72f171b	17	37310867	37312387	2	-1.3942
c0931370-86e8-4145-985f-02a4e72f171b	17	37317803	39828682	1113	0.0132
c0931370-86e8-4145-985f-02a4e72f171b	17	39829375	39831019	2	1.51
c0931370-86e8-4145-985f-02a4e72f171b	17	39832796	46085732	3297	0.0191
c0931370-86e8-4145-985f-02a4e72f171b	17	46088437	46284997	123	0.7492
c0931370-86e8-4145-985f-02a4e72f171b	17	46286804	83091923	21475	0.0111
c0931370-86e8-4145-985f-02a4e72f171b	18	48133	66095064	40085	0.0152
c0931370-86e8-4145-985f-02a4e72f171b	18	66099904	66108359	4	-1.2794
c0931370-86e8-4145-985f-02a4e72f171b	18	66109894	75672662	7115	0.024
c0931370-86e8-4145-985f-02a4e72f171b	18	75674525	75675618	2	-1.6946
c0931370-86e8-4145-985f-02a4e72f171b	18	75677244	80257174	3182	0.0179
c0931370-86e8-4145-985f-02a4e72f171b	19	90910	20799821	9113	0.021
c0931370-86e8-4145-985f-02a4e72f171b	19	20801710	20802615	2	-1.8374
c0931370-86e8-4145-985f-02a4e72f171b	19	20802619	20824912	13	0.297
c0931370-86e8-4145-985f-02a4e72f171b	19	20826032	20950643	54	-0.3855
c0931370-86e8-4145-985f-02a4e72f171b	19	20951278	40560555	10098	0.0162
c0931370-86e8-4145-985f-02a4e72f171b	19	40563025	40565917	3	1.571
c0931370-86e8-4145-985f-02a4e72f171b	19	40571595	54736869	7403	0.0088
c0931370-86e8-4145-985f-02a4e72f171b	19	54772391	54812586	17	-1.1895
c0931370-86e8-4145-985f-02a4e72f171b	19	54819199	54862363	20	-0.4495
c0931370-86e8-4145-985f-02a4e72f171b	19	54866553	54867244	7	-1.0797
c0931370-86e8-4145-985f-02a4e72f171b	19	54868000	55771003	427	0.0256
c0931370-86e8-4145-985f-02a4e72f171b	19	55771169	55771701	3	-2.5782
c0931370-86e8-4145-985f-02a4e72f171b	19	55774927	58586487	1831	0.0214
c0931370-86e8-4145-985f-02a4e72f171b	20	80664	1576544	1179	0.0188
c0931370-86e8-4145-985f-02a4e72f171b	20	1576573	1581021	22	-0.6264
c0931370-86e8-4145-985f-02a4e72f171b	20	1586808	64324800	40948	0.0148
c0931370-86e8-4145-985f-02a4e72f171b	21	10354168	13081432	99	-0.1858
c0931370-86e8-4145-985f-02a4e72f171b	21	13084095	18683769	3412	0.0197
c0931370-86e8-4145-985f-02a4e72f171b	21	18685360	18708616	26	0.8318
c0931370-86e8-4145-985f-02a4e72f171b	21	18709557	46677045	20157	0.0143
c0931370-86e8-4145-985f-02a4e72f171b	22	15294547	22398127	3441	-0.0023
c0931370-86e8-4145-985f-02a4e72f171b	22	22398345	22398545	4	-1.4765
c0931370-86e8-4145-985f-02a4e72f171b	22	22402989	40397256	12448	0.015
c0931370-86e8-4145-985f-02a4e72f171b	22	40398586	40398816	2	-2.362
c0931370-86e8-4145-985f-02a4e72f171b	22	40401668	50796027	7293	0.0076
c0931370-86e8-4145-985f-02a4e72f171b	X	251810	31990057	19554	0.0155
c0931370-86e8-4145-985f-02a4e72f171b	X	31990309	31990447	3	-1.8383
c0931370-86e8-4145-985f-02a4e72f171b	X	31990669	151611214	61547	0.0162
c0931370-86e8-4145-985f-02a4e72f171b	X	151615256	151622822	3	1.5341
c0931370-86e8-4145-985f-02a4e72f171b	X	151623396	155952689	2033	0.0095
c0931370-86e8-4145-985f-02a4e72f171b	Y	2782397	56872112	6638	-2.4633
