GDC_Aliquot	Chromosome	Start	End	Num_Probes	Segment_Mean
52c01e8d-896f-4045-8722-73bdfd58a21e	1	62920	259422	15	-0.7511
52c01e8d-896f-4045-8722-73bdfd58a21e	1	259926	3302359	724	0.1211
52c01e8d-896f-4045-8722-73bdfd58a21e	1	3303537	15823420	7597	0.0072
52c01e8d-896f-4045-8722-73bdfd58a21e	1	15827002	15839166	11	0.6847
52c01e8d-896f-4045-8722-73bdfd58a21e	1	15841285	17268401	646	-0.0367
52c01e8d-896f-4045-8722-73bdfd58a21e	1	17269207	17292800	20	0.6692
52c01e8d-896f-4045-8722-73bdfd58a21e	1	17293514	72284670	33758	0.0051
52c01e8d-896f-4045-8722-73bdfd58a21e	1	72290430	72297687	9	-3.1818
52c01e8d-896f-4045-8722-73bdfd58a21e	1	72302735	72345465	48	1.0464
52c01e8d-896f-4045-8722-73bdfd58a21e	1	72346221	105470132	20944	0.0042
52c01e8d-896f-4045-8722-73bdfd58a21e	1	105470754	105479753	18	-0.513
52c01e8d-896f-4045-8722-73bdfd58a21e	1	105481433	107111363	1079	-0.0026
52c01e8d-896f-4045-8722-73bdfd58a21e	1	107111598	107120873	12	-0.8865
52c01e8d-896f-4045-8722-73bdfd58a21e	1	107122811	108223733	867	0.0046
52c01e8d-896f-4045-8722-73bdfd58a21e	1	108226680	108274557	2	-3.219
52c01e8d-896f-4045-8722-73bdfd58a21e	1	108310648	109028555	384	-0.009
52c01e8d-896f-4045-8722-73bdfd58a21e	1	109031904	109032025	2	1.2522
52c01e8d-896f-4045-8722-73bdfd58a21e	1	109061619	109690352	290	0.0246
52c01e8d-896f-4045-8722-73bdfd58a21e	1	109690415	109697556	12	1.6187
52c01e8d-896f-4045-8722-73bdfd58a21e	1	109702376	112153465	1953	0.014
52c01e8d-896f-4045-8722-73bdfd58a21e	1	112153571	112154576	19	0.5233
52c01e8d-896f-4045-8722-73bdfd58a21e	1	112154591	114236291	1275	0.0199
52c01e8d-896f-4045-8722-73bdfd58a21e	1	114238213	114239557	2	-1.4507
52c01e8d-896f-4045-8722-73bdfd58a21e	1	114247913	121598439	3885	0.006
52c01e8d-896f-4045-8722-73bdfd58a21e	1	121601998	143748012	100	-0.7186
52c01e8d-896f-4045-8722-73bdfd58a21e	1	143748074	152583051	2345	0.0325
52c01e8d-896f-4045-8722-73bdfd58a21e	1	152583230	152614118	35	1.0244
52c01e8d-896f-4045-8722-73bdfd58a21e	1	152618018	152790427	183	0.0157
52c01e8d-896f-4045-8722-73bdfd58a21e	1	152790502	152795471	14	-0.4895
52c01e8d-896f-4045-8722-73bdfd58a21e	1	152795487	178693533	17357	-0.0004
52c01e8d-896f-4045-8722-73bdfd58a21e	1	178696723	178701307	18	-0.4811
52c01e8d-896f-4045-8722-73bdfd58a21e	1	178701328	187746723	6120	-0.0053
52c01e8d-896f-4045-8722-73bdfd58a21e	1	187748429	187752238	2	1.6559
52c01e8d-896f-4045-8722-73bdfd58a21e	1	187755479	189053842	809	-0.0177
52c01e8d-896f-4045-8722-73bdfd58a21e	1	189058092	189063349	8	-1.1018
52c01e8d-896f-4045-8722-73bdfd58a21e	1	189065103	199138574	6589	-0.0113
52c01e8d-896f-4045-8722-73bdfd58a21e	1	199142235	199145262	11	-0.9122
52c01e8d-896f-4045-8722-73bdfd58a21e	1	199145619	246780043	33192	-0.0097
52c01e8d-896f-4045-8722-73bdfd58a21e	1	246780235	246782363	3	-1.4487
52c01e8d-896f-4045-8722-73bdfd58a21e	1	246782442	248477891	1050	-0.0017
52c01e8d-896f-4045-8722-73bdfd58a21e	1	248520099	248784572	108	0.2711
52c01e8d-896f-4045-8722-73bdfd58a21e	1	248785683	248930189	80	-0.0095
52c01e8d-896f-4045-8722-73bdfd58a21e	2	12784	34502547	24129	0.0073
52c01e8d-896f-4045-8722-73bdfd58a21e	2	34502718	34512096	6	-1.3665
52c01e8d-896f-4045-8722-73bdfd58a21e	2	34512489	35742970	869	0.0176
52c01e8d-896f-4045-8722-73bdfd58a21e	2	35750907	35762850	7	-0.9666
52c01e8d-896f-4045-8722-73bdfd58a21e	2	35762881	38728724	2305	0.0215
52c01e8d-896f-4045-8722-73bdfd58a21e	2	38729805	38741355	6	0.9806
52c01e8d-896f-4045-8722-73bdfd58a21e	2	38745139	52514599	9817	0.0043
52c01e8d-896f-4045-8722-73bdfd58a21e	2	52516787	52563355	44	0.5774
52c01e8d-896f-4045-8722-73bdfd58a21e	2	52564986	54127872	1180	0.0124
52c01e8d-896f-4045-8722-73bdfd58a21e	2	54128140	54459372	248	0.1389
52c01e8d-896f-4045-8722-73bdfd58a21e	2	54463034	76701930	14181	0.0059
52c01e8d-896f-4045-8722-73bdfd58a21e	2	76708905	76722438	16	-1.0897
52c01e8d-896f-4045-8722-73bdfd58a21e	2	76729368	86710564	6292	0.0003
52c01e8d-896f-4045-8722-73bdfd58a21e	2	86725947	86726731	2	-2.9722
52c01e8d-896f-4045-8722-73bdfd58a21e	2	86743283	106258266	7504	0.0043
52c01e8d-896f-4045-8722-73bdfd58a21e	2	106263639	106270952	14	0.8813
52c01e8d-896f-4045-8722-73bdfd58a21e	2	106271414	116828073	5729	-0.0006
52c01e8d-896f-4045-8722-73bdfd58a21e	2	116831010	116832191	2	-1.9482
52c01e8d-896f-4045-8722-73bdfd58a21e	2	116832277	128880904	7660	0.0025
52c01e8d-896f-4045-8722-73bdfd58a21e	2	128880928	128882755	15	-0.6489
52c01e8d-896f-4045-8722-73bdfd58a21e	2	128888874	146104517	10414	0.003
52c01e8d-896f-4045-8722-73bdfd58a21e	2	146106836	146109366	24	0.6869
52c01e8d-896f-4045-8722-73bdfd58a21e	2	146120238	183704342	23128	0.0005
52c01e8d-896f-4045-8722-73bdfd58a21e	2	183706582	183712596	11	-0.6107
52c01e8d-896f-4045-8722-73bdfd58a21e	2	183716167	207490231	13821	-0.0032
52c01e8d-896f-4045-8722-73bdfd58a21e	2	207490454	207495072	20	-0.8035
52c01e8d-896f-4045-8722-73bdfd58a21e	2	207495422	212316597	3034	-0.0016
52c01e8d-896f-4045-8722-73bdfd58a21e	2	212321824	212325660	15	-1.0746
52c01e8d-896f-4045-8722-73bdfd58a21e	2	212325966	242147305	19024	0.0007
52c01e8d-896f-4045-8722-73bdfd58a21e	3	20930	37935209	27627	0.0108
52c01e8d-896f-4045-8722-73bdfd58a21e	3	37935926	37945437	19	-0.9204
52c01e8d-896f-4045-8722-73bdfd58a21e	3	37945615	61490094	14485	0.0082
52c01e8d-896f-4045-8722-73bdfd58a21e	3	61493003	61500233	12	-0.8667
52c01e8d-896f-4045-8722-73bdfd58a21e	3	61508578	65202778	3176	0.012
52c01e8d-896f-4045-8722-73bdfd58a21e	3	65203560	65224479	48	-2.1487
52c01e8d-896f-4045-8722-73bdfd58a21e	3	65224624	68697557	2431	0.007
52c01e8d-896f-4045-8722-73bdfd58a21e	3	68697578	68698262	10	0.859
52c01e8d-896f-4045-8722-73bdfd58a21e	3	68699607	76331536	5240	0.0106
52c01e8d-896f-4045-8722-73bdfd58a21e	3	76333239	76357699	11	-0.6107
52c01e8d-896f-4045-8722-73bdfd58a21e	3	76359522	130067896	29415	0.0011
52c01e8d-896f-4045-8722-73bdfd58a21e	3	130067910	130087393	28	-1.5261
52c01e8d-896f-4045-8722-73bdfd58a21e	3	130088081	149245189	11908	0.0047
52c01e8d-896f-4045-8722-73bdfd58a21e	3	149245608	149253293	26	-0.7265
52c01e8d-896f-4045-8722-73bdfd58a21e	3	149253404	162405578	8064	0.0004
52c01e8d-896f-4045-8722-73bdfd58a21e	3	162419812	162424805	12	-0.8756
52c01e8d-896f-4045-8722-73bdfd58a21e	3	162424900	162815162	276	-0.0014
52c01e8d-896f-4045-8722-73bdfd58a21e	3	162816942	162908815	56	0.4777
52c01e8d-896f-4045-8722-73bdfd58a21e	3	162910826	164991161	1157	0.0071
52c01e8d-896f-4045-8722-73bdfd58a21e	3	164993409	164993886	2	-3.0117
52c01e8d-896f-4045-8722-73bdfd58a21e	3	164993897	186688334	13276	0.0011
52c01e8d-896f-4045-8722-73bdfd58a21e	3	186688349	186699982	12	-0.6097
52c01e8d-896f-4045-8722-73bdfd58a21e	3	186704081	193162684	4729	0.0027
52c01e8d-896f-4045-8722-73bdfd58a21e	3	193162798	193165114	12	-1.2397
52c01e8d-896f-4045-8722-73bdfd58a21e	3	193168646	194830659	1095	0.0088
52c01e8d-896f-4045-8722-73bdfd58a21e	3	194831045	194831263	3	-1.2101
52c01e8d-896f-4045-8722-73bdfd58a21e	3	194834085	195558822	384	0.0033
52c01e8d-896f-4045-8722-73bdfd58a21e	3	195559056	195729005	29	-0.8075
52c01e8d-896f-4045-8722-73bdfd58a21e	3	195729040	198169247	1182	0.0277
52c01e8d-896f-4045-8722-73bdfd58a21e	4	68929	10227193	5713	0.0127
52c01e8d-896f-4045-8722-73bdfd58a21e	4	10227256	10232590	23	0.8205
52c01e8d-896f-4045-8722-73bdfd58a21e	4	10232642	34777432	16981	0.0003
52c01e8d-896f-4045-8722-73bdfd58a21e	4	34784878	34828291	40	0.4041
52c01e8d-896f-4045-8722-73bdfd58a21e	4	34828306	68345810	19427	0.0024
52c01e8d-896f-4045-8722-73bdfd58a21e	4	68346808	68639397	98	0.4403
52c01e8d-896f-4045-8722-73bdfd58a21e	4	68640616	160958866	55678	0.0001
52c01e8d-896f-4045-8722-73bdfd58a21e	4	160958972	160963756	20	-0.793
52c01e8d-896f-4045-8722-73bdfd58a21e	4	160963767	167931997	4420	0.0068
52c01e8d-896f-4045-8722-73bdfd58a21e	4	167932060	168009982	34	-0.9403
52c01e8d-896f-4045-8722-73bdfd58a21e	4	168010639	171448195	2213	0.0052
52c01e8d-896f-4045-8722-73bdfd58a21e	4	171453733	171456625	12	-1.1835
52c01e8d-896f-4045-8722-73bdfd58a21e	4	171459220	187048187	10578	0.0004
52c01e8d-896f-4045-8722-73bdfd58a21e	4	187049935	187051053	3	-1.6677
52c01e8d-896f-4045-8722-73bdfd58a21e	4	187056923	190106768	1912	0.0194
52c01e8d-896f-4045-8722-73bdfd58a21e	5	15532	622636	268	0.0074
52c01e8d-896f-4045-8722-73bdfd58a21e	5	622841	685389	37	0.1894
52c01e8d-896f-4045-8722-73bdfd58a21e	5	685633	779766	29	0.5211
52c01e8d-896f-4045-8722-73bdfd58a21e	5	800724	1976073	659	0.0992
52c01e8d-896f-4045-8722-73bdfd58a21e	5	1976364	27620267	18319	-0.0039
52c01e8d-896f-4045-8722-73bdfd58a21e	5	27622928	27632193	6	-1.3168
52c01e8d-896f-4045-8722-73bdfd58a21e	5	27638650	34018399	4249	-0.0075
52c01e8d-896f-4045-8722-73bdfd58a21e	5	34018518	34706216	367	0.1301
52c01e8d-896f-4045-8722-73bdfd58a21e	5	34708786	46271006	6739	-0.0053
52c01e8d-896f-4045-8722-73bdfd58a21e	5	46271828	46273400	6	-2.3351
52c01e8d-896f-4045-8722-73bdfd58a21e	5	46278110	58025819	5075	0.0064
52c01e8d-896f-4045-8722-73bdfd58a21e	5	58030200	58037706	32	1.8212
52c01e8d-896f-4045-8722-73bdfd58a21e	5	58042530	101856265	25332	0.0041
52c01e8d-896f-4045-8722-73bdfd58a21e	5	101856281	101869458	15	0.5139
52c01e8d-896f-4045-8722-73bdfd58a21e	5	101870220	105097721	1939	0.0091
52c01e8d-896f-4045-8722-73bdfd58a21e	5	105097893	105162694	44	-1.0379
52c01e8d-896f-4045-8722-73bdfd58a21e	5	105167266	113745045	5710	0.0107
52c01e8d-896f-4045-8722-73bdfd58a21e	5	113745748	113749986	3	-1.4567
52c01e8d-896f-4045-8722-73bdfd58a21e	5	113755828	148072524	21745	0.0084
52c01e8d-896f-4045-8722-73bdfd58a21e	5	148072598	148095236	12	-0.5257
52c01e8d-896f-4045-8722-73bdfd58a21e	5	148097621	156049910	5487	0.0058
52c01e8d-896f-4045-8722-73bdfd58a21e	5	156049988	156055719	12	-0.8824
52c01e8d-896f-4045-8722-73bdfd58a21e	5	156068240	172131803	11192	0.0095
52c01e8d-896f-4045-8722-73bdfd58a21e	5	172132185	172181365	46	0.2866
52c01e8d-896f-4045-8722-73bdfd58a21e	5	172181441	175935472	2820	0.015
52c01e8d-896f-4045-8722-73bdfd58a21e	5	175940876	175946505	3	-0.6826
52c01e8d-896f-4045-8722-73bdfd58a21e	5	175960543	176033084	13	0.3953
52c01e8d-896f-4045-8722-73bdfd58a21e	5	176038686	176042504	2	-2.4464
52c01e8d-896f-4045-8722-73bdfd58a21e	5	176043321	177771448	724	0.0222
52c01e8d-896f-4045-8722-73bdfd58a21e	5	177800550	177805604	3	2.8811
52c01e8d-896f-4045-8722-73bdfd58a21e	5	177827964	181363319	1985	0.0225
52c01e8d-896f-4045-8722-73bdfd58a21e	6	149661	6025978	4846	0.0173
52c01e8d-896f-4045-8722-73bdfd58a21e	6	6033698	6034203	3	-1.4037
52c01e8d-896f-4045-8722-73bdfd58a21e	6	6036812	6851206	755	0.0053
52c01e8d-896f-4045-8722-73bdfd58a21e	6	6852952	6878962	29	0.6316
52c01e8d-896f-4045-8722-73bdfd58a21e	6	6879287	29869411	16020	0.0062
52c01e8d-896f-4045-8722-73bdfd58a21e	6	29869537	29906865	20	-0.6263
52c01e8d-896f-4045-8722-73bdfd58a21e	6	29906932	31380300	715	0.0607
52c01e8d-896f-4045-8722-73bdfd58a21e	6	31380423	31380871	4	1.4927
52c01e8d-896f-4045-8722-73bdfd58a21e	6	31383258	32658111	511	0.0656
52c01e8d-896f-4045-8722-73bdfd58a21e	6	32658160	32658841	2	-1.923
52c01e8d-896f-4045-8722-73bdfd58a21e	6	32682835	54066269	13698	0.0096
52c01e8d-896f-4045-8722-73bdfd58a21e	6	54066286	54067057	8	-1.2248
52c01e8d-896f-4045-8722-73bdfd58a21e	6	54070550	61045340	2421	-0.0035
52c01e8d-896f-4045-8722-73bdfd58a21e	6	61045507	61055604	10	-0.6509
52c01e8d-896f-4045-8722-73bdfd58a21e	6	61058997	64627049	1797	0.0167
52c01e8d-896f-4045-8722-73bdfd58a21e	6	64637651	64639099	2	-2.0251
52c01e8d-896f-4045-8722-73bdfd58a21e	6	64640883	66328153	1139	-0.0021
52c01e8d-896f-4045-8722-73bdfd58a21e	6	66331020	66333004	6	-2.1849
52c01e8d-896f-4045-8722-73bdfd58a21e	6	66333299	68761221	1714	0.0118
52c01e8d-896f-4045-8722-73bdfd58a21e	6	68761402	68765430	3	-1.3593
52c01e8d-896f-4045-8722-73bdfd58a21e	6	68766038	70932584	1364	-0.0124
52c01e8d-896f-4045-8722-73bdfd58a21e	6	70940469	71032151	55	0.2668
52c01e8d-896f-4045-8722-73bdfd58a21e	6	71032415	73885018	1886	-0.0003
52c01e8d-896f-4045-8722-73bdfd58a21e	6	73885038	73887625	3	-1.2034
52c01e8d-896f-4045-8722-73bdfd58a21e	6	73891694	76305231	1471	0.0021
52c01e8d-896f-4045-8722-73bdfd58a21e	6	76307183	76307209	3	1.3051
52c01e8d-896f-4045-8722-73bdfd58a21e	6	76307276	76730151	297	-0.034
52c01e8d-896f-4045-8722-73bdfd58a21e	6	76730331	76742665	14	-0.531
52c01e8d-896f-4045-8722-73bdfd58a21e	6	76742675	78253172	982	0.0138
52c01e8d-896f-4045-8722-73bdfd58a21e	6	78259348	78325468	112	0.2703
52c01e8d-896f-4045-8722-73bdfd58a21e	6	78329517	153636235	47772	0.0052
52c01e8d-896f-4045-8722-73bdfd58a21e	6	153639651	153640284	2	-2.8761
52c01e8d-896f-4045-8722-73bdfd58a21e	6	153640764	167934598	10056	0.0129
52c01e8d-896f-4045-8722-73bdfd58a21e	6	167935950	168436950	353	0.1581
52c01e8d-896f-4045-8722-73bdfd58a21e	6	168439729	170741917	1505	0.0353
52c01e8d-896f-4045-8722-73bdfd58a21e	7	43355	3392382	1473	0.0282
52c01e8d-896f-4045-8722-73bdfd58a21e	7	3393400	3399462	7	-1.4719
52c01e8d-896f-4045-8722-73bdfd58a21e	7	3399591	3570211	142	-0.0342
52c01e8d-896f-4045-8722-73bdfd58a21e	7	3570671	3578378	29	-1.034
52c01e8d-896f-4045-8722-73bdfd58a21e	7	3578729	38347842	25830	0.005
52c01e8d-896f-4045-8722-73bdfd58a21e	7	38351764	38356875	4	-1.3648
52c01e8d-896f-4045-8722-73bdfd58a21e	7	38361356	101450222	34396	0.0024
52c01e8d-896f-4045-8722-73bdfd58a21e	7	101453402	101457184	2	-1.9994
52c01e8d-896f-4045-8722-73bdfd58a21e	7	101457783	109793741	5035	-0.0059
52c01e8d-896f-4045-8722-73bdfd58a21e	7	109797035	109813705	31	0.6236
52c01e8d-896f-4045-8722-73bdfd58a21e	7	109813746	110018811	142	-0.0069
52c01e8d-896f-4045-8722-73bdfd58a21e	7	110027491	110041099	4	-1.1672
52c01e8d-896f-4045-8722-73bdfd58a21e	7	110045912	134100458	14599	0.0037
52c01e8d-896f-4045-8722-73bdfd58a21e	7	134100556	134114401	33	0.7448
52c01e8d-896f-4045-8722-73bdfd58a21e	7	134114444	142475328	5534	-0.003
52c01e8d-896f-4045-8722-73bdfd58a21e	7	142475569	142756725	117	0.2419
52c01e8d-896f-4045-8722-73bdfd58a21e	7	142757448	144199159	779	-0.0054
52c01e8d-896f-4045-8722-73bdfd58a21e	7	144207186	144295437	9	-0.7492
52c01e8d-896f-4045-8722-73bdfd58a21e	7	144306653	149887554	3514	-0.0115
52c01e8d-896f-4045-8722-73bdfd58a21e	7	149889822	150066677	57	0.2558
52c01e8d-896f-4045-8722-73bdfd58a21e	7	150069241	150588713	269	0.0049
52c01e8d-896f-4045-8722-73bdfd58a21e	7	150590089	150616328	14	0.5975
52c01e8d-896f-4045-8722-73bdfd58a21e	7	150617598	154598185	2560	-0.0013
52c01e8d-896f-4045-8722-73bdfd58a21e	7	154601461	154607903	4	-1.7523
52c01e8d-896f-4045-8722-73bdfd58a21e	7	154609120	155669893	914	0.0209
52c01e8d-896f-4045-8722-73bdfd58a21e	7	155671335	155676942	4	1.2143
52c01e8d-896f-4045-8722-73bdfd58a21e	7	155683042	159334314	2316	0.0107
52c01e8d-896f-4045-8722-73bdfd58a21e	8	81254	645875	330	0.088
52c01e8d-896f-4045-8722-73bdfd58a21e	8	645892	645908	2	-3.1585
52c01e8d-896f-4045-8722-73bdfd58a21e	8	656117	10636180	9604	0.0331
52c01e8d-896f-4045-8722-73bdfd58a21e	8	10636449	114622851	64491	-0.0076
52c01e8d-896f-4045-8722-73bdfd58a21e	8	114622891	114623125	4	-1.5631
52c01e8d-896f-4045-8722-73bdfd58a21e	8	114623457	119135741	3130	-0.0172
52c01e8d-896f-4045-8722-73bdfd58a21e	8	119139771	119147207	5	-1.1353
52c01e8d-896f-4045-8722-73bdfd58a21e	8	119150615	140994738	16150	-0.012
52c01e8d-896f-4045-8722-73bdfd58a21e	8	140994790	145072769	1792	0.0463
52c01e8d-896f-4045-8722-73bdfd58a21e	9	46587	138200944	79493	0.0073
52c01e8d-896f-4045-8722-73bdfd58a21e	10	45792	89913	16	0.2802
52c01e8d-896f-4045-8722-73bdfd58a21e	10	89956	46522571	31654	0.007
52c01e8d-896f-4045-8722-73bdfd58a21e	10	46525652	46560525	37	0.3851
52c01e8d-896f-4045-8722-73bdfd58a21e	10	46606240	46632302	5	-1.3741
52c01e8d-896f-4045-8722-73bdfd58a21e	10	46657149	54918981	5334	0.0085
52c01e8d-896f-4045-8722-73bdfd58a21e	10	54919294	54924277	4	-2.0563
52c01e8d-896f-4045-8722-73bdfd58a21e	10	54927534	55313771	222	0.0115
52c01e8d-896f-4045-8722-73bdfd58a21e	10	55316065	55316080	2	-1.8228
52c01e8d-896f-4045-8722-73bdfd58a21e	10	55316580	90700170	24091	0.0076
52c01e8d-896f-4045-8722-73bdfd58a21e	10	90702958	90703388	3	-1.2934
52c01e8d-896f-4045-8722-73bdfd58a21e	10	90703534	122584593	21392	0.0067
52c01e8d-896f-4045-8722-73bdfd58a21e	10	122584707	122591497	5	-1.1782
52c01e8d-896f-4045-8722-73bdfd58a21e	10	122597296	130435762	5878	0.0029
52c01e8d-896f-4045-8722-73bdfd58a21e	10	130435775	131835289	1187	0.1074
52c01e8d-896f-4045-8722-73bdfd58a21e	10	131835550	133654968	837	0.008
52c01e8d-896f-4045-8722-73bdfd58a21e	11	198510	4946420	2418	0.0144
52c01e8d-896f-4045-8722-73bdfd58a21e	11	4947280	4955042	30	-1.6315
52c01e8d-896f-4045-8722-73bdfd58a21e	11	4955781	5188362	195	-0.0114
52c01e8d-896f-4045-8722-73bdfd58a21e	11	5188762	5189020	2	-1.7814
52c01e8d-896f-4045-8722-73bdfd58a21e	11	5189339	18927562	10027	0.0038
52c01e8d-896f-4045-8722-73bdfd58a21e	11	18927778	18940586	45	0.4282
52c01e8d-896f-4045-8722-73bdfd58a21e	11	18949158	37105885	13411	0.0031
52c01e8d-896f-4045-8722-73bdfd58a21e	11	37105899	37112518	21	-0.4889
52c01e8d-896f-4045-8722-73bdfd58a21e	11	37112608	55606572	8325	0.0091
52c01e8d-896f-4045-8722-73bdfd58a21e	11	55606712	55685533	57	-0.4841
52c01e8d-896f-4045-8722-73bdfd58a21e	11	55686100	64964714	5161	0.0029
52c01e8d-896f-4045-8722-73bdfd58a21e	11	64965378	65736910	279	0.1357
52c01e8d-896f-4045-8722-73bdfd58a21e	11	65739351	67526727	711	-0.0081
52c01e8d-896f-4045-8722-73bdfd58a21e	11	67526837	68002597	148	0.2122
52c01e8d-896f-4045-8722-73bdfd58a21e	11	68002801	71753030	2049	0.0138
52c01e8d-896f-4045-8722-73bdfd58a21e	11	71766534	71770617	5	-1.1757
52c01e8d-896f-4045-8722-73bdfd58a21e	11	71771008	134250192	43292	0.0076
52c01e8d-896f-4045-8722-73bdfd58a21e	11	134251960	135074876	644	0.0996
52c01e8d-896f-4045-8722-73bdfd58a21e	12	51460	8289689	5556	0.0118
52c01e8d-896f-4045-8722-73bdfd58a21e	12	8296516	8296621	2	1.9972
52c01e8d-896f-4045-8722-73bdfd58a21e	12	8300870	11358644	1814	0.0233
52c01e8d-896f-4045-8722-73bdfd58a21e	12	11359558	11390472	29	-0.6895
52c01e8d-896f-4045-8722-73bdfd58a21e	12	11399258	24722188	9080	0.0059
52c01e8d-896f-4045-8722-73bdfd58a21e	12	24722429	24895139	147	0.1725
52c01e8d-896f-4045-8722-73bdfd58a21e	12	24897897	30086978	3880	0.0006
52c01e8d-896f-4045-8722-73bdfd58a21e	12	30087113	30090681	15	-0.634
52c01e8d-896f-4045-8722-73bdfd58a21e	12	30090698	45510655	7877	0.0056
52c01e8d-896f-4045-8722-73bdfd58a21e	12	45512057	45515754	3	-1.5213
52c01e8d-896f-4045-8722-73bdfd58a21e	12	45519509	99398036	33693	0.0066
52c01e8d-896f-4045-8722-73bdfd58a21e	12	99401515	99404956	31	-1.4817
52c01e8d-896f-4045-8722-73bdfd58a21e	12	99409315	127822356	18796	0.0058
52c01e8d-896f-4045-8722-73bdfd58a21e	12	127823360	133201603	3917	0.0564
52c01e8d-896f-4045-8722-73bdfd58a21e	13	18452809	31957934	9565	0.0086
52c01e8d-896f-4045-8722-73bdfd58a21e	13	31957984	31964286	19	-0.9037
52c01e8d-896f-4045-8722-73bdfd58a21e	13	31965910	38478674	4617	0.0021
52c01e8d-896f-4045-8722-73bdfd58a21e	13	38483435	38483919	2	2.6008
52c01e8d-896f-4045-8722-73bdfd58a21e	13	38490920	42914312	3137	0.0121
52c01e8d-896f-4045-8722-73bdfd58a21e	13	42914778	42937282	20	0.5679
52c01e8d-896f-4045-8722-73bdfd58a21e	13	42938993	71902850	17696	0.0033
52c01e8d-896f-4045-8722-73bdfd58a21e	13	71903417	71905409	2	-3.6042
52c01e8d-896f-4045-8722-73bdfd58a21e	13	71906311	108237624	25038	0.0032
52c01e8d-896f-4045-8722-73bdfd58a21e	13	108240073	108257374	13	-1.0233
52c01e8d-896f-4045-8722-73bdfd58a21e	13	108260965	114342922	4041	0.019
52c01e8d-896f-4045-8722-73bdfd58a21e	14	18239283	19958583	174	0.2628
52c01e8d-896f-4045-8722-73bdfd58a21e	14	19959343	22064762	1450	0.0279
52c01e8d-896f-4045-8722-73bdfd58a21e	14	22065327	22780118	607	0.1335
52c01e8d-896f-4045-8722-73bdfd58a21e	14	22780330	105537192	52660	0.0023
52c01e8d-896f-4045-8722-73bdfd58a21e	14	105541843	106877229	513	0.1021
52c01e8d-896f-4045-8722-73bdfd58a21e	15	19811075	20001686	45	-0.079
52c01e8d-896f-4045-8722-73bdfd58a21e	15	20011702	22576496	168	0.2813
52c01e8d-896f-4045-8722-73bdfd58a21e	15	22582296	24095423	839	-0.0057
52c01e8d-896f-4045-8722-73bdfd58a21e	15	24099315	24269473	86	-1.0408
52c01e8d-896f-4045-8722-73bdfd58a21e	15	24269707	26981522	1880	0.0013
52c01e8d-896f-4045-8722-73bdfd58a21e	15	26982553	26983223	3	1.4197
52c01e8d-896f-4045-8722-73bdfd58a21e	15	26983485	76599170	30894	0.0128
52c01e8d-896f-4045-8722-73bdfd58a21e	15	76599286	76603434	20	-2.0962
52c01e8d-896f-4045-8722-73bdfd58a21e	15	76609838	101928837	17617	0.0155
52c01e8d-896f-4045-8722-73bdfd58a21e	16	10777	22604483	14789	0.0289
52c01e8d-896f-4045-8722-73bdfd58a21e	16	22614263	22699421	59	-0.515
52c01e8d-896f-4045-8722-73bdfd58a21e	16	22701658	55762682	12091	0.0161
52c01e8d-896f-4045-8722-73bdfd58a21e	16	55764310	55764867	3	2.6661
52c01e8d-896f-4045-8722-73bdfd58a21e	16	55770436	90096867	24932	0.0194
52c01e8d-896f-4045-8722-73bdfd58a21e	17	150733	9100160	5037	0.0276
52c01e8d-896f-4045-8722-73bdfd58a21e	17	9102875	9107126	5	-1.2257
52c01e8d-896f-4045-8722-73bdfd58a21e	17	9107428	15608819	4963	0.0224
52c01e8d-896f-4045-8722-73bdfd58a21e	17	15609752	15643476	5	-1.2569
52c01e8d-896f-4045-8722-73bdfd58a21e	17	15650964	33770328	6530	0.0169
52c01e8d-896f-4045-8722-73bdfd58a21e	17	33770538	34429941	620	0.1182
52c01e8d-896f-4045-8722-73bdfd58a21e	17	34431300	36134072	1118	0.0408
52c01e8d-896f-4045-8722-73bdfd58a21e	17	36134487	36466633	22	-0.3689
52c01e8d-896f-4045-8722-73bdfd58a21e	17	36466660	36494330	37	0.1382
52c01e8d-896f-4045-8722-73bdfd58a21e	17	36494512	36511816	24	-0.2462
52c01e8d-896f-4045-8722-73bdfd58a21e	17	36514765	36515878	2	1.5879
52c01e8d-896f-4045-8722-73bdfd58a21e	17	36521030	45571138	4631	0.0069
52c01e8d-896f-4045-8722-73bdfd58a21e	17	45571174	45582060	8	-0.9392
52c01e8d-896f-4045-8722-73bdfd58a21e	17	45587327	46071377	326	0.066
52c01e8d-896f-4045-8722-73bdfd58a21e	17	46073421	46323701	136	-0.1475
52c01e8d-896f-4045-8722-73bdfd58a21e	17	46351954	46571001	5	1.1873
52c01e8d-896f-4045-8722-73bdfd58a21e	17	46664059	72776268	16026	-0.0039
52c01e8d-896f-4045-8722-73bdfd58a21e	17	72776654	78270988	3213	0.0303
52c01e8d-896f-4045-8722-73bdfd58a21e	17	78272425	78286887	7	-0.9268
52c01e8d-896f-4045-8722-73bdfd58a21e	17	78290662	83091923	2321	0.0317
52c01e8d-896f-4045-8722-73bdfd58a21e	18	48133	1902885	1314	0.0108
52c01e8d-896f-4045-8722-73bdfd58a21e	18	1905357	1980786	94	-0.9222
52c01e8d-896f-4045-8722-73bdfd58a21e	18	1986213	5954351	2796	0.0068
52c01e8d-896f-4045-8722-73bdfd58a21e	18	5954397	6523820	423	0.1161
52c01e8d-896f-4045-8722-73bdfd58a21e	18	6524248	59474321	30966	0.0071
52c01e8d-896f-4045-8722-73bdfd58a21e	18	59474885	59475548	3	-1.6784
52c01e8d-896f-4045-8722-73bdfd58a21e	18	59477319	80257174	15144	0.011
52c01e8d-896f-4045-8722-73bdfd58a21e	19	90910	12581187	5042	0.0222
52c01e8d-896f-4045-8722-73bdfd58a21e	19	12586552	12587288	2	2.0143
52c01e8d-896f-4045-8722-73bdfd58a21e	19	12589709	51628494	19719	0.0121
52c01e8d-896f-4045-8722-73bdfd58a21e	19	51628545	51644944	13	-0.6217
52c01e8d-896f-4045-8722-73bdfd58a21e	19	51651652	58586487	4337	0.0375
52c01e8d-896f-4045-8722-73bdfd58a21e	20	80664	40097918	24950	0.0134
52c01e8d-896f-4045-8722-73bdfd58a21e	20	40099684	40103914	7	-1.0576
52c01e8d-896f-4045-8722-73bdfd58a21e	20	40107414	40177201	45	0.1174
52c01e8d-896f-4045-8722-73bdfd58a21e	20	40177289	63981045	17200	0.01
52c01e8d-896f-4045-8722-73bdfd58a21e	20	63984136	64324800	174	0.1725
52c01e8d-896f-4045-8722-73bdfd58a21e	21	10354168	10568903	54	-0.0425
52c01e8d-896f-4045-8722-73bdfd58a21e	21	10569525	10775586	33	-0.4047
52c01e8d-896f-4045-8722-73bdfd58a21e	21	12973348	26910341	9769	0.0089
52c01e8d-896f-4045-8722-73bdfd58a21e	21	26910515	26911285	3	-1.6822
52c01e8d-896f-4045-8722-73bdfd58a21e	21	26911831	46677045	14002	0.0094
52c01e8d-896f-4045-8722-73bdfd58a21e	22	15294547	24028561	4419	0.066
52c01e8d-896f-4045-8722-73bdfd58a21e	22	24028666	25340707	847	0.0114
52c01e8d-896f-4045-8722-73bdfd58a21e	22	25340708	25340711	4	-1.2094
52c01e8d-896f-4045-8722-73bdfd58a21e	22	25349934	38891229	9921	0.0175
52c01e8d-896f-4045-8722-73bdfd58a21e	22	38891332	39003307	80	0.2832
52c01e8d-896f-4045-8722-73bdfd58a21e	22	39007789	42496576	1877	0.0221
52c01e8d-896f-4045-8722-73bdfd58a21e	22	42496590	42559425	27	0.5845
52c01e8d-896f-4045-8722-73bdfd58a21e	22	42559782	48720682	4737	0.0126
52c01e8d-896f-4045-8722-73bdfd58a21e	22	48722786	50796027	1361	0.0888
52c01e8d-896f-4045-8722-73bdfd58a21e	X	251810	58255744	33237	0.0076
52c01e8d-896f-4045-8722-73bdfd58a21e	X	58256784	58261414	5	-2.2783
52c01e8d-896f-4045-8722-73bdfd58a21e	X	58262074	155952689	50140	0.0066
52c01e8d-896f-4045-8722-73bdfd58a21e	Y	2782397	56872112	6639	-0.982
