GDC_Aliquot	Chromosome	Start	End	Num_Probes	Segment_Mean
ed56fd85-f1e6-4144-80e1-50fbaf29f4e3	1	62920	3214026	698	-0.0967
ed56fd85-f1e6-4144-80e1-50fbaf29f4e3	1	3218611	3221349	3	-2.0621
ed56fd85-f1e6-4144-80e1-50fbaf29f4e3	1	3221392	4830065	1145	0.0081
ed56fd85-f1e6-4144-80e1-50fbaf29f4e3	1	4831543	4834084	3	-1.1389
ed56fd85-f1e6-4144-80e1-50fbaf29f4e3	1	4834890	5616593	658	-0.0077
ed56fd85-f1e6-4144-80e1-50fbaf29f4e3	1	5619381	5620171	2	-1.6678
ed56fd85-f1e6-4144-80e1-50fbaf29f4e3	1	5620512	9266599	2141	0.019
ed56fd85-f1e6-4144-80e1-50fbaf29f4e3	1	9267354	9271914	5	-0.8998
ed56fd85-f1e6-4144-80e1-50fbaf29f4e3	1	9272644	12807374	1833	0.0243
ed56fd85-f1e6-4144-80e1-50fbaf29f4e3	1	12807507	12867264	16	0.4866
ed56fd85-f1e6-4144-80e1-50fbaf29f4e3	1	12868035	13460805	33	0.0297
ed56fd85-f1e6-4144-80e1-50fbaf29f4e3	1	13466924	17287982	2453	-0.0529
ed56fd85-f1e6-4144-80e1-50fbaf29f4e3	1	17290614	31051004	7972	-0.0123
ed56fd85-f1e6-4144-80e1-50fbaf29f4e3	1	31063777	31209533	63	0.2705
ed56fd85-f1e6-4144-80e1-50fbaf29f4e3	1	31213238	34626037	1923	0.0103
ed56fd85-f1e6-4144-80e1-50fbaf29f4e3	1	34626073	34638890	21	-0.5415
ed56fd85-f1e6-4144-80e1-50fbaf29f4e3	1	34648667	72302735	23727	-0.0476
ed56fd85-f1e6-4144-80e1-50fbaf29f4e3	1	72302815	72345465	47	-1.4957
ed56fd85-f1e6-4144-80e1-50fbaf29f4e3	1	72346221	73406953	635	-0.0793
ed56fd85-f1e6-4144-80e1-50fbaf29f4e3	1	73407202	73408000	2	-1.2619
ed56fd85-f1e6-4144-80e1-50fbaf29f4e3	1	73408813	74360193	550	-0.0519
ed56fd85-f1e6-4144-80e1-50fbaf29f4e3	1	74369039	74694681	231	0.1177
ed56fd85-f1e6-4144-80e1-50fbaf29f4e3	1	74695040	103616762	18584	-0.0479
ed56fd85-f1e6-4144-80e1-50fbaf29f4e3	1	103620877	103717410	5	-1.3787
ed56fd85-f1e6-4144-80e1-50fbaf29f4e3	1	103717617	109676386	3564	-0.0401
ed56fd85-f1e6-4144-80e1-50fbaf29f4e3	1	109677464	109702376	20	0.4589
ed56fd85-f1e6-4144-80e1-50fbaf29f4e3	1	109703504	112147704	1944	-0.0523
ed56fd85-f1e6-4144-80e1-50fbaf29f4e3	1	112153343	112154754	24	-1.9463
ed56fd85-f1e6-4144-80e1-50fbaf29f4e3	1	112154768	121389102	5078	-0.038
ed56fd85-f1e6-4144-80e1-50fbaf29f4e3	1	121413668	121597150	74	0.5259
ed56fd85-f1e6-4144-80e1-50fbaf29f4e3	1	121598439	143547196	12	-0.016
ed56fd85-f1e6-4144-80e1-50fbaf29f4e3	1	143547211	151908278	2018	-0.1526
ed56fd85-f1e6-4144-80e1-50fbaf29f4e3	1	151920867	152580550	410	0.0521
ed56fd85-f1e6-4144-80e1-50fbaf29f4e3	1	152582700	152600940	24	0.5335
ed56fd85-f1e6-4144-80e1-50fbaf29f4e3	1	152602773	152787202	180	0.0184
ed56fd85-f1e6-4144-80e1-50fbaf29f4e3	1	152789447	152796224	37	-1.6354
ed56fd85-f1e6-4144-80e1-50fbaf29f4e3	1	152801429	152806100	6	-0.1551
ed56fd85-f1e6-4144-80e1-50fbaf29f4e3	1	152806341	159092646	3738	0.0413
ed56fd85-f1e6-4144-80e1-50fbaf29f4e3	1	159094778	159122348	17	-1.3694
ed56fd85-f1e6-4144-80e1-50fbaf29f4e3	1	159125844	167795598	6395	0.0505
ed56fd85-f1e6-4144-80e1-50fbaf29f4e3	1	167796946	167797682	4	-1.6689
ed56fd85-f1e6-4144-80e1-50fbaf29f4e3	1	167799276	173160057	3764	0.0353
ed56fd85-f1e6-4144-80e1-50fbaf29f4e3	1	173160225	174180299	567	0.2571
ed56fd85-f1e6-4144-80e1-50fbaf29f4e3	1	174180326	189053842	9791	0.0427
ed56fd85-f1e6-4144-80e1-50fbaf29f4e3	1	189058092	189062230	7	-0.9731
ed56fd85-f1e6-4144-80e1-50fbaf29f4e3	1	189063349	196745743	5149	0.0531
ed56fd85-f1e6-4144-80e1-50fbaf29f4e3	1	196758720	196762956	4	-2.1159
ed56fd85-f1e6-4144-80e1-50fbaf29f4e3	1	196769493	196788990	31	0.3484
ed56fd85-f1e6-4144-80e1-50fbaf29f4e3	1	196789019	196790158	4	-1.2659
ed56fd85-f1e6-4144-80e1-50fbaf29f4e3	1	196792690	212831113	10741	0.0599
ed56fd85-f1e6-4144-80e1-50fbaf29f4e3	1	212831670	212837094	7	-0.9182
ed56fd85-f1e6-4144-80e1-50fbaf29f4e3	1	212841111	216999050	2977	0.0333
ed56fd85-f1e6-4144-80e1-50fbaf29f4e3	1	216999948	217002518	4	-1.1122
ed56fd85-f1e6-4144-80e1-50fbaf29f4e3	1	217006918	223471097	4413	0.026
ed56fd85-f1e6-4144-80e1-50fbaf29f4e3	1	223471136	223471914	2	-1.6527
ed56fd85-f1e6-4144-80e1-50fbaf29f4e3	1	223472019	225477992	1217	0.0506
ed56fd85-f1e6-4144-80e1-50fbaf29f4e3	1	225478047	225486082	12	-0.6708
ed56fd85-f1e6-4144-80e1-50fbaf29f4e3	1	225486553	248930189	16424	0.0449
ed56fd85-f1e6-4144-80e1-50fbaf29f4e3	2	12784	30143	10	-0.0131
ed56fd85-f1e6-4144-80e1-50fbaf29f4e3	2	33901	2970791	2055	0.2874
ed56fd85-f1e6-4144-80e1-50fbaf29f4e3	2	2977054	8504570	4652	0.2114
ed56fd85-f1e6-4144-80e1-50fbaf29f4e3	2	8507434	12548326	2927	0.2648
ed56fd85-f1e6-4144-80e1-50fbaf29f4e3	2	12549216	18032731	3949	0.1974
ed56fd85-f1e6-4144-80e1-50fbaf29f4e3	2	18033231	34466002	10471	0.2439
ed56fd85-f1e6-4144-80e1-50fbaf29f4e3	2	34474248	34511990	46	-1.9345
ed56fd85-f1e6-4144-80e1-50fbaf29f4e3	2	34512096	52527423	13003	0.2451
ed56fd85-f1e6-4144-80e1-50fbaf29f4e3	2	52527590	52554404	36	0.9866
ed56fd85-f1e6-4144-80e1-50fbaf29f4e3	2	52560811	53143130	482	0.2048
ed56fd85-f1e6-4144-80e1-50fbaf29f4e3	2	53144622	57779300	3293	0.2502
ed56fd85-f1e6-4144-80e1-50fbaf29f4e3	2	57785071	70905884	8345	0.2061
ed56fd85-f1e6-4144-80e1-50fbaf29f4e3	2	70909044	71925008	657	0.4146
ed56fd85-f1e6-4144-80e1-50fbaf29f4e3	2	71925018	86830052	9182	0.2941
ed56fd85-f1e6-4144-80e1-50fbaf29f4e3	2	86836256	87268937	82	-0.029
ed56fd85-f1e6-4144-80e1-50fbaf29f4e3	2	87274632	89185277	702	0.2546
ed56fd85-f1e6-4144-80e1-50fbaf29f4e3	2	89186255	89189466	2	-1.2327
ed56fd85-f1e6-4144-80e1-50fbaf29f4e3	2	89189911	89897956	27	0.2513
ed56fd85-f1e6-4144-80e1-50fbaf29f4e3	2	89920951	89984583	12	-0.3914
ed56fd85-f1e6-4144-80e1-50fbaf29f4e3	2	89984670	90209918	108	0.3205
ed56fd85-f1e6-4144-80e1-50fbaf29f4e3	2	90216778	91672006	15	-0.2235
ed56fd85-f1e6-4144-80e1-50fbaf29f4e3	2	91676545	113604438	10299	0.0665
ed56fd85-f1e6-4144-80e1-50fbaf29f4e3	2	113604837	113623244	3	-1.2787
ed56fd85-f1e6-4144-80e1-50fbaf29f4e3	2	113625975	118585362	3128	0.0551
ed56fd85-f1e6-4144-80e1-50fbaf29f4e3	2	118585387	118585879	2	-1.5242
ed56fd85-f1e6-4144-80e1-50fbaf29f4e3	2	118590121	123689950	3279	0.0769
ed56fd85-f1e6-4144-80e1-50fbaf29f4e3	2	123690212	123693661	2	-1.8355
ed56fd85-f1e6-4144-80e1-50fbaf29f4e3	2	123694325	140974474	10444	0.054
ed56fd85-f1e6-4144-80e1-50fbaf29f4e3	2	140976820	141156763	140	-0.2023
ed56fd85-f1e6-4144-80e1-50fbaf29f4e3	2	141157666	141350012	113	0.0761
ed56fd85-f1e6-4144-80e1-50fbaf29f4e3	2	141350510	141350950	3	-0.712
ed56fd85-f1e6-4144-80e1-50fbaf29f4e3	2	141351332	141371954	19	0.0384
ed56fd85-f1e6-4144-80e1-50fbaf29f4e3	2	141377824	141557383	153	-0.338
ed56fd85-f1e6-4144-80e1-50fbaf29f4e3	2	141557713	141730385	127	-0.526
ed56fd85-f1e6-4144-80e1-50fbaf29f4e3	2	141730960	141895520	153	-0.2491
ed56fd85-f1e6-4144-80e1-50fbaf29f4e3	2	141896441	143466778	960	0.0926
ed56fd85-f1e6-4144-80e1-50fbaf29f4e3	2	143469012	151010901	4344	0.0373
ed56fd85-f1e6-4144-80e1-50fbaf29f4e3	2	151011033	156885208	3650	0.064
ed56fd85-f1e6-4144-80e1-50fbaf29f4e3	2	156886150	156907351	12	0.5814
ed56fd85-f1e6-4144-80e1-50fbaf29f4e3	2	156911511	183929673	16787	0.0706
ed56fd85-f1e6-4144-80e1-50fbaf29f4e3	2	183929787	183930110	6	-1.2267
ed56fd85-f1e6-4144-80e1-50fbaf29f4e3	2	183936912	211869718	16411	0.0735
ed56fd85-f1e6-4144-80e1-50fbaf29f4e3	2	211869980	213146692	925	0.2419
ed56fd85-f1e6-4144-80e1-50fbaf29f4e3	2	213147216	227514914	9320	0.0695
ed56fd85-f1e6-4144-80e1-50fbaf29f4e3	2	227516087	242147305	9087	-0.1366
ed56fd85-f1e6-4144-80e1-50fbaf29f4e3	3	20930	97391	61	-0.0608
ed56fd85-f1e6-4144-80e1-50fbaf29f4e3	3	98961	5073241	4455	0.021
ed56fd85-f1e6-4144-80e1-50fbaf29f4e3	3	5073568	5098679	28	-0.375
ed56fd85-f1e6-4144-80e1-50fbaf29f4e3	3	5098755	11371130	4992	0.0366
ed56fd85-f1e6-4144-80e1-50fbaf29f4e3	3	11371349	11371926	3	-2.6773
ed56fd85-f1e6-4144-80e1-50fbaf29f4e3	3	11375791	16097605	3244	0.0485
ed56fd85-f1e6-4144-80e1-50fbaf29f4e3	3	16100367	16100438	2	-1.7079
ed56fd85-f1e6-4144-80e1-50fbaf29f4e3	3	16104736	23877125	5047	0.035
ed56fd85-f1e6-4144-80e1-50fbaf29f4e3	3	23877551	24012301	66	0.339
ed56fd85-f1e6-4144-80e1-50fbaf29f4e3	3	24018860	25294363	1056	0.0597
ed56fd85-f1e6-4144-80e1-50fbaf29f4e3	3	25295911	25296487	2	-1.9285
ed56fd85-f1e6-4144-80e1-50fbaf29f4e3	3	25298124	47451230	14506	0.0408
ed56fd85-f1e6-4144-80e1-50fbaf29f4e3	3	47455724	52025396	1799	-0.0131
ed56fd85-f1e6-4144-80e1-50fbaf29f4e3	3	52030494	52988877	419	0.0329
ed56fd85-f1e6-4144-80e1-50fbaf29f4e3	3	52988908	53005473	45	-1.0387
ed56fd85-f1e6-4144-80e1-50fbaf29f4e3	3	53005661	53531601	302	0.0446
ed56fd85-f1e6-4144-80e1-50fbaf29f4e3	3	53531684	59750573	4244	-0.1184
ed56fd85-f1e6-4144-80e1-50fbaf29f4e3	3	59750788	59770964	35	-0.0008
ed56fd85-f1e6-4144-80e1-50fbaf29f4e3	3	59771410	60056457	377	-0.3096
ed56fd85-f1e6-4144-80e1-50fbaf29f4e3	3	60056898	68697013	7050	-0.1206
ed56fd85-f1e6-4144-80e1-50fbaf29f4e3	3	68697108	68698262	14	-1.3027
ed56fd85-f1e6-4144-80e1-50fbaf29f4e3	3	68699607	75519398	4922	-0.1254
ed56fd85-f1e6-4144-80e1-50fbaf29f4e3	3	75523398	75537654	5	-2.1249
ed56fd85-f1e6-4144-80e1-50fbaf29f4e3	3	75546030	94006456	8200	-0.1273
ed56fd85-f1e6-4144-80e1-50fbaf29f4e3	3	94007084	95692453	882	-0.2771
ed56fd85-f1e6-4144-80e1-50fbaf29f4e3	3	95695084	95725251	20	0.3548
ed56fd85-f1e6-4144-80e1-50fbaf29f4e3	3	95727206	99225632	1861	-0.246
ed56fd85-f1e6-4144-80e1-50fbaf29f4e3	3	99225667	99230577	36	-1.3835
ed56fd85-f1e6-4144-80e1-50fbaf29f4e3	3	99232120	99483698	170	-0.2824
ed56fd85-f1e6-4144-80e1-50fbaf29f4e3	3	99488623	99488834	8	0.3037
ed56fd85-f1e6-4144-80e1-50fbaf29f4e3	3	99488889	99775371	185	-0.2712
ed56fd85-f1e6-4144-80e1-50fbaf29f4e3	3	99781864	103227996	1855	0.4019
ed56fd85-f1e6-4144-80e1-50fbaf29f4e3	3	103229529	103229808	5	1.1995
ed56fd85-f1e6-4144-80e1-50fbaf29f4e3	3	103229870	110815330	4745	0.3692
ed56fd85-f1e6-4144-80e1-50fbaf29f4e3	3	110824700	113945825	1912	-0.3357
ed56fd85-f1e6-4144-80e1-50fbaf29f4e3	3	113951827	113979804	21	0.384
ed56fd85-f1e6-4144-80e1-50fbaf29f4e3	3	113980759	114122057	66	-0.3276
ed56fd85-f1e6-4144-80e1-50fbaf29f4e3	3	114123166	115089433	567	0.3605
ed56fd85-f1e6-4144-80e1-50fbaf29f4e3	3	115096213	116188246	687	-0.3144
ed56fd85-f1e6-4144-80e1-50fbaf29f4e3	3	116188607	116920914	610	0.3495
ed56fd85-f1e6-4144-80e1-50fbaf29f4e3	3	116921764	119774743	1884	-0.3248
ed56fd85-f1e6-4144-80e1-50fbaf29f4e3	3	119776652	119927129	88	0.3914
ed56fd85-f1e6-4144-80e1-50fbaf29f4e3	3	119930015	123470673	1961	0.7958
ed56fd85-f1e6-4144-80e1-50fbaf29f4e3	3	123473281	124773683	908	1.1146
ed56fd85-f1e6-4144-80e1-50fbaf29f4e3	3	124775183	125620985	512	0.7963
ed56fd85-f1e6-4144-80e1-50fbaf29f4e3	3	125622942	126118174	268	0.393
ed56fd85-f1e6-4144-80e1-50fbaf29f4e3	3	126123968	127347153	804	0.796
ed56fd85-f1e6-4144-80e1-50fbaf29f4e3	3	127347157	130244079	1546	0.3476
ed56fd85-f1e6-4144-80e1-50fbaf29f4e3	3	130245358	130537022	252	0.7565
ed56fd85-f1e6-4144-80e1-50fbaf29f4e3	3	130538059	130572367	20	0.3383
ed56fd85-f1e6-4144-80e1-50fbaf29f4e3	3	130572803	132983367	1526	0.784
ed56fd85-f1e6-4144-80e1-50fbaf29f4e3	3	132984243	135915143	1987	0.3481
ed56fd85-f1e6-4144-80e1-50fbaf29f4e3	3	135916477	136658535	299	0.7951
ed56fd85-f1e6-4144-80e1-50fbaf29f4e3	3	136664598	137314218	349	0.3632
ed56fd85-f1e6-4144-80e1-50fbaf29f4e3	3	137314418	137314421	3	-0.8067
ed56fd85-f1e6-4144-80e1-50fbaf29f4e3	3	137314580	139478119	1139	0.3824
ed56fd85-f1e6-4144-80e1-50fbaf29f4e3	3	139480420	145421255	3904	0.3471
ed56fd85-f1e6-4144-80e1-50fbaf29f4e3	3	145422096	160845005	9471	0.3933
ed56fd85-f1e6-4144-80e1-50fbaf29f4e3	3	160848728	160953675	74	-0.0973
ed56fd85-f1e6-4144-80e1-50fbaf29f4e3	3	160957550	162785504	1166	0.3972
ed56fd85-f1e6-4144-80e1-50fbaf29f4e3	3	162786507	162818795	24	0.8857
ed56fd85-f1e6-4144-80e1-50fbaf29f4e3	3	162819035	162822221	2	-0.3755
ed56fd85-f1e6-4144-80e1-50fbaf29f4e3	3	162822685	162822702	2	3.6416
ed56fd85-f1e6-4144-80e1-50fbaf29f4e3	3	162827928	162916527	68	0.7424
ed56fd85-f1e6-4144-80e1-50fbaf29f4e3	3	162927179	163008371	55	0.5001
ed56fd85-f1e6-4144-80e1-50fbaf29f4e3	3	163008644	163180924	108	0.3319
ed56fd85-f1e6-4144-80e1-50fbaf29f4e3	3	163181246	163227761	48	0.5426
ed56fd85-f1e6-4144-80e1-50fbaf29f4e3	3	163228046	164973003	916	0.3183
ed56fd85-f1e6-4144-80e1-50fbaf29f4e3	3	164974134	175181167	6317	0.3852
ed56fd85-f1e6-4144-80e1-50fbaf29f4e3	3	175181322	175928368	559	0.4725
ed56fd85-f1e6-4144-80e1-50fbaf29f4e3	3	175928753	183648313	4585	0.36
ed56fd85-f1e6-4144-80e1-50fbaf29f4e3	3	183650959	183976814	163	0.0452
ed56fd85-f1e6-4144-80e1-50fbaf29f4e3	3	183977738	185691585	867	0.3733
ed56fd85-f1e6-4144-80e1-50fbaf29f4e3	3	185692287	191992841	4681	-0.2765
ed56fd85-f1e6-4144-80e1-50fbaf29f4e3	3	191993409	193130828	802	0.3919
ed56fd85-f1e6-4144-80e1-50fbaf29f4e3	3	193131041	193133115	4	-0.5424
ed56fd85-f1e6-4144-80e1-50fbaf29f4e3	3	193133574	193156958	28	0.3179
ed56fd85-f1e6-4144-80e1-50fbaf29f4e3	3	193160113	193165114	20	-0.679
ed56fd85-f1e6-4144-80e1-50fbaf29f4e3	3	193168646	195559056	1482	0.3777
ed56fd85-f1e6-4144-80e1-50fbaf29f4e3	3	195656271	195720051	25	1.0719
ed56fd85-f1e6-4144-80e1-50fbaf29f4e3	3	195728637	195729085	7	0.0761
ed56fd85-f1e6-4144-80e1-50fbaf29f4e3	3	195729177	195737995	9	1.4625
ed56fd85-f1e6-4144-80e1-50fbaf29f4e3	3	195746925	195991894	90	0.8599
ed56fd85-f1e6-4144-80e1-50fbaf29f4e3	3	195998433	196012569	5	0.1938
ed56fd85-f1e6-4144-80e1-50fbaf29f4e3	3	196012591	198169247	1071	-0.2828
ed56fd85-f1e6-4144-80e1-50fbaf29f4e3	4	68929	880591	305	0.3921
ed56fd85-f1e6-4144-80e1-50fbaf29f4e3	4	881551	3982817	1280	0.4648
ed56fd85-f1e6-4144-80e1-50fbaf29f4e3	4	3983081	4101617	37	0.1775
ed56fd85-f1e6-4144-80e1-50fbaf29f4e3	4	4108503	4133604	8	-0.7074
ed56fd85-f1e6-4144-80e1-50fbaf29f4e3	4	4133854	6919090	2184	0.4669
ed56fd85-f1e6-4144-80e1-50fbaf29f4e3	4	6922000	7100870	136	0.7107
ed56fd85-f1e6-4144-80e1-50fbaf29f4e3	4	7100991	8718442	1142	0.4853
ed56fd85-f1e6-4144-80e1-50fbaf29f4e3	4	8720526	9459504	62	0.191
ed56fd85-f1e6-4144-80e1-50fbaf29f4e3	4	9462813	9477699	5	-0.9639
ed56fd85-f1e6-4144-80e1-50fbaf29f4e3	4	9484440	10222004	541	0.408
ed56fd85-f1e6-4144-80e1-50fbaf29f4e3	4	10222224	10227652	10	1.233
ed56fd85-f1e6-4144-80e1-50fbaf29f4e3	4	10227668	21366170	8224	0.4127
ed56fd85-f1e6-4144-80e1-50fbaf29f4e3	4	21366716	21375228	17	-0.2284
ed56fd85-f1e6-4144-80e1-50fbaf29f4e3	4	21382117	23812643	1688	0.3958
ed56fd85-f1e6-4144-80e1-50fbaf29f4e3	4	23814039	27349605	2445	0.4504
ed56fd85-f1e6-4144-80e1-50fbaf29f4e3	4	27350173	33394629	3870	0.3849
ed56fd85-f1e6-4144-80e1-50fbaf29f4e3	4	33394663	44966478	7383	0.2914
ed56fd85-f1e6-4144-80e1-50fbaf29f4e3	4	44966586	44977582	11	-0.6044
ed56fd85-f1e6-4144-80e1-50fbaf29f4e3	4	44977870	48197586	1906	0.2711
ed56fd85-f1e6-4144-80e1-50fbaf29f4e3	4	48197706	49087357	443	0.4114
ed56fd85-f1e6-4144-80e1-50fbaf29f4e3	4	49091769	49618868	25	-0.3316
ed56fd85-f1e6-4144-80e1-50fbaf29f4e3	4	49641746	55415317	2481	0.0272
ed56fd85-f1e6-4144-80e1-50fbaf29f4e3	4	55419138	55450969	21	0.12
ed56fd85-f1e6-4144-80e1-50fbaf29f4e3	4	55455452	55800945	206	0.7947
ed56fd85-f1e6-4144-80e1-50fbaf29f4e3	4	55801059	56723120	517	0.5013
ed56fd85-f1e6-4144-80e1-50fbaf29f4e3	4	56726078	61987664	3330	0.008
ed56fd85-f1e6-4144-80e1-50fbaf29f4e3	4	61988795	62802116	452	0.1386
ed56fd85-f1e6-4144-80e1-50fbaf29f4e3	4	62804218	62805944	8	-0.9913
ed56fd85-f1e6-4144-80e1-50fbaf29f4e3	4	62813912	63828222	556	0.1464
ed56fd85-f1e6-4144-80e1-50fbaf29f4e3	4	63831751	63842540	27	-0.3032
ed56fd85-f1e6-4144-80e1-50fbaf29f4e3	4	63850713	68210277	2765	0.1324
ed56fd85-f1e6-4144-80e1-50fbaf29f4e3	4	68210450	68395346	92	0.4355
ed56fd85-f1e6-4144-80e1-50fbaf29f4e3	4	68416487	68422424	5	-0.8884
ed56fd85-f1e6-4144-80e1-50fbaf29f4e3	4	68429081	68765924	107	0.5716
ed56fd85-f1e6-4144-80e1-50fbaf29f4e3	4	68766607	73977301	3097	0.1496
ed56fd85-f1e6-4144-80e1-50fbaf29f4e3	4	73978321	74395791	282	0.3482
ed56fd85-f1e6-4144-80e1-50fbaf29f4e3	4	74395973	74404625	2	-0.8426
ed56fd85-f1e6-4144-80e1-50fbaf29f4e3	4	74404970	74692450	138	0.3878
ed56fd85-f1e6-4144-80e1-50fbaf29f4e3	4	74696807	75473179	510	0.1531
ed56fd85-f1e6-4144-80e1-50fbaf29f4e3	4	75479549	76221835	450	0.2655
ed56fd85-f1e6-4144-80e1-50fbaf29f4e3	4	76223106	76283347	56	-0.0758
ed56fd85-f1e6-4144-80e1-50fbaf29f4e3	4	76285216	91304709	9480	0.0156
ed56fd85-f1e6-4144-80e1-50fbaf29f4e3	4	91305534	91556415	150	0.2448
ed56fd85-f1e6-4144-80e1-50fbaf29f4e3	4	91557170	91619672	42	0.0506
ed56fd85-f1e6-4144-80e1-50fbaf29f4e3	4	91619910	97205347	3301	-0.0689
ed56fd85-f1e6-4144-80e1-50fbaf29f4e3	4	97205921	97689123	245	0.0801
ed56fd85-f1e6-4144-80e1-50fbaf29f4e3	4	97690569	100671930	1682	-0.074
ed56fd85-f1e6-4144-80e1-50fbaf29f4e3	4	100672865	100676043	5	-1.2499
ed56fd85-f1e6-4144-80e1-50fbaf29f4e3	4	100678196	103824414	1908	-0.0676
ed56fd85-f1e6-4144-80e1-50fbaf29f4e3	4	103830473	103830480	5	-0.8031
ed56fd85-f1e6-4144-80e1-50fbaf29f4e3	4	103830487	107145215	1863	-0.0655
ed56fd85-f1e6-4144-80e1-50fbaf29f4e3	4	107145228	107156277	32	-0.41
ed56fd85-f1e6-4144-80e1-50fbaf29f4e3	4	107156334	132081014	14827	-0.0764
ed56fd85-f1e6-4144-80e1-50fbaf29f4e3	4	132087300	133328278	718	0.1852
ed56fd85-f1e6-4144-80e1-50fbaf29f4e3	4	133330720	142587186	5745	-0.0604
ed56fd85-f1e6-4144-80e1-50fbaf29f4e3	4	142587478	147210723	2567	0.0675
ed56fd85-f1e6-4144-80e1-50fbaf29f4e3	4	147215268	147756460	336	0.2785
ed56fd85-f1e6-4144-80e1-50fbaf29f4e3	4	147759540	153713658	3472	0.0764
ed56fd85-f1e6-4144-80e1-50fbaf29f4e3	4	153713963	155348817	1084	0.1808
ed56fd85-f1e6-4144-80e1-50fbaf29f4e3	4	155350000	189828258	22707	-0.0438
ed56fd85-f1e6-4144-80e1-50fbaf29f4e3	4	189828279	190106768	80	-0.3518
ed56fd85-f1e6-4144-80e1-50fbaf29f4e3	5	15532	698390	309	0.4449
ed56fd85-f1e6-4144-80e1-50fbaf29f4e3	5	717264	773453	24	-0.0789
ed56fd85-f1e6-4144-80e1-50fbaf29f4e3	5	779766	896700	38	0.3787
ed56fd85-f1e6-4144-80e1-50fbaf29f4e3	5	905586	908425	3	-1.0453
ed56fd85-f1e6-4144-80e1-50fbaf29f4e3	5	913276	2400035	1001	0.5032
ed56fd85-f1e6-4144-80e1-50fbaf29f4e3	5	2402512	2883467	447	0.3692
ed56fd85-f1e6-4144-80e1-50fbaf29f4e3	5	2890626	11461265	7538	0.1829
ed56fd85-f1e6-4144-80e1-50fbaf29f4e3	5	11465559	12819866	830	0.4104
ed56fd85-f1e6-4144-80e1-50fbaf29f4e3	5	12819904	12819964	2	1.7542
ed56fd85-f1e6-4144-80e1-50fbaf29f4e3	5	12824299	14138139	847	0.399
ed56fd85-f1e6-4144-80e1-50fbaf29f4e3	5	14138197	14512710	408	0.2301
ed56fd85-f1e6-4144-80e1-50fbaf29f4e3	5	14514642	14786794	164	0.3922
ed56fd85-f1e6-4144-80e1-50fbaf29f4e3	5	14786928	16632271	1207	0.2067
ed56fd85-f1e6-4144-80e1-50fbaf29f4e3	5	16638993	16694240	50	0.3775
ed56fd85-f1e6-4144-80e1-50fbaf29f4e3	5	16694258	16774220	42	0.5569
ed56fd85-f1e6-4144-80e1-50fbaf29f4e3	5	16777825	16908989	89	0.3893
ed56fd85-f1e6-4144-80e1-50fbaf29f4e3	5	16909395	17961700	609	0.1943
ed56fd85-f1e6-4144-80e1-50fbaf29f4e3	5	17962724	20803112	1754	0.3727
ed56fd85-f1e6-4144-80e1-50fbaf29f4e3	5	20803781	21449167	342	0.4909
ed56fd85-f1e6-4144-80e1-50fbaf29f4e3	5	21451091	21452329	5	1.3488
ed56fd85-f1e6-4144-80e1-50fbaf29f4e3	5	21452387	24479074	1690	0.348
ed56fd85-f1e6-4144-80e1-50fbaf29f4e3	5	24481520	24665409	137	0.6029
ed56fd85-f1e6-4144-80e1-50fbaf29f4e3	5	24674647	30079348	3242	0.1044
ed56fd85-f1e6-4144-80e1-50fbaf29f4e3	5	30081145	30367369	155	0.3283
ed56fd85-f1e6-4144-80e1-50fbaf29f4e3	5	30367555	30370104	4	-0.4788
ed56fd85-f1e6-4144-80e1-50fbaf29f4e3	5	30374103	30774574	223	0.3061
ed56fd85-f1e6-4144-80e1-50fbaf29f4e3	5	30781843	30875208	73	0.3816
ed56fd85-f1e6-4144-80e1-50fbaf29f4e3	5	30879220	31248912	311	0.6075
ed56fd85-f1e6-4144-80e1-50fbaf29f4e3	5	31249922	31294704	53	0.3787
ed56fd85-f1e6-4144-80e1-50fbaf29f4e3	5	31295868	31301230	6	0.7666
ed56fd85-f1e6-4144-80e1-50fbaf29f4e3	5	31306611	31321969	18	0.4761
ed56fd85-f1e6-4144-80e1-50fbaf29f4e3	5	31329224	34598181	2208	0.2194
ed56fd85-f1e6-4144-80e1-50fbaf29f4e3	5	34599911	35048506	317	0.4157
ed56fd85-f1e6-4144-80e1-50fbaf29f4e3	5	35049291	35795636	477	0.3247
ed56fd85-f1e6-4144-80e1-50fbaf29f4e3	5	35795778	36714816	734	0.4881
ed56fd85-f1e6-4144-80e1-50fbaf29f4e3	5	36719491	37699585	420	0.3151
ed56fd85-f1e6-4144-80e1-50fbaf29f4e3	5	37700414	38758509	859	0.4662
ed56fd85-f1e6-4144-80e1-50fbaf29f4e3	5	38763220	39164966	250	0.645
ed56fd85-f1e6-4144-80e1-50fbaf29f4e3	5	39165431	39989656	607	0.4517
ed56fd85-f1e6-4144-80e1-50fbaf29f4e3	5	39994484	41573002	1050	0.3124
ed56fd85-f1e6-4144-80e1-50fbaf29f4e3	5	41573148	41574627	2	1.3293
ed56fd85-f1e6-4144-80e1-50fbaf29f4e3	5	41579023	41911539	193	0.384
ed56fd85-f1e6-4144-80e1-50fbaf29f4e3	5	41912913	42542353	314	0.1196
ed56fd85-f1e6-4144-80e1-50fbaf29f4e3	5	42545695	43164891	330	0.4806
ed56fd85-f1e6-4144-80e1-50fbaf29f4e3	5	43165841	43433452	134	0.8194
ed56fd85-f1e6-4144-80e1-50fbaf29f4e3	5	43433633	44765567	614	0.4623
ed56fd85-f1e6-4144-80e1-50fbaf29f4e3	5	44765951	44910173	65	0.6553
ed56fd85-f1e6-4144-80e1-50fbaf29f4e3	5	44911191	45143202	83	0.4962
ed56fd85-f1e6-4144-80e1-50fbaf29f4e3	5	45143495	46326086	398	0.1737
ed56fd85-f1e6-4144-80e1-50fbaf29f4e3	5	46328343	62277545	7915	-0.3063
ed56fd85-f1e6-4144-80e1-50fbaf29f4e3	5	62279164	62280446	3	-2.6689
ed56fd85-f1e6-4144-80e1-50fbaf29f4e3	5	62286365	159397166	59632	-0.3179
ed56fd85-f1e6-4144-80e1-50fbaf29f4e3	5	159399349	159402519	3	-2.4929
ed56fd85-f1e6-4144-80e1-50fbaf29f4e3	5	159403466	169970056	7341	-0.3282
ed56fd85-f1e6-4144-80e1-50fbaf29f4e3	5	169972786	169973390	2	-1.9951
ed56fd85-f1e6-4144-80e1-50fbaf29f4e3	5	169973633	173774914	2721	-0.3305
ed56fd85-f1e6-4144-80e1-50fbaf29f4e3	5	173775504	173781883	13	-1.1914
ed56fd85-f1e6-4144-80e1-50fbaf29f4e3	5	173781997	177771448	2380	-0.3289
ed56fd85-f1e6-4144-80e1-50fbaf29f4e3	5	177800550	177801578	2	1.5353
ed56fd85-f1e6-4144-80e1-50fbaf29f4e3	5	177805604	181363319	1977	-0.3377
ed56fd85-f1e6-4144-80e1-50fbaf29f4e3	6	149661	365720	191	-0.2934
ed56fd85-f1e6-4144-80e1-50fbaf29f4e3	6	366333	385784	17	-0.9376
ed56fd85-f1e6-4144-80e1-50fbaf29f4e3	6	387532	29869295	21393	-0.2718
ed56fd85-f1e6-4144-80e1-50fbaf29f4e3	6	29869410	29882603	20	-1.2068
ed56fd85-f1e6-4144-80e1-50fbaf29f4e3	6	29903859	30396747	251	-0.2859
ed56fd85-f1e6-4144-80e1-50fbaf29f4e3	6	30400315	30515216	46	-0.1296
ed56fd85-f1e6-4144-80e1-50fbaf29f4e3	6	30544386	30786763	54	1.3231
ed56fd85-f1e6-4144-80e1-50fbaf29f4e3	6	30790571	31313046	304	-0.3177
ed56fd85-f1e6-4144-80e1-50fbaf29f4e3	6	31318499	31328176	8	0.8217
ed56fd85-f1e6-4144-80e1-50fbaf29f4e3	6	31328210	31637390	199	-0.2351
ed56fd85-f1e6-4144-80e1-50fbaf29f4e3	6	31644000	32463515	301	0.2016
ed56fd85-f1e6-4144-80e1-50fbaf29f4e3	6	32463775	32606604	39	1.1496
ed56fd85-f1e6-4144-80e1-50fbaf29f4e3	6	32611193	33491604	478	0.2484
ed56fd85-f1e6-4144-80e1-50fbaf29f4e3	6	33492316	37949577	2680	-0.2701
ed56fd85-f1e6-4144-80e1-50fbaf29f4e3	6	37953829	41741200	2836	0.0118
ed56fd85-f1e6-4144-80e1-50fbaf29f4e3	6	41741333	43451988	888	0.2336
ed56fd85-f1e6-4144-80e1-50fbaf29f4e3	6	43464513	51318306	4828	-0.2388
ed56fd85-f1e6-4144-80e1-50fbaf29f4e3	6	51318860	51319914	3	-1.9876
ed56fd85-f1e6-4144-80e1-50fbaf29f4e3	6	51321090	54066353	1988	-0.2395
ed56fd85-f1e6-4144-80e1-50fbaf29f4e3	6	54066432	54067057	6	-1.2455
ed56fd85-f1e6-4144-80e1-50fbaf29f4e3	6	54070550	56815979	1719	-0.247
ed56fd85-f1e6-4144-80e1-50fbaf29f4e3	6	56821032	56821424	2	-1.9017
ed56fd85-f1e6-4144-80e1-50fbaf29f4e3	6	56822031	57428834	270	-0.2233
ed56fd85-f1e6-4144-80e1-50fbaf29f4e3	6	57430393	65159225	2586	-0.0842
ed56fd85-f1e6-4144-80e1-50fbaf29f4e3	6	65163498	65182499	13	0.8218
ed56fd85-f1e6-4144-80e1-50fbaf29f4e3	6	65187652	73882142	5789	-0.1226
ed56fd85-f1e6-4144-80e1-50fbaf29f4e3	6	73882509	73891694	10	-0.8274
ed56fd85-f1e6-4144-80e1-50fbaf29f4e3	6	73893839	74497778	412	-0.1185
ed56fd85-f1e6-4144-80e1-50fbaf29f4e3	6	74499976	75746585	723	0.0989
ed56fd85-f1e6-4144-80e1-50fbaf29f4e3	6	75746630	75987512	150	0.2945
ed56fd85-f1e6-4144-80e1-50fbaf29f4e3	6	75994309	76730377	487	0.0925
ed56fd85-f1e6-4144-80e1-50fbaf29f4e3	6	76731101	76742956	16	0.8031
ed56fd85-f1e6-4144-80e1-50fbaf29f4e3	6	76742972	77815433	691	0.078
ed56fd85-f1e6-4144-80e1-50fbaf29f4e3	6	77816925	78253172	288	-0.1185
ed56fd85-f1e6-4144-80e1-50fbaf29f4e3	6	78259348	78325468	113	-2.5228
ed56fd85-f1e6-4144-80e1-50fbaf29f4e3	6	78329517	81112013	1843	-0.1199
ed56fd85-f1e6-4144-80e1-50fbaf29f4e3	6	81119701	81239903	76	0.3141
ed56fd85-f1e6-4144-80e1-50fbaf29f4e3	6	81243648	81991208	509	-0.1232
ed56fd85-f1e6-4144-80e1-50fbaf29f4e3	6	81995016	93941055	7569	0.2832
ed56fd85-f1e6-4144-80e1-50fbaf29f4e3	6	93942156	103286954	5469	-0.144
ed56fd85-f1e6-4144-80e1-50fbaf29f4e3	6	103290101	103317795	47	-1.4102
ed56fd85-f1e6-4144-80e1-50fbaf29f4e3	6	103317836	104964260	1027	-0.1646
ed56fd85-f1e6-4144-80e1-50fbaf29f4e3	6	104965057	105369867	254	-0.0076
ed56fd85-f1e6-4144-80e1-50fbaf29f4e3	6	105370375	109123671	2308	-0.1759
ed56fd85-f1e6-4144-80e1-50fbaf29f4e3	6	109133297	111948072	1746	0.3226
ed56fd85-f1e6-4144-80e1-50fbaf29f4e3	6	111952657	112524523	383	0.2078
ed56fd85-f1e6-4144-80e1-50fbaf29f4e3	6	112526729	113461015	642	-0.0342
ed56fd85-f1e6-4144-80e1-50fbaf29f4e3	6	113462043	117965262	2598	-0.1502
ed56fd85-f1e6-4144-80e1-50fbaf29f4e3	6	117971663	118654529	424	0.434
ed56fd85-f1e6-4144-80e1-50fbaf29f4e3	6	118655119	161141079	27862	-0.1634
ed56fd85-f1e6-4144-80e1-50fbaf29f4e3	6	161141235	162631020	1283	-0.2251
ed56fd85-f1e6-4144-80e1-50fbaf29f4e3	6	162632578	167166354	3475	-0.1748
ed56fd85-f1e6-4144-80e1-50fbaf29f4e3	6	167166538	168289907	496	-0.303
ed56fd85-f1e6-4144-80e1-50fbaf29f4e3	6	168290243	170741917	1610	-0.2046
ed56fd85-f1e6-4144-80e1-50fbaf29f4e3	7	43355	81400	33	0.0469
ed56fd85-f1e6-4144-80e1-50fbaf29f4e3	7	83656	3348891	1388	0.3508
ed56fd85-f1e6-4144-80e1-50fbaf29f4e3	7	3349458	3359184	8	-0.4294
ed56fd85-f1e6-4144-80e1-50fbaf29f4e3	7	3359237	4634827	1085	0.2896
ed56fd85-f1e6-4144-80e1-50fbaf29f4e3	7	4644145	4644243	3	-2.103
ed56fd85-f1e6-4144-80e1-50fbaf29f4e3	7	4645497	5221929	254	0.2751
ed56fd85-f1e6-4144-80e1-50fbaf29f4e3	7	5226325	5845695	266	0.3676
ed56fd85-f1e6-4144-80e1-50fbaf29f4e3	7	5849392	5999094	36	-0.0892
ed56fd85-f1e6-4144-80e1-50fbaf29f4e3	7	5999270	23100788	13481	0.3264
ed56fd85-f1e6-4144-80e1-50fbaf29f4e3	7	23100951	23104578	8	-0.8217
ed56fd85-f1e6-4144-80e1-50fbaf29f4e3	7	23105676	56537025	23367	0.3269
ed56fd85-f1e6-4144-80e1-50fbaf29f4e3	7	56542963	64103007	1038	0.2136
ed56fd85-f1e6-4144-80e1-50fbaf29f4e3	7	64107491	67546992	1430	0.3051
ed56fd85-f1e6-4144-80e1-50fbaf29f4e3	7	67547814	67755451	159	0.2522
ed56fd85-f1e6-4144-80e1-50fbaf29f4e3	7	67759909	68167771	269	0.1219
ed56fd85-f1e6-4144-80e1-50fbaf29f4e3	7	68173740	68548177	255	0.2885
ed56fd85-f1e6-4144-80e1-50fbaf29f4e3	7	68548305	68641802	94	0.181
ed56fd85-f1e6-4144-80e1-50fbaf29f4e3	7	68643722	69443299	541	-0.0078
ed56fd85-f1e6-4144-80e1-50fbaf29f4e3	7	69445315	71171834	1032	0.1949
ed56fd85-f1e6-4144-80e1-50fbaf29f4e3	7	71176266	72067694	609	-0.0493
ed56fd85-f1e6-4144-80e1-50fbaf29f4e3	7	72071483	87474354	8420	0.0321
ed56fd85-f1e6-4144-80e1-50fbaf29f4e3	7	87477527	88041426	248	0.243
ed56fd85-f1e6-4144-80e1-50fbaf29f4e3	7	88041536	90139872	1390	0.0717
ed56fd85-f1e6-4144-80e1-50fbaf29f4e3	7	90146435	90147717	5	-0.9957
ed56fd85-f1e6-4144-80e1-50fbaf29f4e3	7	90156821	91578827	1009	0.0334
ed56fd85-f1e6-4144-80e1-50fbaf29f4e3	7	91589569	91589817	3	-1.5747
ed56fd85-f1e6-4144-80e1-50fbaf29f4e3	7	91595717	92607769	534	0.0324
ed56fd85-f1e6-4144-80e1-50fbaf29f4e3	7	92611014	92864543	298	0.2458
ed56fd85-f1e6-4144-80e1-50fbaf29f4e3	7	92865982	92986561	102	0.0288
ed56fd85-f1e6-4144-80e1-50fbaf29f4e3	7	92987187	93308348	140	0.1799
ed56fd85-f1e6-4144-80e1-50fbaf29f4e3	7	93310567	93508770	131	-0.028
ed56fd85-f1e6-4144-80e1-50fbaf29f4e3	7	93510501	94142932	400	0.2219
ed56fd85-f1e6-4144-80e1-50fbaf29f4e3	7	94147791	94616020	290	-0.0058
ed56fd85-f1e6-4144-80e1-50fbaf29f4e3	7	94616964	94684249	40	0.1032
ed56fd85-f1e6-4144-80e1-50fbaf29f4e3	7	94684812	96294470	982	0.6879
ed56fd85-f1e6-4144-80e1-50fbaf29f4e3	7	96298396	97756621	930	1.1504
ed56fd85-f1e6-4144-80e1-50fbaf29f4e3	7	97756658	97766197	9	0.2489
ed56fd85-f1e6-4144-80e1-50fbaf29f4e3	7	97772620	98883462	538	1.1428
ed56fd85-f1e6-4144-80e1-50fbaf29f4e3	7	98883813	99589203	348	0.7316
ed56fd85-f1e6-4144-80e1-50fbaf29f4e3	7	99601798	100288961	301	1.1603
ed56fd85-f1e6-4144-80e1-50fbaf29f4e3	7	100322078	105513065	2599	0.6714
ed56fd85-f1e6-4144-80e1-50fbaf29f4e3	7	105517093	105954445	335	1.0609
ed56fd85-f1e6-4144-80e1-50fbaf29f4e3	7	105954536	106205995	219	1.3533
ed56fd85-f1e6-4144-80e1-50fbaf29f4e3	7	106206148	106372233	107	1.0721
ed56fd85-f1e6-4144-80e1-50fbaf29f4e3	7	106374145	106925175	381	0.6754
ed56fd85-f1e6-4144-80e1-50fbaf29f4e3	7	106926914	107014432	43	1.0156
ed56fd85-f1e6-4144-80e1-50fbaf29f4e3	7	107017515	107078968	21	1.3465
ed56fd85-f1e6-4144-80e1-50fbaf29f4e3	7	107079722	107136758	32	0.7385
ed56fd85-f1e6-4144-80e1-50fbaf29f4e3	7	107137148	108056412	512	1.617
ed56fd85-f1e6-4144-80e1-50fbaf29f4e3	7	108057135	108573088	399	1.2419
ed56fd85-f1e6-4144-80e1-50fbaf29f4e3	7	108573105	108600514	17	1.5985
ed56fd85-f1e6-4144-80e1-50fbaf29f4e3	7	108600556	109141959	342	0.8869
ed56fd85-f1e6-4144-80e1-50fbaf29f4e3	7	109142253	109515932	241	0.6414
ed56fd85-f1e6-4144-80e1-50fbaf29f4e3	7	109518014	109709954	117	1.0866
ed56fd85-f1e6-4144-80e1-50fbaf29f4e3	7	109714501	109797715	73	0.7571
ed56fd85-f1e6-4144-80e1-50fbaf29f4e3	7	109797717	109801187	10	0.2438
ed56fd85-f1e6-4144-80e1-50fbaf29f4e3	7	109801572	109818333	14	1.3718
ed56fd85-f1e6-4144-80e1-50fbaf29f4e3	7	109818700	109945605	79	0.7124
ed56fd85-f1e6-4144-80e1-50fbaf29f4e3	7	109950854	110041099	59	0.9576
ed56fd85-f1e6-4144-80e1-50fbaf29f4e3	7	110045912	110222448	118	0.6974
ed56fd85-f1e6-4144-80e1-50fbaf29f4e3	7	110225366	110489958	175	1.9672
ed56fd85-f1e6-4144-80e1-50fbaf29f4e3	7	110490787	110540711	81	2.3337
ed56fd85-f1e6-4144-80e1-50fbaf29f4e3	7	110551012	110619489	47	0.2092
ed56fd85-f1e6-4144-80e1-50fbaf29f4e3	7	110621830	110804955	130	2.4285
ed56fd85-f1e6-4144-80e1-50fbaf29f4e3	7	110808252	111085615	151	2.0198
ed56fd85-f1e6-4144-80e1-50fbaf29f4e3	7	111088339	111333183	167	1.4544
ed56fd85-f1e6-4144-80e1-50fbaf29f4e3	7	111340162	112022816	428	0.0283
ed56fd85-f1e6-4144-80e1-50fbaf29f4e3	7	112023244	112111102	78	0.8054
ed56fd85-f1e6-4144-80e1-50fbaf29f4e3	7	112112792	112548579	298	0.0594
ed56fd85-f1e6-4144-80e1-50fbaf29f4e3	7	112563714	112622756	42	1.3411
ed56fd85-f1e6-4144-80e1-50fbaf29f4e3	7	112630495	113354149	414	0.011
ed56fd85-f1e6-4144-80e1-50fbaf29f4e3	7	113355161	114444620	537	0.2296
ed56fd85-f1e6-4144-80e1-50fbaf29f4e3	7	114447078	115494038	558	0.0392
ed56fd85-f1e6-4144-80e1-50fbaf29f4e3	7	115494088	115997078	310	1.9943
ed56fd85-f1e6-4144-80e1-50fbaf29f4e3	7	115997393	116427121	289	1.6658
ed56fd85-f1e6-4144-80e1-50fbaf29f4e3	7	116431263	116698604	218	2.8605
ed56fd85-f1e6-4144-80e1-50fbaf29f4e3	7	116699054	116701239	9	3.9403
ed56fd85-f1e6-4144-80e1-50fbaf29f4e3	7	116705490	117249092	400	2.8785
ed56fd85-f1e6-4144-80e1-50fbaf29f4e3	7	117249360	117271337	21	2.2824
ed56fd85-f1e6-4144-80e1-50fbaf29f4e3	7	117273861	117336776	47	2.7484
ed56fd85-f1e6-4144-80e1-50fbaf29f4e3	7	117343582	117464498	61	1.8108
ed56fd85-f1e6-4144-80e1-50fbaf29f4e3	7	117465428	118028861	306	2.0907
ed56fd85-f1e6-4144-80e1-50fbaf29f4e3	7	118029413	118076959	44	1.6872
ed56fd85-f1e6-4144-80e1-50fbaf29f4e3	7	118076982	118198848	75	1.4278
ed56fd85-f1e6-4144-80e1-50fbaf29f4e3	7	118201204	119187796	575	1.1525
ed56fd85-f1e6-4144-80e1-50fbaf29f4e3	7	119193847	119233035	18	1.292
ed56fd85-f1e6-4144-80e1-50fbaf29f4e3	7	119233502	119502103	121	1.4945
ed56fd85-f1e6-4144-80e1-50fbaf29f4e3	7	119502226	119677157	99	1.2573
ed56fd85-f1e6-4144-80e1-50fbaf29f4e3	7	119683887	120233209	283	2.1169
ed56fd85-f1e6-4144-80e1-50fbaf29f4e3	7	120233664	120702848	268	1.756
ed56fd85-f1e6-4144-80e1-50fbaf29f4e3	7	120708573	120770571	33	1.1619
ed56fd85-f1e6-4144-80e1-50fbaf29f4e3	7	120774824	123509695	1696	0.0387
ed56fd85-f1e6-4144-80e1-50fbaf29f4e3	7	123511981	124385594	529	0.2358
ed56fd85-f1e6-4144-80e1-50fbaf29f4e3	7	124387807	126404920	1260	0.022
ed56fd85-f1e6-4144-80e1-50fbaf29f4e3	7	126405428	126406822	13	1.1426
ed56fd85-f1e6-4144-80e1-50fbaf29f4e3	7	126406823	126480904	54	-0.0324
ed56fd85-f1e6-4144-80e1-50fbaf29f4e3	7	126481613	127331955	610	0.3056
ed56fd85-f1e6-4144-80e1-50fbaf29f4e3	7	127332176	127668374	232	0.371
ed56fd85-f1e6-4144-80e1-50fbaf29f4e3	7	127671479	129373744	900	0.5677
ed56fd85-f1e6-4144-80e1-50fbaf29f4e3	7	129374246	130650718	558	0.7271
ed56fd85-f1e6-4144-80e1-50fbaf29f4e3	7	130658498	131440173	510	0.5022
ed56fd85-f1e6-4144-80e1-50fbaf29f4e3	7	131440376	132056176	443	0.3598
ed56fd85-f1e6-4144-80e1-50fbaf29f4e3	7	132057115	132282713	203	0.298
ed56fd85-f1e6-4144-80e1-50fbaf29f4e3	7	132290739	137587875	3634	0.0346
ed56fd85-f1e6-4144-80e1-50fbaf29f4e3	7	137588151	142070260	2776	0.1456
ed56fd85-f1e6-4144-80e1-50fbaf29f4e3	7	142070569	142090403	28	-0.7889
ed56fd85-f1e6-4144-80e1-50fbaf29f4e3	7	142092108	145439552	1886	0.1505
ed56fd85-f1e6-4144-80e1-50fbaf29f4e3	7	145439689	146519323	648	0.4734
ed56fd85-f1e6-4144-80e1-50fbaf29f4e3	7	146525085	147273211	497	0.7416
ed56fd85-f1e6-4144-80e1-50fbaf29f4e3	7	147273542	147441045	144	0.4696
ed56fd85-f1e6-4144-80e1-50fbaf29f4e3	7	147447155	147472183	32	0.9855
ed56fd85-f1e6-4144-80e1-50fbaf29f4e3	7	147488245	147921226	343	0.6864
ed56fd85-f1e6-4144-80e1-50fbaf29f4e3	7	147922031	153909256	3545	0.1489
ed56fd85-f1e6-4144-80e1-50fbaf29f4e3	7	153909597	153909960	3	-0.6396
ed56fd85-f1e6-4144-80e1-50fbaf29f4e3	7	153910153	154221793	186	-0.0097
ed56fd85-f1e6-4144-80e1-50fbaf29f4e3	7	154223036	154223107	2	-1.1397
ed56fd85-f1e6-4144-80e1-50fbaf29f4e3	7	154223216	158913116	3269	0.1406
ed56fd85-f1e6-4144-80e1-50fbaf29f4e3	7	158913281	159209715	205	-0.0701
ed56fd85-f1e6-4144-80e1-50fbaf29f4e3	7	159214650	159334314	90	0.0802
ed56fd85-f1e6-4144-80e1-50fbaf29f4e3	8	81254	253732	32	-0.0241
ed56fd85-f1e6-4144-80e1-50fbaf29f4e3	8	258314	14576226	12865	-0.1996
ed56fd85-f1e6-4144-80e1-50fbaf29f4e3	8	14578060	25116961	8525	-0.3821
ed56fd85-f1e6-4144-80e1-50fbaf29f4e3	8	25117007	25122472	19	0.4569
ed56fd85-f1e6-4144-80e1-50fbaf29f4e3	8	25126554	39373140	9006	-0.3781
ed56fd85-f1e6-4144-80e1-50fbaf29f4e3	8	39378084	39529446	59	-2.1469
ed56fd85-f1e6-4144-80e1-50fbaf29f4e3	8	39530780	40914477	1071	-0.3682
ed56fd85-f1e6-4144-80e1-50fbaf29f4e3	8	40920333	40920952	2	-2.0356
ed56fd85-f1e6-4144-80e1-50fbaf29f4e3	8	40926161	43809052	1485	-0.3613
ed56fd85-f1e6-4144-80e1-50fbaf29f4e3	8	43818245	46441034	132	-0.1468
ed56fd85-f1e6-4144-80e1-50fbaf29f4e3	8	46442996	46673082	108	-0.0098
ed56fd85-f1e6-4144-80e1-50fbaf29f4e3	8	46676693	48806762	982	0.0838
ed56fd85-f1e6-4144-80e1-50fbaf29f4e3	8	48810883	50118212	789	-0.0115
ed56fd85-f1e6-4144-80e1-50fbaf29f4e3	8	50119451	50120863	9	-0.7221
ed56fd85-f1e6-4144-80e1-50fbaf29f4e3	8	50126018	60927097	7120	0.0056
ed56fd85-f1e6-4144-80e1-50fbaf29f4e3	8	60928146	61330748	296	0.1145
ed56fd85-f1e6-4144-80e1-50fbaf29f4e3	8	61331159	62190986	581	0.1953
ed56fd85-f1e6-4144-80e1-50fbaf29f4e3	8	62193977	66762812	2551	0.1078
ed56fd85-f1e6-4144-80e1-50fbaf29f4e3	8	66764745	69552678	1721	0.1848
ed56fd85-f1e6-4144-80e1-50fbaf29f4e3	8	69553610	101331998	19022	0.1101
ed56fd85-f1e6-4144-80e1-50fbaf29f4e3	8	101333544	101334181	2	-1.4804
ed56fd85-f1e6-4144-80e1-50fbaf29f4e3	8	101335491	110727508	5819	0.1109
ed56fd85-f1e6-4144-80e1-50fbaf29f4e3	8	110727849	111282417	292	0.0434
ed56fd85-f1e6-4144-80e1-50fbaf29f4e3	8	111282441	111283016	5	-1.4352
ed56fd85-f1e6-4144-80e1-50fbaf29f4e3	8	111283031	112625093	730	0.0549
ed56fd85-f1e6-4144-80e1-50fbaf29f4e3	8	112626279	145010073	22140	0.29
ed56fd85-f1e6-4144-80e1-50fbaf29f4e3	8	145011781	145072769	30	0.1395
ed56fd85-f1e6-4144-80e1-50fbaf29f4e3	9	46587	11328409	10678	-0.5747
ed56fd85-f1e6-4144-80e1-50fbaf29f4e3	9	11328836	11992604	516	-0.4202
ed56fd85-f1e6-4144-80e1-50fbaf29f4e3	9	11995297	11996831	5	-1.5912
ed56fd85-f1e6-4144-80e1-50fbaf29f4e3	9	11999144	12608873	477	-0.4815
ed56fd85-f1e6-4144-80e1-50fbaf29f4e3	9	12609706	16161711	2846	-0.5594
ed56fd85-f1e6-4144-80e1-50fbaf29f4e3	9	16162548	18869494	2484	-0.2467
ed56fd85-f1e6-4144-80e1-50fbaf29f4e3	9	18869535	23563626	3471	-0.549
ed56fd85-f1e6-4144-80e1-50fbaf29f4e3	9	23563774	26366076	2006	-0.4267
ed56fd85-f1e6-4144-80e1-50fbaf29f4e3	9	26366406	63763088	8898	-0.2523
ed56fd85-f1e6-4144-80e1-50fbaf29f4e3	9	64462508	76809252	6273	-0.4412
ed56fd85-f1e6-4144-80e1-50fbaf29f4e3	9	76809929	76811726	3	-2.1013
ed56fd85-f1e6-4144-80e1-50fbaf29f4e3	9	76812135	79567058	1973	-0.4474
ed56fd85-f1e6-4144-80e1-50fbaf29f4e3	9	79569675	81361754	1367	-0.309
ed56fd85-f1e6-4144-80e1-50fbaf29f4e3	9	81363401	81371960	6	-1.2435
ed56fd85-f1e6-4144-80e1-50fbaf29f4e3	9	81374697	83102341	1022	-0.2915
ed56fd85-f1e6-4144-80e1-50fbaf29f4e3	9	83102558	85218102	1654	-0.119
ed56fd85-f1e6-4144-80e1-50fbaf29f4e3	9	85218257	91639924	4629	-0.2932
ed56fd85-f1e6-4144-80e1-50fbaf29f4e3	9	91639986	91641163	15	-1.6698
ed56fd85-f1e6-4144-80e1-50fbaf29f4e3	9	91641263	100542559	5523	-0.285
ed56fd85-f1e6-4144-80e1-50fbaf29f4e3	9	100542858	100546714	2	-2.9583
ed56fd85-f1e6-4144-80e1-50fbaf29f4e3	9	100555341	127800508	19890	-0.2827
ed56fd85-f1e6-4144-80e1-50fbaf29f4e3	9	127804527	127887402	35	0.2425
ed56fd85-f1e6-4144-80e1-50fbaf29f4e3	9	127890946	133854822	3504	-0.3013
ed56fd85-f1e6-4144-80e1-50fbaf29f4e3	9	133855363	136619223	1406	-0.3912
ed56fd85-f1e6-4144-80e1-50fbaf29f4e3	9	136619231	138005675	429	-0.2932
ed56fd85-f1e6-4144-80e1-50fbaf29f4e3	9	138006616	138200944	143	-0.4681
ed56fd85-f1e6-4144-80e1-50fbaf29f4e3	10	45792	4394981	3760	-0.1988
ed56fd85-f1e6-4144-80e1-50fbaf29f4e3	10	4396937	4397494	6	-1.3177
ed56fd85-f1e6-4144-80e1-50fbaf29f4e3	10	4401637	4768570	342	-0.1721
ed56fd85-f1e6-4144-80e1-50fbaf29f4e3	10	4770962	5183404	325	0.0789
ed56fd85-f1e6-4144-80e1-50fbaf29f4e3	10	5183721	13014550	6474	-0.1896
ed56fd85-f1e6-4144-80e1-50fbaf29f4e3	10	13014587	13016840	23	-1.2395
ed56fd85-f1e6-4144-80e1-50fbaf29f4e3	10	13022223	22162245	6978	-0.2366
ed56fd85-f1e6-4144-80e1-50fbaf29f4e3	10	22162664	22770950	370	0.4558
ed56fd85-f1e6-4144-80e1-50fbaf29f4e3	10	22772127	22793956	10	-0.3059
ed56fd85-f1e6-4144-80e1-50fbaf29f4e3	10	22797302	23943867	754	0.4808
ed56fd85-f1e6-4144-80e1-50fbaf29f4e3	10	23945848	24194534	204	-0.3445
ed56fd85-f1e6-4144-80e1-50fbaf29f4e3	10	24200540	24206637	10	-1.1334
ed56fd85-f1e6-4144-80e1-50fbaf29f4e3	10	24206657	24394649	151	-0.3998
ed56fd85-f1e6-4144-80e1-50fbaf29f4e3	10	24396856	24431559	35	0.082
ed56fd85-f1e6-4144-80e1-50fbaf29f4e3	10	24431768	24821217	235	0.2507
ed56fd85-f1e6-4144-80e1-50fbaf29f4e3	10	24824005	25439068	389	0.0585
ed56fd85-f1e6-4144-80e1-50fbaf29f4e3	10	25439098	33129891	5499	-0.0616
ed56fd85-f1e6-4144-80e1-50fbaf29f4e3	10	33129944	33397415	228	-0.3349
ed56fd85-f1e6-4144-80e1-50fbaf29f4e3	10	33398369	33527343	100	-0.0768
ed56fd85-f1e6-4144-80e1-50fbaf29f4e3	10	33527431	46204128	5558	-0.3544
ed56fd85-f1e6-4144-80e1-50fbaf29f4e3	10	46215430	46693480	201	-0.591
ed56fd85-f1e6-4144-80e1-50fbaf29f4e3	10	46693694	51919059	2959	-0.3564
ed56fd85-f1e6-4144-80e1-50fbaf29f4e3	10	51919300	62749631	7934	-0.2245
ed56fd85-f1e6-4144-80e1-50fbaf29f4e3	10	62753788	62758432	3	-1.7025
ed56fd85-f1e6-4144-80e1-50fbaf29f4e3	10	62761596	65546518	1776	-0.236
ed56fd85-f1e6-4144-80e1-50fbaf29f4e3	10	65548165	65563037	29	-0.9756
ed56fd85-f1e6-4144-80e1-50fbaf29f4e3	10	65563168	70144334	3096	-0.2186
ed56fd85-f1e6-4144-80e1-50fbaf29f4e3	10	70150506	70349726	140	0.255
ed56fd85-f1e6-4144-80e1-50fbaf29f4e3	10	70351461	89178916	12537	-0.2493
ed56fd85-f1e6-4144-80e1-50fbaf29f4e3	10	89183210	89188211	10	-1.1998
ed56fd85-f1e6-4144-80e1-50fbaf29f4e3	10	89188273	98956568	6189	-0.2258
ed56fd85-f1e6-4144-80e1-50fbaf29f4e3	10	98958958	99011044	31	-0.1168
ed56fd85-f1e6-4144-80e1-50fbaf29f4e3	10	99011568	100981274	1170	0.1138
ed56fd85-f1e6-4144-80e1-50fbaf29f4e3	10	100982145	104668893	1928	-0.1328
ed56fd85-f1e6-4144-80e1-50fbaf29f4e3	10	104673414	105194236	428	0.0364
ed56fd85-f1e6-4144-80e1-50fbaf29f4e3	10	105196800	130545486	18647	-0.152
ed56fd85-f1e6-4144-80e1-50fbaf29f4e3	10	130547233	130949480	407	-0.2555
ed56fd85-f1e6-4144-80e1-50fbaf29f4e3	10	130949770	130953235	5	-1.3512
ed56fd85-f1e6-4144-80e1-50fbaf29f4e3	10	130953545	131497728	428	-0.2363
ed56fd85-f1e6-4144-80e1-50fbaf29f4e3	10	131498138	131810441	228	-0.1637
ed56fd85-f1e6-4144-80e1-50fbaf29f4e3	10	131814796	131970820	63	0.233
ed56fd85-f1e6-4144-80e1-50fbaf29f4e3	10	131971004	133654968	792	-0.1594
ed56fd85-f1e6-4144-80e1-50fbaf29f4e3	11	198510	5186788	2632	-0.006
ed56fd85-f1e6-4144-80e1-50fbaf29f4e3	11	5186944	5188762	7	0.8531
ed56fd85-f1e6-4144-80e1-50fbaf29f4e3	11	5189020	5769733	595	0.0198
ed56fd85-f1e6-4144-80e1-50fbaf29f4e3	11	5772211	5788231	26	0.3872
ed56fd85-f1e6-4144-80e1-50fbaf29f4e3	11	5791130	17134883	8216	0.0252
ed56fd85-f1e6-4144-80e1-50fbaf29f4e3	11	17135819	17467114	215	0.3088
ed56fd85-f1e6-4144-80e1-50fbaf29f4e3	11	17470441	19409866	1409	0.0434
ed56fd85-f1e6-4144-80e1-50fbaf29f4e3	11	19409992	19796596	380	-0.1698
ed56fd85-f1e6-4144-80e1-50fbaf29f4e3	11	19800180	28868693	6712	0.0867
ed56fd85-f1e6-4144-80e1-50fbaf29f4e3	11	28868927	29312473	274	-0.0003
ed56fd85-f1e6-4144-80e1-50fbaf29f4e3	11	29315522	30153418	526	-0.0527
ed56fd85-f1e6-4144-80e1-50fbaf29f4e3	11	30154019	30154763	7	-0.8504
ed56fd85-f1e6-4144-80e1-50fbaf29f4e3	11	30158762	31377185	782	-0.0581
ed56fd85-f1e6-4144-80e1-50fbaf29f4e3	11	31379253	32249769	565	-0.1609
ed56fd85-f1e6-4144-80e1-50fbaf29f4e3	11	32253134	34116328	1213	-0.0143
ed56fd85-f1e6-4144-80e1-50fbaf29f4e3	11	34119981	34750880	568	-0.1706
ed56fd85-f1e6-4144-80e1-50fbaf29f4e3	11	34750954	37872263	2494	-0.0412
ed56fd85-f1e6-4144-80e1-50fbaf29f4e3	11	37878122	42222337	2834	-0.1611
ed56fd85-f1e6-4144-80e1-50fbaf29f4e3	11	42224052	43571775	954	0.2009
ed56fd85-f1e6-4144-80e1-50fbaf29f4e3	11	43572350	43590276	8	0.7491
ed56fd85-f1e6-4144-80e1-50fbaf29f4e3	11	43590561	43962194	249	0.5417
ed56fd85-f1e6-4144-80e1-50fbaf29f4e3	11	43962423	44427388	344	0.4209
ed56fd85-f1e6-4144-80e1-50fbaf29f4e3	11	44428549	44699773	215	0.7339
ed56fd85-f1e6-4144-80e1-50fbaf29f4e3	11	44700994	44803504	80	0.8459
ed56fd85-f1e6-4144-80e1-50fbaf29f4e3	11	44803541	45276672	419	1.0101
ed56fd85-f1e6-4144-80e1-50fbaf29f4e3	11	45280448	45586123	205	1.2406
ed56fd85-f1e6-4144-80e1-50fbaf29f4e3	11	45586175	45973494	205	1.0118
ed56fd85-f1e6-4144-80e1-50fbaf29f4e3	11	45980374	46035876	26	0.7102
ed56fd85-f1e6-4144-80e1-50fbaf29f4e3	11	46038090	46050986	10	1.0656
ed56fd85-f1e6-4144-80e1-50fbaf29f4e3	11	46051411	46060544	5	0.6643
ed56fd85-f1e6-4144-80e1-50fbaf29f4e3	11	46065176	49737435	1539	0.1794
ed56fd85-f1e6-4144-80e1-50fbaf29f4e3	11	49738003	49738504	5	-1.1068
ed56fd85-f1e6-4144-80e1-50fbaf29f4e3	11	49739136	54743970	436	0.1663
ed56fd85-f1e6-4144-80e1-50fbaf29f4e3	11	54762035	54766290	3	1.495
ed56fd85-f1e6-4144-80e1-50fbaf29f4e3	11	54782119	55167778	75	0.1661
ed56fd85-f1e6-4144-80e1-50fbaf29f4e3	11	55168113	55214735	9	-0.7901
ed56fd85-f1e6-4144-80e1-50fbaf29f4e3	11	55241999	55608804	209	0.1266
ed56fd85-f1e6-4144-80e1-50fbaf29f4e3	11	55609022	55685533	51	0.7283
ed56fd85-f1e6-4144-80e1-50fbaf29f4e3	11	55686100	59617629	2386	0.2007
ed56fd85-f1e6-4144-80e1-50fbaf29f4e3	11	59626360	59902532	169	-0.5861
ed56fd85-f1e6-4144-80e1-50fbaf29f4e3	11	59902690	62414778	1464	-0.2657
ed56fd85-f1e6-4144-80e1-50fbaf29f4e3	11	62418858	65460189	1314	-0.0291
ed56fd85-f1e6-4144-80e1-50fbaf29f4e3	11	65460667	65922735	198	0.0776
ed56fd85-f1e6-4144-80e1-50fbaf29f4e3	11	65925289	65925596	3	-1.9062
ed56fd85-f1e6-4144-80e1-50fbaf29f4e3	11	65927337	67708154	679	0.0826
ed56fd85-f1e6-4144-80e1-50fbaf29f4e3	11	67723543	68003122	76	-0.1606
ed56fd85-f1e6-4144-80e1-50fbaf29f4e3	11	68003149	75340223	3849	0.097
ed56fd85-f1e6-4144-80e1-50fbaf29f4e3	11	75343132	75416318	42	0.7843
ed56fd85-f1e6-4144-80e1-50fbaf29f4e3	11	75424402	75619305	116	0.1347
ed56fd85-f1e6-4144-80e1-50fbaf29f4e3	11	75622933	84796736	6216	-0.1239
ed56fd85-f1e6-4144-80e1-50fbaf29f4e3	11	84800358	91704838	4461	-0.2493
ed56fd85-f1e6-4144-80e1-50fbaf29f4e3	11	91707207	123098623	22129	-0.1609
ed56fd85-f1e6-4144-80e1-50fbaf29f4e3	11	123099167	123115618	8	-1.8317
ed56fd85-f1e6-4144-80e1-50fbaf29f4e3	11	123120728	132886436	7444	-0.1572
ed56fd85-f1e6-4144-80e1-50fbaf29f4e3	11	132886988	135074876	1643	-0.2436
ed56fd85-f1e6-4144-80e1-50fbaf29f4e3	12	51460	9477960	6160	0.019
ed56fd85-f1e6-4144-80e1-50fbaf29f4e3	12	9481274	9575696	24	1.0762
ed56fd85-f1e6-4144-80e1-50fbaf29f4e3	12	9582373	10427861	632	0.0102
ed56fd85-f1e6-4144-80e1-50fbaf29f4e3	12	10430768	10446203	6	-1.1019
ed56fd85-f1e6-4144-80e1-50fbaf29f4e3	12	10446882	11066824	398	0.0441
ed56fd85-f1e6-4144-80e1-50fbaf29f4e3	12	11068125	11088933	10	0.8384
ed56fd85-f1e6-4144-80e1-50fbaf29f4e3	12	11099275	16266471	3688	0.0488
ed56fd85-f1e6-4144-80e1-50fbaf29f4e3	12	16268053	16268391	2	-1.832
ed56fd85-f1e6-4144-80e1-50fbaf29f4e3	12	16275623	37514960	12666	0.0279
ed56fd85-f1e6-4144-80e1-50fbaf29f4e3	12	37516647	58323655	11975	0.3738
ed56fd85-f1e6-4144-80e1-50fbaf29f4e3	12	58327273	58336379	8	-0.733
ed56fd85-f1e6-4144-80e1-50fbaf29f4e3	12	58337065	58819704	415	0.3728
ed56fd85-f1e6-4144-80e1-50fbaf29f4e3	12	58821751	62565272	2294	0.3194
ed56fd85-f1e6-4144-80e1-50fbaf29f4e3	12	62565357	70478078	5253	0.3675
ed56fd85-f1e6-4144-80e1-50fbaf29f4e3	12	70478895	70484247	9	-0.4306
ed56fd85-f1e6-4144-80e1-50fbaf29f4e3	12	70485605	78227292	5006	0.3545
ed56fd85-f1e6-4144-80e1-50fbaf29f4e3	12	78227824	78227866	2	-1.3891
ed56fd85-f1e6-4144-80e1-50fbaf29f4e3	12	78228025	83769408	3422	0.3436
ed56fd85-f1e6-4144-80e1-50fbaf29f4e3	12	83769511	83771500	4	-1.0075
ed56fd85-f1e6-4144-80e1-50fbaf29f4e3	12	83771500	90089570	3621	0.3377
ed56fd85-f1e6-4144-80e1-50fbaf29f4e3	12	90089573	90099836	10	0.9951
ed56fd85-f1e6-4144-80e1-50fbaf29f4e3	12	90099849	92231594	1427	0.3284
ed56fd85-f1e6-4144-80e1-50fbaf29f4e3	12	92232676	92235962	6	-0.5754
ed56fd85-f1e6-4144-80e1-50fbaf29f4e3	12	92238105	94622729	1632	0.3342
ed56fd85-f1e6-4144-80e1-50fbaf29f4e3	12	94623193	103404324	5872	0.3643
ed56fd85-f1e6-4144-80e1-50fbaf29f4e3	12	103404956	104557165	852	0.4256
ed56fd85-f1e6-4144-80e1-50fbaf29f4e3	12	104557778	113830228	5905	0.3633
ed56fd85-f1e6-4144-80e1-50fbaf29f4e3	12	113836542	114122509	287	0.2527
ed56fd85-f1e6-4144-80e1-50fbaf29f4e3	12	114123470	116125047	1769	0.3643
ed56fd85-f1e6-4144-80e1-50fbaf29f4e3	12	116125642	116125655	2	-1.1632
ed56fd85-f1e6-4144-80e1-50fbaf29f4e3	12	116130663	125797044	5732	0.3713
ed56fd85-f1e6-4144-80e1-50fbaf29f4e3	12	125797382	128001039	1938	0.3309
ed56fd85-f1e6-4144-80e1-50fbaf29f4e3	12	128001682	131458471	3027	0.2752
ed56fd85-f1e6-4144-80e1-50fbaf29f4e3	12	131460522	133201603	743	0.3426
ed56fd85-f1e6-4144-80e1-50fbaf29f4e3	13	18452809	18825840	80	-0.1402
ed56fd85-f1e6-4144-80e1-50fbaf29f4e3	13	18827938	18831356	6	0.5911
ed56fd85-f1e6-4144-80e1-50fbaf29f4e3	13	18831892	19696813	520	0.1696
ed56fd85-f1e6-4144-80e1-50fbaf29f4e3	13	19699550	23051234	2241	0.2749
ed56fd85-f1e6-4144-80e1-50fbaf29f4e3	13	23051568	23052545	7	-0.6037
ed56fd85-f1e6-4144-80e1-50fbaf29f4e3	13	23055011	23058817	10	0.8788
ed56fd85-f1e6-4144-80e1-50fbaf29f4e3	13	23058865	25228538	1654	0.2826
ed56fd85-f1e6-4144-80e1-50fbaf29f4e3	13	25228675	27489276	1705	0.2064
ed56fd85-f1e6-4144-80e1-50fbaf29f4e3	13	27490553	30473112	2203	0.2855
ed56fd85-f1e6-4144-80e1-50fbaf29f4e3	13	30473580	32121214	1252	0.3749
ed56fd85-f1e6-4144-80e1-50fbaf29f4e3	13	32126407	32366904	284	1.0316
ed56fd85-f1e6-4144-80e1-50fbaf29f4e3	13	32367178	32367536	2	-0.2026
ed56fd85-f1e6-4144-80e1-50fbaf29f4e3	13	32367551	35418534	2009	1.0457
ed56fd85-f1e6-4144-80e1-50fbaf29f4e3	13	35429321	37502130	1512	0.9052
ed56fd85-f1e6-4144-80e1-50fbaf29f4e3	13	37502150	37510184	8	1.6697
ed56fd85-f1e6-4144-80e1-50fbaf29f4e3	13	37510406	38478674	703	0.8925
ed56fd85-f1e6-4144-80e1-50fbaf29f4e3	13	38483435	38483919	2	2.3071
ed56fd85-f1e6-4144-80e1-50fbaf29f4e3	13	38490920	39661236	953	0.8994
ed56fd85-f1e6-4144-80e1-50fbaf29f4e3	13	39663740	40744309	754	0.6652
ed56fd85-f1e6-4144-80e1-50fbaf29f4e3	13	40745017	41694734	505	0.9421
ed56fd85-f1e6-4144-80e1-50fbaf29f4e3	13	41695203	43371499	1267	0.7098
ed56fd85-f1e6-4144-80e1-50fbaf29f4e3	13	43373227	43373440	3	-1.0005
ed56fd85-f1e6-4144-80e1-50fbaf29f4e3	13	43376408	44649735	892	0.7244
ed56fd85-f1e6-4144-80e1-50fbaf29f4e3	13	44653567	45399633	402	0.4681
ed56fd85-f1e6-4144-80e1-50fbaf29f4e3	13	45406537	45660976	148	0.7142
ed56fd85-f1e6-4144-80e1-50fbaf29f4e3	13	45663154	50669770	3269	0.4301
ed56fd85-f1e6-4144-80e1-50fbaf29f4e3	13	50670147	50673074	3	-1.0321
ed56fd85-f1e6-4144-80e1-50fbaf29f4e3	13	50673106	55117802	2586	0.439
ed56fd85-f1e6-4144-80e1-50fbaf29f4e3	13	55117815	57637457	1302	0.3138
ed56fd85-f1e6-4144-80e1-50fbaf29f4e3	13	57640593	65758964	4788	0.2123
ed56fd85-f1e6-4144-80e1-50fbaf29f4e3	13	65761172	65763949	2	-1.4288
ed56fd85-f1e6-4144-80e1-50fbaf29f4e3	13	65767073	66690948	656	0.2228
ed56fd85-f1e6-4144-80e1-50fbaf29f4e3	13	66691903	66792042	100	0.4079
ed56fd85-f1e6-4144-80e1-50fbaf29f4e3	13	66792889	71903417	3217	0.2093
ed56fd85-f1e6-4144-80e1-50fbaf29f4e3	13	71905409	71906418	3	-1.723
ed56fd85-f1e6-4144-80e1-50fbaf29f4e3	13	71906467	74499304	1952	0.2233
ed56fd85-f1e6-4144-80e1-50fbaf29f4e3	13	74500472	74504862	2	-1.7993
ed56fd85-f1e6-4144-80e1-50fbaf29f4e3	13	74506371	103592763	19261	0.2161
ed56fd85-f1e6-4144-80e1-50fbaf29f4e3	13	103592802	114342922	7866	0.2764
ed56fd85-f1e6-4144-80e1-50fbaf29f4e3	14	18239283	19957350	169	-0.2758
ed56fd85-f1e6-4144-80e1-50fbaf29f4e3	14	19957701	23992645	2718	-0.0568
ed56fd85-f1e6-4144-80e1-50fbaf29f4e3	14	23995303	24019682	12	-0.7726
ed56fd85-f1e6-4144-80e1-50fbaf29f4e3	14	24019810	32009074	4801	-0.0941
ed56fd85-f1e6-4144-80e1-50fbaf29f4e3	14	32012188	35035384	2260	0.0482
ed56fd85-f1e6-4144-80e1-50fbaf29f4e3	14	35040397	35041591	5	-0.9212
ed56fd85-f1e6-4144-80e1-50fbaf29f4e3	14	35041612	38481810	2152	0.0306
ed56fd85-f1e6-4144-80e1-50fbaf29f4e3	14	38483797	38575109	42	-0.9644
ed56fd85-f1e6-4144-80e1-50fbaf29f4e3	14	38585376	41285495	1671	0.0379
ed56fd85-f1e6-4144-80e1-50fbaf29f4e3	14	41286163	47688987	3754	-0.1077
ed56fd85-f1e6-4144-80e1-50fbaf29f4e3	14	47690492	73251193	16477	-0.0595
ed56fd85-f1e6-4144-80e1-50fbaf29f4e3	14	73252615	73252747	2	-2.5183
ed56fd85-f1e6-4144-80e1-50fbaf29f4e3	14	73254454	83000519	6377	-0.0593
ed56fd85-f1e6-4144-80e1-50fbaf29f4e3	14	83000839	83375381	260	-0.2422
ed56fd85-f1e6-4144-80e1-50fbaf29f4e3	14	83375674	91502884	5265	-0.1723
ed56fd85-f1e6-4144-80e1-50fbaf29f4e3	14	91506352	93651266	1310	-0.2657
ed56fd85-f1e6-4144-80e1-50fbaf29f4e3	14	93653967	93655424	2	-2.3887
ed56fd85-f1e6-4144-80e1-50fbaf29f4e3	14	93655923	95964427	1890	-0.2799
ed56fd85-f1e6-4144-80e1-50fbaf29f4e3	14	95965020	97239766	875	0.0194
ed56fd85-f1e6-4144-80e1-50fbaf29f4e3	14	97245655	99100386	1688	-0.2024
ed56fd85-f1e6-4144-80e1-50fbaf29f4e3	14	99102302	105406807	3057	-0.1356
ed56fd85-f1e6-4144-80e1-50fbaf29f4e3	14	105410053	106070718	163	-0.2525
ed56fd85-f1e6-4144-80e1-50fbaf29f4e3	14	106117522	106362628	105	-1.0184
ed56fd85-f1e6-4144-80e1-50fbaf29f4e3	14	106364815	106603061	136	-0.0182
ed56fd85-f1e6-4144-80e1-50fbaf29f4e3	14	106610265	106614217	5	-1.3456
ed56fd85-f1e6-4144-80e1-50fbaf29f4e3	14	106620076	106877229	130	-0.1842
ed56fd85-f1e6-4144-80e1-50fbaf29f4e3	15	19811075	19907021	17	-0.0435
ed56fd85-f1e6-4144-80e1-50fbaf29f4e3	15	19914114	19938398	9	-0.8027
ed56fd85-f1e6-4144-80e1-50fbaf29f4e3	15	19947475	20001686	19	-0.0282
ed56fd85-f1e6-4144-80e1-50fbaf29f4e3	15	20011702	20056983	5	-1.7446
ed56fd85-f1e6-4144-80e1-50fbaf29f4e3	15	20059033	20381108	49	-0.2749
ed56fd85-f1e6-4144-80e1-50fbaf29f4e3	15	20381230	20418953	29	0.1862
ed56fd85-f1e6-4144-80e1-50fbaf29f4e3	15	20421755	20625279	9	-0.5415
ed56fd85-f1e6-4144-80e1-50fbaf29f4e3	15	20642631	21085447	29	0.5142
ed56fd85-f1e6-4144-80e1-50fbaf29f4e3	15	21096887	22413894	43	-0.0264
ed56fd85-f1e6-4144-80e1-50fbaf29f4e3	15	22455811	76599170	33615	-0.3224
ed56fd85-f1e6-4144-80e1-50fbaf29f4e3	15	76599286	76603434	20	0.7964
ed56fd85-f1e6-4144-80e1-50fbaf29f4e3	15	76609838	79639934	1795	-0.3375
ed56fd85-f1e6-4144-80e1-50fbaf29f4e3	15	79641415	101928837	15799	0.0472
ed56fd85-f1e6-4144-80e1-50fbaf29f4e3	16	10777	5557889	2619	0.1813
ed56fd85-f1e6-4144-80e1-50fbaf29f4e3	16	5558088	5558150	2	-2.0652
ed56fd85-f1e6-4144-80e1-50fbaf29f4e3	16	5558336	7681449	2646	0.1332
ed56fd85-f1e6-4144-80e1-50fbaf29f4e3	16	7683807	8077967	429	0.5928
ed56fd85-f1e6-4144-80e1-50fbaf29f4e3	16	8078056	8081711	4	1.4191
ed56fd85-f1e6-4144-80e1-50fbaf29f4e3	16	8081938	8263047	174	0.6154
ed56fd85-f1e6-4144-80e1-50fbaf29f4e3	16	8266114	8324173	68	0.4582
ed56fd85-f1e6-4144-80e1-50fbaf29f4e3	16	8324535	16666829	5836	0.2032
ed56fd85-f1e6-4144-80e1-50fbaf29f4e3	16	16692214	16743769	4	-1.5356
ed56fd85-f1e6-4144-80e1-50fbaf29f4e3	16	16761504	19933041	1675	0.1441
ed56fd85-f1e6-4144-80e1-50fbaf29f4e3	16	19934328	19956040	29	-3.1291
ed56fd85-f1e6-4144-80e1-50fbaf29f4e3	16	19958932	35237093	6670	0.1873
ed56fd85-f1e6-4144-80e1-50fbaf29f4e3	16	35237121	35522700	164	0.7287
ed56fd85-f1e6-4144-80e1-50fbaf29f4e3	16	35526596	50934316	2734	0.2101
ed56fd85-f1e6-4144-80e1-50fbaf29f4e3	16	50936511	55198100	3348	-0.117
ed56fd85-f1e6-4144-80e1-50fbaf29f4e3	16	55202638	55204452	2	-1.9057
ed56fd85-f1e6-4144-80e1-50fbaf29f4e3	16	55204896	55762682	510	-0.1232
ed56fd85-f1e6-4144-80e1-50fbaf29f4e3	16	55764310	55764867	3	2.3701
ed56fd85-f1e6-4144-80e1-50fbaf29f4e3	16	55770436	78350868	14288	-0.1209
ed56fd85-f1e6-4144-80e1-50fbaf29f4e3	16	78351104	90096867	10582	-0.1629
ed56fd85-f1e6-4144-80e1-50fbaf29f4e3	17	150733	10954126	6352	-0.1922
ed56fd85-f1e6-4144-80e1-50fbaf29f4e3	17	10957786	10959082	2	-2.0805
ed56fd85-f1e6-4144-80e1-50fbaf29f4e3	17	10959236	14617449	2849	-0.18
ed56fd85-f1e6-4144-80e1-50fbaf29f4e3	17	14617587	15860066	834	-0.2822
ed56fd85-f1e6-4144-80e1-50fbaf29f4e3	17	15860345	16898279	438	-0.1485
ed56fd85-f1e6-4144-80e1-50fbaf29f4e3	17	16900465	16901278	5	0.4304
ed56fd85-f1e6-4144-80e1-50fbaf29f4e3	17	16901408	17359473	277	-0.0217
ed56fd85-f1e6-4144-80e1-50fbaf29f4e3	17	17365471	17730618	238	0.1579
ed56fd85-f1e6-4144-80e1-50fbaf29f4e3	17	17734636	18301976	282	-0.6917
ed56fd85-f1e6-4144-80e1-50fbaf29f4e3	17	18305020	18309300	2	-1.8665
ed56fd85-f1e6-4144-80e1-50fbaf29f4e3	17	18310830	18332560	21	-0.7762
ed56fd85-f1e6-4144-80e1-50fbaf29f4e3	17	18333147	18370635	18	-0.1095
ed56fd85-f1e6-4144-80e1-50fbaf29f4e3	17	18370724	18455635	42	-0.4929
ed56fd85-f1e6-4144-80e1-50fbaf29f4e3	17	18458372	18550123	22	-0.9074
ed56fd85-f1e6-4144-80e1-50fbaf29f4e3	17	18561272	19559128	341	-0.0291
ed56fd85-f1e6-4144-80e1-50fbaf29f4e3	17	19560030	20420322	447	-0.6098
ed56fd85-f1e6-4144-80e1-50fbaf29f4e3	17	20426761	20559423	18	0.1702
ed56fd85-f1e6-4144-80e1-50fbaf29f4e3	17	20559861	26975284	682	0.3065
ed56fd85-f1e6-4144-80e1-50fbaf29f4e3	17	26982437	27671965	365	0.6391
ed56fd85-f1e6-4144-80e1-50fbaf29f4e3	17	27674747	27766289	57	0.236
ed56fd85-f1e6-4144-80e1-50fbaf29f4e3	17	27766307	27876799	76	0.5032
ed56fd85-f1e6-4144-80e1-50fbaf29f4e3	17	27880781	27985058	69	0.1268
ed56fd85-f1e6-4144-80e1-50fbaf29f4e3	17	27987200	28293068	139	0.4807
ed56fd85-f1e6-4144-80e1-50fbaf29f4e3	17	28293951	28416775	42	0.7222
ed56fd85-f1e6-4144-80e1-50fbaf29f4e3	17	28422995	28432554	8	0.2598
ed56fd85-f1e6-4144-80e1-50fbaf29f4e3	17	28436794	28452035	9	0.8873
ed56fd85-f1e6-4144-80e1-50fbaf29f4e3	17	28454323	28455301	2	-2.3462
ed56fd85-f1e6-4144-80e1-50fbaf29f4e3	17	28462253	28656909	82	0.4284
ed56fd85-f1e6-4144-80e1-50fbaf29f4e3	17	28658231	28843768	63	0.8419
ed56fd85-f1e6-4144-80e1-50fbaf29f4e3	17	28855905	29042597	101	0.4192
ed56fd85-f1e6-4144-80e1-50fbaf29f4e3	17	29049573	42428350	7599	0.0799
ed56fd85-f1e6-4144-80e1-50fbaf29f4e3	17	42431923	42732954	113	0.3653
ed56fd85-f1e6-4144-80e1-50fbaf29f4e3	17	42740111	46076156	1692	0.0589
ed56fd85-f1e6-4144-80e1-50fbaf29f4e3	17	46078715	46717868	153	0.3144
ed56fd85-f1e6-4144-80e1-50fbaf29f4e3	17	46717906	53640545	4050	0.0977
ed56fd85-f1e6-4144-80e1-50fbaf29f4e3	17	53649631	53649820	2	-2.5491
ed56fd85-f1e6-4144-80e1-50fbaf29f4e3	17	53651183	74538736	13171	0.093
ed56fd85-f1e6-4144-80e1-50fbaf29f4e3	17	74538828	74716223	129	-0.1271
ed56fd85-f1e6-4144-80e1-50fbaf29f4e3	17	74716250	75735060	453	0.0735
ed56fd85-f1e6-4144-80e1-50fbaf29f4e3	17	75754778	75755017	2	-3.5071
ed56fd85-f1e6-4144-80e1-50fbaf29f4e3	17	75761306	80928180	2941	0.0591
ed56fd85-f1e6-4144-80e1-50fbaf29f4e3	17	80928652	83082750	776	0.1719
ed56fd85-f1e6-4144-80e1-50fbaf29f4e3	17	83083928	83091923	4	-0.2767
ed56fd85-f1e6-4144-80e1-50fbaf29f4e3	18	48133	92133	8	-0.311
ed56fd85-f1e6-4144-80e1-50fbaf29f4e3	18	97829	501925	321	0.147
ed56fd85-f1e6-4144-80e1-50fbaf29f4e3	18	504078	518222	6	-0.9104
ed56fd85-f1e6-4144-80e1-50fbaf29f4e3	18	521947	1489290	675	0.2065
ed56fd85-f1e6-4144-80e1-50fbaf29f4e3	18	1490071	5961068	3209	0.1201
ed56fd85-f1e6-4144-80e1-50fbaf29f4e3	18	5962015	6108144	136	-0.0643
ed56fd85-f1e6-4144-80e1-50fbaf29f4e3	18	6108664	9881023	2852	0.1069
ed56fd85-f1e6-4144-80e1-50fbaf29f4e3	18	9881097	13895250	2688	0.1579
ed56fd85-f1e6-4144-80e1-50fbaf29f4e3	18	13908503	15402409	503	0.0447
ed56fd85-f1e6-4144-80e1-50fbaf29f4e3	18	20949392	23293388	1177	0.2367
ed56fd85-f1e6-4144-80e1-50fbaf29f4e3	18	23295404	26033121	1840	0.1614
ed56fd85-f1e6-4144-80e1-50fbaf29f4e3	18	26039213	37516505	7281	-0.3573
ed56fd85-f1e6-4144-80e1-50fbaf29f4e3	18	37516725	37804352	208	-0.0261
ed56fd85-f1e6-4144-80e1-50fbaf29f4e3	18	37804593	40678106	1844	-0.365
ed56fd85-f1e6-4144-80e1-50fbaf29f4e3	18	40678118	40689534	35	0.0874
ed56fd85-f1e6-4144-80e1-50fbaf29f4e3	18	40689848	42476604	1210	-0.3805
ed56fd85-f1e6-4144-80e1-50fbaf29f4e3	18	42476636	42476974	8	-0.7607
ed56fd85-f1e6-4144-80e1-50fbaf29f4e3	18	42476989	42477802	16	-1.2221
ed56fd85-f1e6-4144-80e1-50fbaf29f4e3	18	42478430	47702373	3296	-0.3594
ed56fd85-f1e6-4144-80e1-50fbaf29f4e3	18	47704358	47820752	76	0.1905
ed56fd85-f1e6-4144-80e1-50fbaf29f4e3	18	47820784	47886680	111	-0.2668
ed56fd85-f1e6-4144-80e1-50fbaf29f4e3	18	47886736	65532329	12349	-0.3398
ed56fd85-f1e6-4144-80e1-50fbaf29f4e3	18	65532714	66239629	538	-0.2544
ed56fd85-f1e6-4144-80e1-50fbaf29f4e3	18	66240197	66244124	9	-1.2398
ed56fd85-f1e6-4144-80e1-50fbaf29f4e3	18	66244352	73676866	5474	-0.3189
ed56fd85-f1e6-4144-80e1-50fbaf29f4e3	18	73676898	80257174	4765	-0.3861
ed56fd85-f1e6-4144-80e1-50fbaf29f4e3	19	90910	24400510	11128	-0.3214
ed56fd85-f1e6-4144-80e1-50fbaf29f4e3	19	24413948	27933896	202	0.123
ed56fd85-f1e6-4144-80e1-50fbaf29f4e3	19	27933961	42711176	9028	0.2773
ed56fd85-f1e6-4144-80e1-50fbaf29f4e3	19	42712819	43212089	211	0.1602
ed56fd85-f1e6-4144-80e1-50fbaf29f4e3	19	43217400	51846801	4317	0.3665
ed56fd85-f1e6-4144-80e1-50fbaf29f4e3	19	51846997	58586487	4186	0.2876
ed56fd85-f1e6-4144-80e1-50fbaf29f4e3	20	80664	80907	8	0.2569
ed56fd85-f1e6-4144-80e1-50fbaf29f4e3	20	80941	368662	208	0.6658
ed56fd85-f1e6-4144-80e1-50fbaf29f4e3	20	371020	404408	22	0.2478
ed56fd85-f1e6-4144-80e1-50fbaf29f4e3	20	410381	1178751	627	0.0669
ed56fd85-f1e6-4144-80e1-50fbaf29f4e3	20	1178828	1182157	6	-0.8195
ed56fd85-f1e6-4144-80e1-50fbaf29f4e3	20	1183662	1580156	328	0.0619
ed56fd85-f1e6-4144-80e1-50fbaf29f4e3	20	1580276	1617300	45	-0.4198
ed56fd85-f1e6-4144-80e1-50fbaf29f4e3	20	1617460	14436713	9656	0.0713
ed56fd85-f1e6-4144-80e1-50fbaf29f4e3	20	14448057	14461825	6	-1.0343
ed56fd85-f1e6-4144-80e1-50fbaf29f4e3	20	14462442	14960041	420	0.052
ed56fd85-f1e6-4144-80e1-50fbaf29f4e3	20	14960809	15539699	500	-0.0648
ed56fd85-f1e6-4144-80e1-50fbaf29f4e3	20	15540132	20857041	4524	0.0694
ed56fd85-f1e6-4144-80e1-50fbaf29f4e3	20	20858733	21679671	497	0.2766
ed56fd85-f1e6-4144-80e1-50fbaf29f4e3	20	21681879	21989391	189	0.5082
ed56fd85-f1e6-4144-80e1-50fbaf29f4e3	20	21989721	22690510	533	0.2782
ed56fd85-f1e6-4144-80e1-50fbaf29f4e3	20	22691455	31301965	2498	0.1523
ed56fd85-f1e6-4144-80e1-50fbaf29f4e3	20	31301980	31930419	291	0.7501
ed56fd85-f1e6-4144-80e1-50fbaf29f4e3	20	31934129	32143235	96	1.0637
ed56fd85-f1e6-4144-80e1-50fbaf29f4e3	20	32143520	34307990	1110	0.7019
ed56fd85-f1e6-4144-80e1-50fbaf29f4e3	20	34313568	42469996	5048	0.1549
ed56fd85-f1e6-4144-80e1-50fbaf29f4e3	20	42470971	42474371	5	-1.0217
ed56fd85-f1e6-4144-80e1-50fbaf29f4e3	20	42474422	42553445	76	0.1756
ed56fd85-f1e6-4144-80e1-50fbaf29f4e3	20	42556498	42670416	143	0.0008
ed56fd85-f1e6-4144-80e1-50fbaf29f4e3	20	42671051	46689047	2742	0.1699
ed56fd85-f1e6-4144-80e1-50fbaf29f4e3	20	46690728	46900787	146	0.7199
ed56fd85-f1e6-4144-80e1-50fbaf29f4e3	20	46904844	53364986	4633	0.1476
ed56fd85-f1e6-4144-80e1-50fbaf29f4e3	20	53369904	54065342	566	0.6827
ed56fd85-f1e6-4144-80e1-50fbaf29f4e3	20	54065374	54065389	2	-0.8229
ed56fd85-f1e6-4144-80e1-50fbaf29f4e3	20	54065719	59756228	4522	0.6858
ed56fd85-f1e6-4144-80e1-50fbaf29f4e3	20	59757235	63111631	2419	0.1168
ed56fd85-f1e6-4144-80e1-50fbaf29f4e3	20	63112503	63112931	3	-1.7622
ed56fd85-f1e6-4144-80e1-50fbaf29f4e3	20	63113370	64324800	460	0.0894
ed56fd85-f1e6-4144-80e1-50fbaf29f4e3	21	10354168	10643703	82	-0.2569
ed56fd85-f1e6-4144-80e1-50fbaf29f4e3	21	10646516	39907184	19341	0.0587
ed56fd85-f1e6-4144-80e1-50fbaf29f4e3	21	39907198	39909539	2	-2.4227
ed56fd85-f1e6-4144-80e1-50fbaf29f4e3	21	39910843	43284963	2680	0.0522
ed56fd85-f1e6-4144-80e1-50fbaf29f4e3	21	43287476	43368382	54	-0.2387
ed56fd85-f1e6-4144-80e1-50fbaf29f4e3	21	43369222	46560657	1572	0.0076
ed56fd85-f1e6-4144-80e1-50fbaf29f4e3	21	46560820	46569891	20	-0.4666
ed56fd85-f1e6-4144-80e1-50fbaf29f4e3	21	46570095	46677045	91	-0.0004
ed56fd85-f1e6-4144-80e1-50fbaf29f4e3	22	15294547	19734465	1625	-0.0807
ed56fd85-f1e6-4144-80e1-50fbaf29f4e3	22	19744630	19796947	40	1.5399
ed56fd85-f1e6-4144-80e1-50fbaf29f4e3	22	19797020	20490853	444	1.3244
ed56fd85-f1e6-4144-80e1-50fbaf29f4e3	22	20510653	20791177	273	1.697
ed56fd85-f1e6-4144-80e1-50fbaf29f4e3	22	20792230	20935452	140	2.1151
ed56fd85-f1e6-4144-80e1-50fbaf29f4e3	22	20935817	20936049	4	0.7353
ed56fd85-f1e6-4144-80e1-50fbaf29f4e3	22	20936191	21111204	175	2.269
ed56fd85-f1e6-4144-80e1-50fbaf29f4e3	22	21111341	21491066	19	1.5463
ed56fd85-f1e6-4144-80e1-50fbaf29f4e3	22	21562864	22084887	362	-0.1365
ed56fd85-f1e6-4144-80e1-50fbaf29f4e3	22	22086088	22168878	144	0.0488
ed56fd85-f1e6-4144-80e1-50fbaf29f4e3	22	22170254	22398127	229	-0.2277
ed56fd85-f1e6-4144-80e1-50fbaf29f4e3	22	22398345	22398545	4	-1.7009
ed56fd85-f1e6-4144-80e1-50fbaf29f4e3	22	22402989	25340711	1804	-0.0856
ed56fd85-f1e6-4144-80e1-50fbaf29f4e3	22	25349934	25361413	33	-0.442
ed56fd85-f1e6-4144-80e1-50fbaf29f4e3	22	25362823	29566581	3484	-0.0612
ed56fd85-f1e6-4144-80e1-50fbaf29f4e3	22	29568127	39815603	6845	0.054
ed56fd85-f1e6-4144-80e1-50fbaf29f4e3	22	39822758	47669396	5199	0.0108
ed56fd85-f1e6-4144-80e1-50fbaf29f4e3	22	47669597	49006126	1281	-0.049
ed56fd85-f1e6-4144-80e1-50fbaf29f4e3	22	49008890	49359859	378	-0.21
ed56fd85-f1e6-4144-80e1-50fbaf29f4e3	22	49360738	50796027	747	-0.0738
ed56fd85-f1e6-4144-80e1-50fbaf29f4e3	X	251810	3152658	359	0.0123
ed56fd85-f1e6-4144-80e1-50fbaf29f4e3	X	3155630	13434331	7713	-0.0468
ed56fd85-f1e6-4144-80e1-50fbaf29f4e3	X	13436108	25513355	7375	-0.0093
ed56fd85-f1e6-4144-80e1-50fbaf29f4e3	X	25513373	42124942	10393	-0.0523
ed56fd85-f1e6-4144-80e1-50fbaf29f4e3	X	42125599	56352992	6573	0.0538
ed56fd85-f1e6-4144-80e1-50fbaf29f4e3	X	56353194	56392142	15	-0.4392
ed56fd85-f1e6-4144-80e1-50fbaf29f4e3	X	56392586	58256784	888	0.0404
ed56fd85-f1e6-4144-80e1-50fbaf29f4e3	X	58259304	58259796	2	-1.5301
ed56fd85-f1e6-4144-80e1-50fbaf29f4e3	X	58260664	76912007	6338	0.0444
ed56fd85-f1e6-4144-80e1-50fbaf29f4e3	X	76915230	76930643	31	-0.597
ed56fd85-f1e6-4144-80e1-50fbaf29f4e3	X	76930735	81123992	1904	0.0005
ed56fd85-f1e6-4144-80e1-50fbaf29f4e3	X	81125125	82224355	573	0.2095
ed56fd85-f1e6-4144-80e1-50fbaf29f4e3	X	82225193	83660794	692	0.0022
ed56fd85-f1e6-4144-80e1-50fbaf29f4e3	X	83666751	83666915	2	-1.4214
ed56fd85-f1e6-4144-80e1-50fbaf29f4e3	X	83672729	84678546	520	0.0355
ed56fd85-f1e6-4144-80e1-50fbaf29f4e3	X	84679981	84680172	2	-1.5908
ed56fd85-f1e6-4144-80e1-50fbaf29f4e3	X	84680995	90467387	3366	0.0185
ed56fd85-f1e6-4144-80e1-50fbaf29f4e3	X	90467783	91725643	492	0.7183
ed56fd85-f1e6-4144-80e1-50fbaf29f4e3	X	91725708	92040487	90	1.0671
ed56fd85-f1e6-4144-80e1-50fbaf29f4e3	X	92042274	92262571	130	1.3536
ed56fd85-f1e6-4144-80e1-50fbaf29f4e3	X	92265239	92620334	116	1.0686
ed56fd85-f1e6-4144-80e1-50fbaf29f4e3	X	92624860	93202435	224	1.4832
ed56fd85-f1e6-4144-80e1-50fbaf29f4e3	X	93206300	109991713	9010	0.032
ed56fd85-f1e6-4144-80e1-50fbaf29f4e3	X	109992979	132110656	12709	-0.172
ed56fd85-f1e6-4144-80e1-50fbaf29f4e3	X	132112329	132192741	43	0.0097
ed56fd85-f1e6-4144-80e1-50fbaf29f4e3	X	132192989	132623537	202	0.2631
ed56fd85-f1e6-4144-80e1-50fbaf29f4e3	X	132623707	135600175	1481	0.4188
ed56fd85-f1e6-4144-80e1-50fbaf29f4e3	X	135606029	135666603	45	0.3033
ed56fd85-f1e6-4144-80e1-50fbaf29f4e3	X	135668591	140920281	3166	0.0438
ed56fd85-f1e6-4144-80e1-50fbaf29f4e3	X	140923598	140942921	19	-0.4337
ed56fd85-f1e6-4144-80e1-50fbaf29f4e3	X	140943008	142475554	955	0.0686
ed56fd85-f1e6-4144-80e1-50fbaf29f4e3	X	142476151	143201024	521	-0.1229
ed56fd85-f1e6-4144-80e1-50fbaf29f4e3	X	143201530	148612328	3723	0.045
ed56fd85-f1e6-4144-80e1-50fbaf29f4e3	X	148612488	150191171	916	0.2761
ed56fd85-f1e6-4144-80e1-50fbaf29f4e3	X	150191584	152919708	1754	0.4417
ed56fd85-f1e6-4144-80e1-50fbaf29f4e3	X	152920159	152938037	13	-0.2036
ed56fd85-f1e6-4144-80e1-50fbaf29f4e3	X	152938777	155952689	1226	0.4344
ed56fd85-f1e6-4144-80e1-50fbaf29f4e3	Y	2782397	3501790	222	-3.0238
ed56fd85-f1e6-4144-80e1-50fbaf29f4e3	Y	3502788	6233384	562	-2.5236
ed56fd85-f1e6-4144-80e1-50fbaf29f4e3	Y	6249869	13478396	2481	-3.1112
ed56fd85-f1e6-4144-80e1-50fbaf29f4e3	Y	13478462	13482643	3	-7.8018
ed56fd85-f1e6-4144-80e1-50fbaf29f4e3	Y	13483009	17058562	1755	-3.0681
ed56fd85-f1e6-4144-80e1-50fbaf29f4e3	Y	17067455	17067660	3	-7.6945
ed56fd85-f1e6-4144-80e1-50fbaf29f4e3	Y	17070391	56872112	1614	-3.1019
